food_code,food_name,food_group,scientific_name,energy_kcal,energy_kJ,protein_g,fat_g,carbohydrate_g,fiber_g,calcium_mg,iron_mg,vitamin_c_mg,region,diet_type,meal_type,preparation_method,serving_size_g,is_recipe,source,data_quality_flag
IFCT0001,"Rice, raw, milled",Cereals and Millets,,,1448,6.8,0.5,78.2,0.2,10,0.7,,Pan India,Vegetarian,Breakfast,Baked,,0,ICMR_IFCT2017,OK
IFCT0002,"Rice, cooked",Cereals and Millets,,130,544,2.7,0.3,28.2,,3,0.2,0,Pan India,non-vegetarian,Snack,Baked,100,0,INDB_2024,OK
IFCT0003,"Wheat flour, whole",Cereals and Millets,Scientific_2,341,1427,11.8,1.5,69.4,1.9,41,4.9,0,North India,Vegetarian,Beverage,Cooked,150,0,Kaggle_IndianFood,OK
IFCT0004,"Wheat flour, refined",Cereals and Millets,Scientific_3,348,1456,10.3,0.9,73.9,0.3,23,2.7,0,North India,Vegetarian,snack,,,0,ICMR_IFCT2017,OK
IFCT0005,Bajra (Pearl millet),Cereals and Millets,,363,1519,11.6,5.0,67.5,1.2,42,8.0,0,West India,Vegetarian,Main Course,Cooked,150,0,Kaggle_IndianNutrition,Region_Unverified
IFCT0006,Jowar (Sorghum),Cereals and Millets,Scientific_5,349,,10.4,1.9,72.6,1.6,25,,0,Unknown,Vegetarian,Main Course,Fried,,0,Kaggle_IndianFood,OK
IFCT0007,Ragi (Finger millet),Cereals and Millets,Scientific_6,328,1373,7.3,1.5,66.8,3.6,344,3.9,0,South India,Vegetarian,Main Course,Boiled,N/A,0,INDB_2024,OK
IFCT0008,Maize flour,Cereals and Millets,Scientific_7,355,1485,8.7,3.6,70.0,2.7,9,2.3,,Pan India,Vegetarian,Main Course,N/A,N/A,0,Kaggle_IndianFood,OK
IFCT0009,Oats,Cereals and Millets,,389,1628,16.9,6.9,66.3,,54,4.7,0,North India,Vegetarian,Breakfast,Cooked,100,0,ICMR_IFCT2017,OK
IFCT0010,Semolina (Rava),Cereals and Millets,,,1506,10.0,1.0,74.0,,16,4.7,0,Pan India,Veg,breakfast,Steamed,,0,Kaggle_IndianFood,OK
IFCT0011,"Toor dal, raw",Pulses and Legumes,,335,,22.3,1.7,57.6,4.2,73,5.6,0,Pan India,Vegetarian,Dessert,Baked,100,0,INDB_2024,OK
IFCT0012,"Moong dal, raw",Pulses and Legumes,,334,,24.0,1.3,59.9,4.1,75,6.7,7,Pan India,Vegetarian,,,,0,INDB_2024,OK
IFCT0013,"Chana dal, raw",Pulses and Legumes,Scientific_12,372,1556,20.8,5.6,59.8,,56,4.9,1,North India,Vegetarian,breakfast,Cooked,100,0,Kaggle_IndianFood,Region_Unverified
IFCT0014,Rajma (Kidney beans),Pulses and Legumes,,346,1448,22.9,1.5,60.6,6.4,260,7.0,4,North India,Vegetarian,Any,N/A,N/A,0,ICMR_IFCT2017,OK
IFCT0015,Kabuli chana,Pulses and Legumes,,360,,20.1,5.3,60.9,7.6,202,4.9,3,North India,Vegetarian,Breakfast,Grilled,N/A,0,Kaggle_IndianNutrition,Region_Unverified
IFCT0016,"Urad dal, raw",Pulses and Legumes,Scientific_15,,1428,25.1,1.4,59.0,1.8,154,4.5,0,South India,Vegetarian,Main Course,Grilled,N/A,0,Kaggle_IndianNutrition,OK
IFCT0017,"Masoor dal, raw",Pulses and Legumes,,343,1435,25.1,0.9,59.0,3.5,68,7.6,1,Southern,Vegetarian,lunch,Grilled,100,0,Kaggle_IndianFood,Missing_Energy
IFCT0018,"Soybean, raw",Pulses and Legumes,,432,1808,36.5,19.9,30.2,9.3,240,,,West India,Vegetarian,Any,Boiled,150,0,Kaggle_IndianFood,OK
IFCT0019,Cowpea (Black-eyed pea),Pulses and Legumes,,323,1351,23.4,1.8,54.5,,227,8.6,1,South India,Vegetarian,Lunch,Roasted,200,0,ICMR_IFCT2017,OK
IFCT0020,"Peanut, raw",Nuts and Oilseeds,Scientific_19,567,,25.8,49.2,16.1,8.5,92,4.6,0,West India,Non-Vegetarian,Dinner,Cooked,,0,INDB_2024,Missing_Energy
IFCT0021,"Potato, raw",Vegetables,Scientific_20,77,322,1.9,0.1,17.8,1.8,11,0.7,13,Pan India,Vegetarian,lunch,Cooked,150,0,Kaggle_IndianFood,OK
IFCT0022,"Tomato, raw",Vegetables,,,75,0.9,0.2,3.9,1.2,13,,27,Pan India,Vegetarian,Dessert,Roasted,100,0,Kaggle_IndianFood,Missing_Energy
IFCT0023,"Onion, raw",Vegetables,,40,167,1.1,0.1,9.3,1.7,23,0.4,7,Pan India,Vegetarian,lunch,Cooked,200,0,ICMR_IFCT2017,OK
IFCT0024,"Spinach (Palak), raw",Vegetables,Scientific_23,,96,2.0,0.3,3.5,,99,1.8,28,Pan India,Vegetarian,breakfast,Fried,200,0,ICMR_IFCT2017,OK
IFCT0025,"Cauliflower, raw",Vegetables,,25,105,1.9,0.4,4.9,2.5,22,0.4,,Western,Non-Veg,Breakfast,Steamed,200,0,Kaggle_IndianNutrition,OK
IFCT0026,Brinjal (Eggplant),Vegetables,,25,105,1.4,0.3,5.5,3.4,18,0.3,2,Pan India,Vegetarian,lunch,Steamed,100,0,Kaggle_IndianFood,Missing_Energy
IFCT0027,Okra (Bhindi),Vegetables,Scientific_26,33,138,2.1,0.2,7.0,2.5,82,0.8,21,Pan India,non-vegetarian,,Fried,150,0,Kaggle_IndianFood,OK
IFCT0028,Bitter gourd (Karela),Vegetables,Scientific_27,17,,1.0,0.2,3.4,2.8,20,0.6,84,Pan India,Vegetarian,snack,,,0,ICMR_IFCT2017,OK
IFCT0029,Fenugreek leaves (Methi),Vegetables,Scientific_28,49,205,4.4,0.9,6.0,1.1,,1.9,52,North India,Vegetarian,Dessert,Boiled,150,0,Kaggle_IndianFood,Region_Unverified
IFCT0030,Bottle gourd (Lauki),Vegetables,,14,59,0.6,0.1,3.4,0.5,26,0.5,10,Pan India,Vegetarian,Beverage,Fried,150,0,Kaggle_IndianFood,OK
IFCT0031,"Coconut, fresh",Nuts and Oilseeds,Scientific_30,354,1482,3.3,33.5,15.2,9.0,14,1.9,3,South India,Vegetarian,Lunch,,200,0,INDB_2024,OK
IFCT0032,"Mango, ripe (Alphonso)",Fruits,Scientific_31,70,293,0.6,0.4,17.0,1.6,10,0.3,36,West India,Vegetarian,Lunch,N/A,N/A,0,Kaggle_IndianNutrition,Missing_Energy
IFCT0033,Banana (Cavendish),Fruits,Scientific_32,89,372,1.1,0.3,23.0,2.6,5,0.3,8,South India,Vegetarian,Dinner,,100,0,ICMR_IFCT2017,Region_Unverified
IFCT0034,"Papaya, ripe",Fruits,,43,180,0.5,0.1,10.8,1.7,20,0.1,62,South India,Vegetarian,snack,Fried,,0,Kaggle_IndianNutrition,OK
IFCT0035,Guava,Fruits,,68,285,2.6,1.0,14.3,5.4,18,,228,Maharashtra,Vegetarian,Snack,Baked,N/A,0,ICMR_IFCT2017,Missing_Energy
IFCT0036,Amla (Indian gooseberry),Fruits,,44,184,0.9,0.6,10.2,4.3,50,1.2,600,Western,Vegetarian,breakfast,Roasted,150,0,Kaggle_IndianFood,OK
IFCT0037,Watermelon,Fruits,,30,125,0.6,0.2,7.6,0.4,7,,8,Pan India,Vegetarian,Breakfast,,200,0,INDB_2024,OK
IFCT0038,Pomegranate,Fruits,,83,347,1.7,1.2,18.7,4.0,,0.3,10,West India,Vegetarian,breakfast,,,0,Kaggle_IndianFood,OK
IFCT0039,Pomegranate,Fruits,,83,347,1.7,1.2,18.7,4.0,10,0.3,10,West India,Vegetarian,Main Course,Fried,,0,Kaggle_IndianNutrition,Region_Unverified
IFCT0040,Pomegranate,Fruits,,83,347,1.7,1.2,18.7,4.0,10,0.3,10,West India,Vegetarian,Dessert,N/A,100,0,Kaggle_IndianNutrition,Missing_Energy
IFCT0041,Pomegranate,Fruits,Scientific_40,83,347,1.7,1.2,18.7,4.0,10,0.3,10,West India,Vegetarian,Any,Cooked,N/A,0,ICMR_IFCT2017,Region_Unverified
IFCT0042,Pomegranate,Fruits,,83,347,1.7,1.2,18.7,4.0,10,0.3,10,West India,Vegetarian,breakfast,,100,0,Kaggle_IndianNutrition,OK
IFCT0043,Pomegranate,Fruits,,83,347,1.7,1.2,18.7,,10,0.3,10,Pan India,Vegetarian,Main Course,Fried,150,0,Kaggle_IndianFood,Region_Unverified
IFCT0044,Pomegranate,Fruits,,,347,1.7,1.2,18.7,4.0,,0.3,10,West India,Vegetarian,Main Course,Steamed,200,0,INDB_2024,OK
IFCT0045,Pomegranate,Fruits,,83,347,1.7,1.2,18.7,4.0,10,0.3,10,West India,Vegetarian,Breakfast,N/A,,0,Kaggle_IndianFood,OK
IFCT0046,Pomegranate,Fruits,Scientific_45,83,347,1.7,1.2,18.7,4.0,10,0.3,,West India,Veg,breakfast,Roasted,N/A,0,INDB_2024,Missing_Energy
IFCT0047,Pomegranate,Fruits,,83,347,1.7,1.2,18.7,4.0,10,0.3,,West India,Vegetarian,Snack,Baked,200,0,Kaggle_IndianNutrition,OK
IFCT0048,Pomegranate,Fruits,Scientific_47,83,,1.7,1.2,18.7,4.0,10,0.3,10,West India,Non-Veg,snack,Grilled,200,0,ICMR_IFCT2017,OK
IFCT0049,Pomegranate,Fruits,,83,,1.7,1.2,18.7,4.0,10,0.3,10,West India,Vegetarian,Dessert,Baked,150,0,Kaggle_IndianNutrition,Region_Unverified
IFCT0050,Pomegranate,Fruits,,83,347,1.7,1.2,18.7,4.0,10,0.3,10,West India,Vegetarian,Dessert,Steamed,150,0,Kaggle_IndianNutrition,Missing_Energy
IFCT0051,Pomegranate,Fruits,Scientific_50,83,347,1.7,1.2,18.7,4.0,10,0.3,,North India,Veg,Beverage,Steamed,100,0,ICMR_IFCT2017,OK
IFCT0052,Pomegranate,Fruits,,,347,1.7,1.2,18.7,4.0,10,0.3,10,North,Vegetarian,Snack,Roasted,,0,Kaggle_IndianFood,Region_Unverified
IFCT0053,Pomegranate,Fruits,,83,347,1.7,1.2,18.7,4.0,10,0.3,,West India,Veg,lunch,,,0,INDB_2024,OK
IFCT0054,Pomegranate,Fruits,Scientific_53,83,347,1.7,1.2,18.7,4.0,10,0.3,10,West India,Vegetarian,Snack,Baked,100,0,ICMR_IFCT2017,OK
IFCT0055,Pomegranate,Fruits,,83,347,1.7,1.2,18.7,4.0,10,0.3,10,West India,non-vegetarian,,Roasted,100,0,Kaggle_IndianFood,OK
IFCT0056,Pomegranate,Fruits,,83,347,1.7,1.2,18.7,4.0,10,0.3,10,West India,Vegetarian,Lunch,Steamed,100,0,Kaggle_IndianNutrition,Missing_Energy
IFCT0057,Pomegranate,Fruits,,83,347,1.7,1.2,18.7,4.0,10,0.3,10,West India,Vegetarian,Main Course,,N/A,0,ICMR_IFCT2017,Region_Unverified
IFCT0058,Pomegranate,Fruits,,83,347,1.7,1.2,18.7,4.0,,0.3,10,West India,Vegetarian,Main Course,Grilled,,0,Kaggle_IndianFood,Region_Unverified
IFCT0059,Pomegranate,Fruits,,83,347,1.7,1.2,18.7,4.0,10,0.3,10,West India,Vegetarian,Lunch,Roasted,200,0,Kaggle_IndianNutrition,OK
IFCT0060,Pomegranate,Fruits,Scientific_59,83,347,1.7,1.2,18.7,4.0,10,0.3,10,West India,Vegetarian,Dessert,Steamed,150,0,Kaggle_IndianFood,Region_Unverified
IFCT0061,Pomegranate,Fruits,,83,347,1.7,1.2,18.7,4.0,10,,10,West India,Vegetarian,Snack,N/A,150,0,ICMR_IFCT2017,Missing_Energy
IFCT0062,Pomegranate,Fruits,Scientific_61,83,347,1.7,1.2,18.7,4.0,10,0.3,,West India,Vegetarian,Dessert,,100,0,ICMR_IFCT2017,Missing_Energy
IFCT0063,Pomegranate,Fruits,Scientific_62,83,347,1.7,1.2,18.7,4.0,10,0.3,10,West India,non-vegetarian,snack,Fried,,0,Kaggle_IndianNutrition,Region_Unverified
IFCT0064,Pomegranate,Fruits,Scientific_63,83,347,1.7,1.2,18.7,4.0,10,0.3,10,West India,Vegetarian,Any,Baked,N/A,0,Kaggle_IndianNutrition,OK
IFCT0065,Pomegranate,Fruits,,83,347,1.7,1.2,18.7,4.0,10,0.3,10,West India,Vegetarian,,Raw,N/A,0,ICMR_IFCT2017,Region_Unverified
IFCT0066,Pomegranate,Fruits,Scientific_65,83,347,1.7,1.2,18.7,4.0,10,0.3,10,West India,Vegetarian,Main Course,Baked,N/A,0,Kaggle_IndianFood,OK
IFCT0067,Pomegranate,Fruits,Scientific_66,83,347,1.7,1.2,18.7,4.0,10,0.3,10,West India,Vegetarian,Dessert,Raw,200,0,Kaggle_IndianNutrition,OK
IFCT0068,Pomegranate,Fruits,Scientific_67,83,347,1.7,1.2,18.7,4.0,10,0.3,10,West India,Non-Vegetarian,lunch,Roasted,200,0,Kaggle_IndianNutrition,OK
IFCT0069,Pomegranate,Fruits,Scientific_68,83,347,1.7,1.2,18.7,4.0,10,0.3,10,Northern,Veg,dinner,Steamed,N/A,0,Kaggle_IndianFood,OK
IFCT0070,Pomegranate,Fruits,Scientific_69,83,347,1.7,1.2,18.7,4.0,10,0.3,,West India,Vegetarian,Dinner,Fried,150,0,INDB_2024,OK
IFCT0071,Pomegranate,Fruits,Scientific_70,,347,1.7,1.2,18.7,,10,0.3,10,West India,Veg,Main Course,Baked,200,0,ICMR_IFCT2017,OK
IFCT0072,Pomegranate,Fruits,Scientific_71,83,347,1.7,1.2,18.7,4.0,10,0.3,10,West India,Vegetarian,Breakfast,Fried,100,0,Kaggle_IndianNutrition,OK
IFCT0073,Pomegranate,Fruits,,83,347,1.7,1.2,18.7,4.0,10,0.3,10,West India,Vegetarian,Snack,Boiled,N/A,0,Kaggle_IndianFood,OK
IFCT0074,Pomegranate,Fruits,Scientific_73,83,347,1.7,1.2,18.7,4.0,10,0.3,10,West India,Vegetarian,snack,Cooked,100,0,Kaggle_IndianFood,Region_Unverified
IFCT0075,Pomegranate,Fruits,,,347,1.7,1.2,18.7,4.0,10,0.3,,West India,Vegetarian,breakfast,Fried,,0,ICMR_IFCT2017,OK
IFCT0076,Pomegranate,Fruits,,83,347,1.7,1.2,18.7,4.0,10,0.3,10,West India,Vegetarian,Snack,Grilled,150,0,INDB_2024,OK
IFCT0077,Pomegranate,Fruits,,83,347,1.7,1.2,18.7,4.0,10,0.3,10,East,Vegetarian,snack,Grilled,100,0,INDB_2024,Missing_Energy
IFCT0078,Pomegranate,Fruits,,83,347,1.7,1.2,18.7,4.0,10,0.3,10,West India,Vegetarian,Beverage,Steamed,,0,Kaggle_IndianFood,OK
IFCT0079,Pomegranate,Fruits,Scientific_78,83,347,1.7,1.2,18.7,4.0,10,0.3,10,West India,Vegetarian,,,,0,ICMR_IFCT2017,OK
IFCT0080,Pomegranate,Fruits,Scientific_79,83,347,1.7,1.2,18.7,,,0.3,,West India,Vegetarian,lunch,Fried,200,0,ICMR_IFCT2017,Region_Unverified
IFCT0081,Pomegranate,Fruits,Scientific_80,,347,1.7,1.2,18.7,4.0,10,0.3,10,West India,Vegetarian,lunch,Cooked,200,0,INDB_2024,OK
IFCT0082,Pomegranate,Fruits,,83,347,1.7,1.2,18.7,4.0,10,0.3,10,Unknown,Vegetarian,Beverage,Steamed,N/A,0,INDB_2024,OK
IFCT0083,Pomegranate,Fruits,,83,347,1.7,1.2,18.7,,10,0.3,10,West India,Vegetarian,Dinner,Baked,100,0,Kaggle_IndianFood,OK
INDB0001,Rasam,Composite Dishes,,30,125,1.2,0.8,4.5,,,,,South India,Vegetarian,Beverage,,100,1,INDB_2024,OK
INDB0002,Avial,Composite Dishes,,115,481,2.8,6.5,12.0,3.0,,,,South India,Vegetarian,lunch,,100,1,INDB_2024,OK
INDB0003,Puttu,Composite Dishes,,175,733,3.5,1.2,38.0,1.5,,,,South India,Vegetarian,Main Course,,100,1,INDB_2024,OK
INDB0004,Appam,Composite Dishes,,120,502,2.5,2.8,22.0,0.5,,,,South India,Vegetarian,Beverage,N/A,100,1,INDB_2024,OK
INDB0005,Dhokla,Composite Dishes,,76,318,3.5,1.5,12.0,0.8,,,,West India,Vegetarian,Breakfast,N/A,100,1,INDB_2024,OK
INDB0006,Khandvi,Composite Dishes,,130,544,4.5,4.8,18.0,1.2,,,,West India,Vegetarian,breakfast,Roasted,100,1,INDB_2024,OK
INDB0007,Methi thepla,Composite Dishes,,285,1193,7.5,12.0,38.0,3.0,,,,West India,Vegetarian,Beverage,Boiled,100,1,INDB_2024,OK
INDB0008,Shrikhand,Milk and Milk Products,,220,921,7.0,7.0,33.0,,,,,West India,Vegetarian,Dinner,Cooked,100,0,INDB_2024,OK
INDB0009,Machher jhol,Composite Dishes,,155,649,17.0,9.0,3.0,0.6,,,,East India,Non-Vegetarian,Dessert,Boiled,100,1,INDB_2024,OK
INDB0010,Litti chokha,Composite Dishes,,320,1340,9.0,10.0,50.0,3.5,,,,East India,Vegetarian,Beverage,Fried,100,1,INDB_2024,OK
INDB0011,Sattu (roasted gram flour),Cereals and Millets,,406,1700,22.5,7.0,64.0,1.8,,,,East India,Vegetarian,snack,Grilled,100,0,INDB_2024,OK
INDB0012,"Momos, veg (steamed)",Composite Dishes,,180,753,5.5,5.5,28.0,2.0,,,,East India,Vegetarian,lunch,Steamed,100,1,INDB_2024,OK
INDB0013,Bamboo shoots,Vegetables,,27,113,2.6,0.3,5.2,2.2,,,,East India,Vegetarian,Dinner,Boiled,100,0,INDB_2024,OK
INDB0014,"Jackfruit, raw",Fruits,,95,398,1.7,0.6,23.2,1.5,,,,South India,Vegetarian,Any,Baked,100,0,INDB_2024,OK
INDB0015,"Soya chunks, raw",Pulses and Legumes,,345,1444,52.0,0.5,33.0,13.0,,,,Pan India,Vegetarian,snack,Baked,100,0,INDB_2024,OK
INDB0016,"Tofu, firm",Pulses and Legumes,,76,318,8.0,4.8,1.9,0.3,,,,West India,Vegetarian,Lunch,N/A,100,0,INDB_2024,OK
INDB0017,Sabudana (Tapioca pearls),Cereals and Millets,,351,1469,0.2,0.2,88.7,0.9,,,,West India,Vegetarian,Dinner,Steamed,100,0,INDB_2024,OK
INDB0018,Puri (fried),Composite Dishes,,340,1423,6.5,19.0,38.0,1.5,,,,North India,Vegetarian,breakfast,N/A,100,1,INDB_2024,OK
INDB0019,"Paratha, plain",Composite Dishes,,300,1256,6.0,13.0,40.0,2.0,,,,North India,Vegetarian,Breakfast,,100,1,INDB_2024,OK
INDB0020,Egg curry,Composite Dishes,,165,691,11.0,12.0,4.0,0.8,,,,North India,Egg,Breakfast,Boiled,100,1,INDB_2024,OK
SYN00103,Pomegranate (roasted),Fruits,,88.9,,1.7,1.2,18.7,4.0,10,0.3,10,West India,Vegetarian,Dessert,Baked,150,0,Synthetic_IFCT_schema,Synthetic_Variant
SYN00104,"Chana dal, raw (raw)",Pulses and Legumes,Scientific_12,344.0,1556,20.8,5.6,59.8,,56,4.9,1,North India,Vegetarian,breakfast,Cooked,100,0,Synthetic_IFCT_schema,Synthetic_Variant
SYN00105,Pomegranate (roasted),Fruits,,85.4,347,1.7,1.2,18.7,4.0,10,0.3,10,West India,Vegetarian,Lunch,Steamed,100,0,Synthetic_IFCT_schema,Synthetic_Variant
SYN00106,Amla (Indian gooseberry) (steamed),Fruits,,43.4,184,0.9,0.6,10.2,4.3,50,1.2,600,Western,Vegetarian,breakfast,Roasted,150,0,Synthetic_IFCT_schema,Synthetic_Variant
SYN00107,Pomegranate (raw),Fruits,,77.1,347,1.7,1.2,18.7,4.0,10,0.3,10,West India,Vegetarian,Beverage,Steamed,,0,Synthetic_IFCT_schema,Synthetic_Variant
SYN00108,Pomegranate (boiled),Fruits,,84.9,347,1.7,1.2,18.7,4.0,10,,10,West India,Vegetarian,Snack,N/A,150,0,Synthetic_IFCT_schema,Synthetic_Variant
SYN00109,Methi thepla (boiled),Composite Dishes,,299.2,1193,7.5,12.0,38.0,3.0,,,,West India,Vegetarian,Beverage,Boiled,100,1,Synthetic_IFCT_schema,Synthetic_Variant
SYN00110,Kabuli chana (roasted),Pulses and Legumes,,339.2,,20.1,5.3,60.9,7.6,202,4.9,3,North India,Vegetarian,Breakfast,Grilled,N/A,0,Synthetic_IFCT_schema,Synthetic_Variant
SYN00111,Pomegranate (steamed),Fruits,Scientific_65,83.7,347,1.7,1.2,18.7,4.0,10,0.3,10,West India,Vegetarian,Main Course,Baked,N/A,0,Synthetic_IFCT_schema,Synthetic_Variant
SYN00112,Pomegranate (steamed),Fruits,,87.0,347,1.7,1.2,18.7,4.0,10,0.3,10,West India,Vegetarian,Snack,Boiled,N/A,0,Synthetic_IFCT_schema,Synthetic_Variant
SYN00113,Methi thepla (fried),Composite Dishes,,304.5,1193,7.5,12.0,38.0,3.0,,,,West India,Vegetarian,Beverage,Boiled,100,1,Synthetic_IFCT_schema,Synthetic_Variant
SYN00114,Pomegranate (fried),Fruits,Scientific_79,77.8,347,1.7,1.2,18.7,,,0.3,,West India,Vegetarian,lunch,Fried,200,0,Synthetic_IFCT_schema,Synthetic_Variant
SYN00115,Pomegranate (fried),Fruits,Scientific_45,77.9,347,1.7,1.2,18.7,4.0,10,0.3,,West India,Veg,breakfast,Roasted,N/A,0,Synthetic_IFCT_schema,Synthetic_Variant
SYN00116,Jowar (Sorghum) (steamed),Cereals and Millets,Scientific_5,344.7,,10.4,1.9,72.6,1.6,25,,0,Unknown,Vegetarian,Main Course,Fried,,0,Synthetic_IFCT_schema,Synthetic_Variant
SYN00117,Sattu (roasted gram flour) (steamed),Cereals and Millets,,390.0,1700,22.5,7.0,64.0,1.8,,,,East India,Vegetarian,snack,Grilled,100,0,Synthetic_IFCT_schema,Synthetic_Variant
SYN00118,Pomegranate (boiled),Fruits,Scientific_80,,347,1.7,1.2,18.7,4.0,10,0.3,10,West India,Vegetarian,lunch,Cooked,200,0,Synthetic_IFCT_schema,Synthetic_Variant
SYN00119,Pomegranate (raw),Fruits,Scientific_78,81.9,347,1.7,1.2,18.7,4.0,10,0.3,10,West India,Vegetarian,,,,0,Synthetic_IFCT_schema,Synthetic_Variant
SYN00120,Pomegranate (steamed),Fruits,Scientific_45,86.4,347,1.7,1.2,18.7,4.0,10,0.3,,West India,Veg,breakfast,Roasted,N/A,0,Synthetic_IFCT_schema,Synthetic_Variant
SYN00121,Pomegranate (raw),Fruits,,,347,1.7,1.2,18.7,4.0,,0.3,10,West India,Vegetarian,Main Course,Steamed,200,0,Synthetic_IFCT_schema,Synthetic_Variant
SYN00122,Methi thepla (fried),Composite Dishes,,291.2,1193,7.5,12.0,38.0,3.0,,,,West India,Vegetarian,Beverage,Boiled,100,1,Synthetic_IFCT_schema,Synthetic_Variant
SYN00123,Pomegranate (fried),Fruits,Scientific_66,77.1,347,1.7,1.2,18.7,4.0,10,0.3,10,West India,Vegetarian,Dessert,Raw,200,0,Synthetic_IFCT_schema,Synthetic_Variant
SYN00124,Appam (boiled),Composite Dishes,,127.5,502,2.5,2.8,22.0,0.5,,,,South India,Vegetarian,Beverage,N/A,100,1,Synthetic_IFCT_schema,Synthetic_Variant
SYN00125,"Onion, raw (roasted)",Vegetables,,40.9,167,1.1,0.1,9.3,1.7,23,0.4,7,Pan India,Vegetarian,lunch,Cooked,200,0,Synthetic_IFCT_schema,Synthetic_Variant
SYN00126,Pomegranate (steamed),Fruits,Scientific_62,86.4,347,1.7,1.2,18.7,4.0,10,0.3,10,West India,non-vegetarian,snack,Fried,,0,Synthetic_IFCT_schema,Synthetic_Variant
SYN00127,"Urad dal, raw (roasted)",Pulses and Legumes,Scientific_15,,1428,25.1,1.4,59.0,1.8,154,4.5,0,South India,Vegetarian,Main Course,Grilled,N/A,0,Synthetic_IFCT_schema,Synthetic_Variant
SYN00128,"Wheat flour, whole (raw)",Cereals and Millets,Scientific_2,362.7,1427,11.8,1.5,69.4,1.9,41,4.9,0,North India,Vegetarian,Beverage,Cooked,150,0,Synthetic_IFCT_schema,Synthetic_Variant
SYN00129,Pomegranate (fried),Fruits,,81.6,347,1.7,1.2,18.7,4.0,10,0.3,10,West India,Vegetarian,Dessert,Steamed,150,0,Synthetic_IFCT_schema,Synthetic_Variant
SYN00130,Bottle gourd (Lauki) (boiled),Vegetables,,13.4,59,0.6,0.1,3.4,0.5,26,0.5,10,Pan India,Vegetarian,Beverage,Fried,150,0,Synthetic_IFCT_schema,Synthetic_Variant
SYN00131,Pomegranate (fried),Fruits,,86.8,347,1.7,1.2,18.7,,10,0.3,10,Pan India,Vegetarian,Main Course,Fried,150,0,Synthetic_IFCT_schema,Synthetic_Variant
SYN00132,Pomegranate (raw),Fruits,Scientific_59,81.3,347,1.7,1.2,18.7,4.0,10,0.3,10,West India,Vegetarian,Dessert,Steamed,150,0,Synthetic_IFCT_schema,Synthetic_Variant
SYN00133,Rasam (fried),Composite Dishes,,29.7,125,1.2,0.8,4.5,,,,,South India,Vegetarian,Beverage,,100,1,Synthetic_IFCT_schema,Synthetic_Variant
SYN00134,Pomegranate (roasted),Fruits,,,347,1.7,1.2,18.7,4.0,10,0.3,10,North,Vegetarian,Snack,Roasted,,0,Synthetic_IFCT_schema,Synthetic_Variant
SYN00135,"Urad dal, raw (roasted)",Pulses and Legumes,Scientific_15,,1428,25.1,1.4,59.0,1.8,154,4.5,0,South India,Vegetarian,Main Course,Grilled,N/A,0,Synthetic_IFCT_schema,Synthetic_Variant
SYN00136,Pomegranate (steamed),Fruits,Scientific_62,87.5,347,1.7,1.2,18.7,4.0,10,0.3,10,West India,non-vegetarian,snack,Fried,,0,Synthetic_IFCT_schema,Synthetic_Variant
SYN00137,"Peanut, raw (boiled)",Nuts and Oilseeds,Scientific_19,555.8,,25.8,49.2,16.1,8.5,92,4.6,0,West India,Non-Vegetarian,Dinner,Cooked,,0,Synthetic_IFCT_schema,Synthetic_Variant
SYN00138,Rajma (Kidney beans) (boiled),Pulses and Legumes,,354.4,1448,22.9,1.5,60.6,6.4,260,7.0,4,North India,Vegetarian,Any,N/A,N/A,0,Synthetic_IFCT_schema,Synthetic_Variant
SYN00139,"Spinach (Palak), raw (raw)",Vegetables,Scientific_23,,96,2.0,0.3,3.5,,99,1.8,28,Pan India,Vegetarian,breakfast,Fried,200,0,Synthetic_IFCT_schema,Synthetic_Variant
SYN00140,"Tofu, firm (raw)",Pulses and Legumes,,78.0,318,8.0,4.8,1.9,0.3,,,,West India,Vegetarian,Lunch,N/A,100,0,Synthetic_IFCT_schema,Synthetic_Variant
SYN00141,Watermelon (fried),Fruits,,28.3,125,0.6,0.2,7.6,0.4,7,,8,Pan India,Vegetarian,Breakfast,,200,0,Synthetic_IFCT_schema,Synthetic_Variant
SYN00142,Pomegranate (boiled),Fruits,Scientific_67,88.9,347,1.7,1.2,18.7,4.0,10,0.3,10,West India,Non-Vegetarian,lunch,Roasted,200,0,Synthetic_IFCT_schema,Synthetic_Variant
SYN00143,"Wheat flour, whole (raw)",Cereals and Millets,Scientific_2,335.4,1427,11.8,1.5,69.4,1.9,41,4.9,0,North India,Vegetarian,Beverage,Cooked,150,0,Synthetic_IFCT_schema,Synthetic_Variant
SYN00144,Pomegranate (fried),Fruits,,83.5,347,1.7,1.2,18.7,4.0,10,0.3,10,Unknown,Vegetarian,Beverage,Steamed,N/A,0,Synthetic_IFCT_schema,Synthetic_Variant
SYN00145,Pomegranate (boiled),Fruits,Scientific_50,83.6,347,1.7,1.2,18.7,4.0,10,0.3,,North India,Veg,Beverage,Steamed,100,0,Synthetic_IFCT_schema,Synthetic_Variant
SYN00146,"Mango, ripe (Alphonso) (raw)",Fruits,Scientific_31,74.6,293,0.6,0.4,17.0,1.6,10,0.3,36,West India,Vegetarian,Lunch,N/A,N/A,0,Synthetic_IFCT_schema,Synthetic_Variant
SYN00147,Avial (fried),Composite Dishes,,112.1,481,2.8,6.5,12.0,3.0,,,,South India,Vegetarian,lunch,,100,1,Synthetic_IFCT_schema,Synthetic_Variant
SYN00148,"Coconut, fresh (boiled)",Nuts and Oilseeds,Scientific_30,369.6,1482,3.3,33.5,15.2,9.0,14,1.9,3,South India,Vegetarian,Lunch,,200,0,Synthetic_IFCT_schema,Synthetic_Variant
SYN00149,Pomegranate (fried),Fruits,Scientific_71,78.7,347,1.7,1.2,18.7,4.0,10,0.3,10,West India,Vegetarian,Breakfast,Fried,100,0,Synthetic_IFCT_schema,Synthetic_Variant
SYN00150,Pomegranate (boiled),Fruits,,,347,1.7,1.2,18.7,4.0,10,0.3,,West India,Vegetarian,breakfast,Fried,,0,Synthetic_IFCT_schema,Synthetic_Variant
SYN00151,Pomegranate (fried),Fruits,Scientific_65,82.0,347,1.7,1.2,18.7,4.0,10,0.3,10,West India,Vegetarian,Main Course,Baked,N/A,0,Synthetic_IFCT_schema,Synthetic_Variant
SYN00152,Jowar (Sorghum) (roasted),Cereals and Millets,Scientific_5,361.5,,10.4,1.9,72.6,1.6,25,,0,Unknown,Vegetarian,Main Course,Fried,,0,Synthetic_IFCT_schema,Synthetic_Variant
SYN00153,Methi thepla (roasted),Composite Dishes,,293.7,1193,7.5,12.0,38.0,3.0,,,,West India,Vegetarian,Beverage,Boiled,100,1,Synthetic_IFCT_schema,Synthetic_Variant
SYN00154,Rasam (roasted),Composite Dishes,,28.0,125,1.2,0.8,4.5,,,,,South India,Vegetarian,Beverage,,100,1,Synthetic_IFCT_schema,Synthetic_Variant
SYN00155,Pomegranate (raw),Fruits,Scientific_50,77.9,347,1.7,1.2,18.7,4.0,10,0.3,,North India,Veg,Beverage,Steamed,100,0,Synthetic_IFCT_schema,Synthetic_Variant
SYN00156,Pomegranate (boiled),Fruits,,81.5,347,1.7,1.2,18.7,,10,0.3,10,West India,Vegetarian,Dinner,Baked,100,0,Synthetic_IFCT_schema,Synthetic_Variant
SYN00157,Pomegranate (boiled),Fruits,Scientific_71,84.9,347,1.7,1.2,18.7,4.0,10,0.3,10,West India,Vegetarian,Breakfast,Fried,100,0,Synthetic_IFCT_schema,Synthetic_Variant
SYN00158,Pomegranate (boiled),Fruits,Scientific_61,89.3,347,1.7,1.2,18.7,4.0,10,0.3,,West India,Vegetarian,Dessert,,100,0,Synthetic_IFCT_schema,Synthetic_Variant
SYN00159,"Coconut, fresh (boiled)",Nuts and Oilseeds,Scientific_30,326.9,1482,3.3,33.5,15.2,9.0,14,1.9,3,South India,Vegetarian,Lunch,,200,0,Synthetic_IFCT_schema,Synthetic_Variant
SYN00160,Pomegranate (raw),Fruits,,80.1,347,1.7,1.2,18.7,4.0,10,0.3,10,West India,Vegetarian,Dessert,N/A,100,0,Synthetic_IFCT_schema,Synthetic_Variant
SYN00161,Pomegranate (fried),Fruits,Scientific_53,84.3,347,1.7,1.2,18.7,4.0,10,0.3,10,West India,Vegetarian,Snack,Baked,100,0,Synthetic_IFCT_schema,Synthetic_Variant
SYN00162,Pomegranate (steamed),Fruits,Scientific_71,86.6,347,1.7,1.2,18.7,4.0,10,0.3,10,West India,Vegetarian,Breakfast,Fried,100,0,Synthetic_IFCT_schema,Synthetic_Variant
SYN00163,Pomegranate (raw),Fruits,,89.5,347,1.7,1.2,18.7,4.0,10,0.3,10,Unknown,Vegetarian,Beverage,Steamed,N/A,0,Synthetic_IFCT_schema,Synthetic_Variant
SYN00164,Pomegranate (roasted),Fruits,Scientific_53,78.6,347,1.7,1.2,18.7,4.0,10,0.3,10,West India,Vegetarian,Snack,Baked,100,0,Synthetic_IFCT_schema,Synthetic_Variant
SYN00165,Pomegranate (raw),Fruits,Scientific_50,87.1,347,1.7,1.2,18.7,4.0,10,0.3,,North India,Veg,Beverage,Steamed,100,0,Synthetic_IFCT_schema,Synthetic_Variant
SYN00166,Pomegranate (steamed),Fruits,Scientific_63,81.1,347,1.7,1.2,18.7,4.0,10,0.3,10,West India,Vegetarian,Any,Baked,N/A,0,Synthetic_IFCT_schema,Synthetic_Variant
SYN00167,"Peanut, raw (steamed)",Nuts and Oilseeds,Scientific_19,573.1,,25.8,49.2,16.1,8.5,92,4.6,0,West India,Non-Vegetarian,Dinner,Cooked,,0,Synthetic_IFCT_schema,Synthetic_Variant
SYN00168,"Onion, raw (roasted)",Vegetables,,37.3,167,1.1,0.1,9.3,1.7,23,0.4,7,Pan India,Vegetarian,lunch,Cooked,200,0,Synthetic_IFCT_schema,Synthetic_Variant
SYN00169,Pomegranate (steamed),Fruits,,88.7,347,1.7,1.2,18.7,4.0,10,0.3,,West India,Vegetarian,Snack,Baked,200,0,Synthetic_IFCT_schema,Synthetic_Variant
SYN00170,"Papaya, ripe (steamed)",Fruits,,41.3,180,0.5,0.1,10.8,1.7,20,0.1,62,South India,Vegetarian,snack,Fried,,0,Synthetic_IFCT_schema,Synthetic_Variant
SYN00171,Pomegranate (steamed),Fruits,,83.9,347,1.7,1.2,18.7,4.0,10,0.3,10,West India,Vegetarian,Dessert,Steamed,150,0,Synthetic_IFCT_schema,Synthetic_Variant
SYN00172,"Rice, cooked (fried)",Cereals and Millets,,139.4,544,2.7,0.3,28.2,,3,0.2,0,Pan India,non-vegetarian,Snack,Baked,100,0,Synthetic_IFCT_schema,Synthetic_Variant
SYN00173,Banana (Cavendish) (fried),Fruits,Scientific_32,84.7,372,1.1,0.3,23.0,2.6,5,0.3,8,South India,Vegetarian,Dinner,,100,0,Synthetic_IFCT_schema,Synthetic_Variant
SYN00174,Pomegranate (roasted),Fruits,,,347,1.7,1.2,18.7,4.0,10,0.3,,West India,Vegetarian,breakfast,Fried,,0,Synthetic_IFCT_schema,Synthetic_Variant
SYN00175,Pomegranate (fried),Fruits,Scientific_79,83.6,347,1.7,1.2,18.7,,,0.3,,West India,Vegetarian,lunch,Fried,200,0,Synthetic_IFCT_schema,Synthetic_Variant
SYN00176,Machher jhol (fried),Composite Dishes,,156.9,649,17.0,9.0,3.0,0.6,,,,East India,Non-Vegetarian,Dessert,Boiled,100,1,Synthetic_IFCT_schema,Synthetic_Variant
SYN00177,Pomegranate (raw),Fruits,Scientific_70,,347,1.7,1.2,18.7,,10,0.3,10,West India,Veg,Main Course,Baked,200,0,Synthetic_IFCT_schema,Synthetic_Variant
SYN00178,Pomegranate (fried),Fruits,Scientific_50,77.5,347,1.7,1.2,18.7,4.0,10,0.3,,North India,Veg,Beverage,Steamed,100,0,Synthetic_IFCT_schema,Synthetic_Variant
SYN00179,Semolina (Rava) (fried),Cereals and Millets,,,1506,10.0,1.0,74.0,,16,4.7,0,Pan India,Veg,breakfast,Steamed,,0,Synthetic_IFCT_schema,Synthetic_Variant
SYN00180,Puttu (boiled),Composite Dishes,,161.8,733,3.5,1.2,38.0,1.5,,,,South India,Vegetarian,Main Course,,100,1,Synthetic_IFCT_schema,Synthetic_Variant
SYN00181,Pomegranate (raw),Fruits,,,347,1.7,1.2,18.7,4.0,10,0.3,10,North,Vegetarian,Snack,Roasted,,0,Synthetic_IFCT_schema,Synthetic_Variant
SYN00182,Pomegranate (fried),Fruits,Scientific_53,84.2,347,1.7,1.2,18.7,4.0,10,0.3,10,West India,Vegetarian,Snack,Baked,100,0,Synthetic_IFCT_schema,Synthetic_Variant
SYN00183,"Masoor dal, raw (roasted)",Pulses and Legumes,,345.5,1435,25.1,0.9,59.0,3.5,68,7.6,1,Southern,Vegetarian,lunch,Grilled,100,0,Synthetic_IFCT_schema,Synthetic_Variant
SYN00184,"Coconut, fresh (raw)",Nuts and Oilseeds,Scientific_30,333.6,1482,3.3,33.5,15.2,9.0,14,1.9,3,South India,Vegetarian,Lunch,,200,0,Synthetic_IFCT_schema,Synthetic_Variant
SYN00185,Brinjal (Eggplant) (raw),Vegetables,,24.4,105,1.4,0.3,5.5,3.4,18,0.3,2,Pan India,Vegetarian,lunch,Steamed,100,0,Synthetic_IFCT_schema,Synthetic_Variant
SYN00186,"Onion, raw (fried)",Vegetables,,38.7,167,1.1,0.1,9.3,1.7,23,0.4,7,Pan India,Vegetarian,lunch,Cooked,200,0,Synthetic_IFCT_schema,Synthetic_Variant
SYN00187,Cowpea (Black-eyed pea) (steamed),Pulses and Legumes,,322.6,1351,23.4,1.8,54.5,,227,8.6,1,South India,Vegetarian,Lunch,Roasted,200,0,Synthetic_IFCT_schema,Synthetic_Variant
SYN00188,Pomegranate (boiled),Fruits,,83.2,347,1.7,1.2,18.7,4.0,,0.3,10,West India,Vegetarian,breakfast,,,0,Synthetic_IFCT_schema,Synthetic_Variant
SYN00189,Pomegranate (fried),Fruits,,85.7,347,1.7,1.2,18.7,4.0,10,0.3,10,West India,Vegetarian,Main Course,Fried,,0,Synthetic_IFCT_schema,Synthetic_Variant
SYN00190,"Wheat flour, whole (steamed)",Cereals and Millets,Scientific_2,357.4,1427,11.8,1.5,69.4,1.9,41,4.9,0,North India,Vegetarian,Beverage,Cooked,150,0,Synthetic_IFCT_schema,Synthetic_Variant
SYN00191,Pomegranate (roasted),Fruits,Scientific_79,77.7,347,1.7,1.2,18.7,,,0.3,,West India,Vegetarian,lunch,Fried,200,0,Synthetic_IFCT_schema,Synthetic_Variant
SYN00192,Pomegranate (raw),Fruits,Scientific_47,79.7,,1.7,1.2,18.7,4.0,10,0.3,10,West India,Non-Veg,snack,Grilled,200,0,Synthetic_IFCT_schema,Synthetic_Variant
SYN00193,Maize flour (boiled),Cereals and Millets,Scientific_7,373.7,1485,8.7,3.6,70.0,2.7,9,2.3,,Pan India,Vegetarian,Main Course,N/A,N/A,0,Synthetic_IFCT_schema,Synthetic_Variant
SYN00194,Pomegranate (fried),Fruits,Scientific_40,87.1,347,1.7,1.2,18.7,4.0,10,0.3,10,West India,Vegetarian,Any,Cooked,N/A,0,Synthetic_IFCT_schema,Synthetic_Variant
SYN00195,Pomegranate (boiled),Fruits,Scientific_80,,347,1.7,1.2,18.7,4.0,10,0.3,10,West India,Vegetarian,lunch,Cooked,200,0,Synthetic_IFCT_schema,Synthetic_Variant
SYN00196,Kabuli chana (raw),Pulses and Legumes,,367.7,,20.1,5.3,60.9,7.6,202,4.9,3,North India,Vegetarian,Breakfast,Grilled,N/A,0,Synthetic_IFCT_schema,Synthetic_Variant
SYN00197,"Mango, ripe (Alphonso) (fried)",Fruits,Scientific_31,70.0,293,0.6,0.4,17.0,1.6,10,0.3,36,West India,Vegetarian,Lunch,N/A,N/A,0,Synthetic_IFCT_schema,Synthetic_Variant
SYN00198,Pomegranate (boiled),Fruits,Scientific_50,88.5,347,1.7,1.2,18.7,4.0,10,0.3,,North India,Veg,Beverage,Steamed,100,0,Synthetic_IFCT_schema,Synthetic_Variant
SYN00199,Shrikhand (fried),Milk and Milk Products,,231.2,921,7.0,7.0,33.0,,,,,West India,Vegetarian,Dinner,Cooked,100,0,Synthetic_IFCT_schema,Synthetic_Variant
SYN00200,Pomegranate (roasted),Fruits,,78.1,347,1.7,1.2,18.7,4.0,10,0.3,10,West India,Vegetarian,Dessert,Steamed,150,0,Synthetic_IFCT_schema,Synthetic_Variant
SYN00201,Machher jhol (roasted),Composite Dishes,,148.9,649,17.0,9.0,3.0,0.6,,,,East India,Non-Vegetarian,Dessert,Boiled,100,1,Synthetic_IFCT_schema,Synthetic_Variant
SYN00202,"Rice, raw, milled (boiled)",Cereals and Millets,,,1448,6.8,0.5,78.2,0.2,10,0.7,,Pan India,Vegetarian,Breakfast,Baked,,0,Synthetic_IFCT_schema,Synthetic_Variant
SYN00203,Brinjal (Eggplant) (roasted),Vegetables,,24.5,105,1.4,0.3,5.5,3.4,18,0.3,2,Pan India,Vegetarian,lunch,Steamed,100,0,Synthetic_IFCT_schema,Synthetic_Variant
SYN00204,Pomegranate (roasted),Fruits,Scientific_61,84.5,347,1.7,1.2,18.7,4.0,10,0.3,,West India,Vegetarian,Dessert,,100,0,Synthetic_IFCT_schema,Synthetic_Variant
SYN00205,Guava (boiled),Fruits,,69.5,285,2.6,1.0,14.3,5.4,18,,228,Maharashtra,Vegetarian,Snack,Baked,N/A,0,Synthetic_IFCT_schema,Synthetic_Variant
SYN00206,Puttu (roasted),Composite Dishes,,175.1,733,3.5,1.2,38.0,1.5,,,,South India,Vegetarian,Main Course,,100,1,Synthetic_IFCT_schema,Synthetic_Variant
SYN00207,Pomegranate (steamed),Fruits,,86.6,347,1.7,1.2,18.7,4.0,10,0.3,,West India,Veg,lunch,,,0,Synthetic_IFCT_schema,Synthetic_Variant
SYN00208,Pomegranate (raw),Fruits,Scientific_53,80.0,347,1.7,1.2,18.7,4.0,10,0.3,10,West India,Vegetarian,Snack,Baked,100,0,Synthetic_IFCT_schema,Synthetic_Variant
SYN00209,"Chana dal, raw (fried)",Pulses and Legumes,Scientific_12,353.3,1556,20.8,5.6,59.8,,56,4.9,1,North India,Vegetarian,breakfast,Cooked,100,0,Synthetic_IFCT_schema,Synthetic_Variant
SYN00210,"Wheat flour, whole (raw)",Cereals and Millets,Scientific_2,354.8,1427,11.8,1.5,69.4,1.9,41,4.9,0,North India,Vegetarian,Beverage,Cooked,150,0,Synthetic_IFCT_schema,Synthetic_Variant
SYN00211,Pomegranate (fried),Fruits,Scientific_62,81.6,347,1.7,1.2,18.7,4.0,10,0.3,10,West India,non-vegetarian,snack,Fried,,0,Synthetic_IFCT_schema,Synthetic_Variant
SYN00212,Sattu (roasted gram flour) (roasted),Cereals and Millets,,426.9,1700,22.5,7.0,64.0,1.8,,,,East India,Vegetarian,snack,Grilled,100,0,Synthetic_IFCT_schema,Synthetic_Variant
SYN00213,Pomegranate (fried),Fruits,,,347,1.7,1.2,18.7,4.0,,0.3,10,West India,Vegetarian,Main Course,Steamed,200,0,Synthetic_IFCT_schema,Synthetic_Variant
SYN00214,"Chana dal, raw (boiled)",Pulses and Legumes,Scientific_12,382.6,1556,20.8,5.6,59.8,,56,4.9,1,North India,Vegetarian,breakfast,Cooked,100,0,Synthetic_IFCT_schema,Synthetic_Variant
SYN00215,Jowar (Sorghum) (raw),Cereals and Millets,Scientific_5,367.6,,10.4,1.9,72.6,1.6,25,,0,Unknown,Vegetarian,Main Course,Fried,,0,Synthetic_IFCT_schema,Synthetic_Variant
SYN00216,"Cauliflower, raw (fried)",Vegetables,,25.4,105,1.9,0.4,4.9,2.5,22,0.4,,Western,Non-Veg,Breakfast,Steamed,200,0,Synthetic_IFCT_schema,Synthetic_Variant
SYN00217,"Cauliflower, raw (roasted)",Vegetables,,24.5,105,1.9,0.4,4.9,2.5,22,0.4,,Western,Non-Veg,Breakfast,Steamed,200,0,Synthetic_IFCT_schema,Synthetic_Variant
SYN00218,Pomegranate (fried),Fruits,,79.5,347,1.7,1.2,18.7,4.0,10,0.3,,West India,Vegetarian,Snack,Baked,200,0,Synthetic_IFCT_schema,Synthetic_Variant
SYN00219,Avial (roasted),Composite Dishes,,123.9,481,2.8,6.5,12.0,3.0,,,,South India,Vegetarian,lunch,,100,1,Synthetic_IFCT_schema,Synthetic_Variant
SYN00220,Sabudana (Tapioca pearls) (boiled),Cereals and Millets,,342.1,1469,0.2,0.2,88.7,0.9,,,,West India,Vegetarian,Dinner,Steamed,100,0,Synthetic_IFCT_schema,Synthetic_Variant
SYN00221,Ragi (Finger millet) (raw),Cereals and Millets,Scientific_6,304.1,1373,7.3,1.5,66.8,3.6,344,3.9,0,South India,Vegetarian,Main Course,Boiled,N/A,0,Synthetic_IFCT_schema,Synthetic_Variant
SYN00222,Pomegranate (fried),Fruits,Scientific_78,88.2,347,1.7,1.2,18.7,4.0,10,0.3,10,West India,Vegetarian,,,,0,Synthetic_IFCT_schema,Synthetic_Variant
SYN00223,Watermelon (raw),Fruits,,27.8,125,0.6,0.2,7.6,0.4,7,,8,Pan India,Vegetarian,Breakfast,,200,0,Synthetic_IFCT_schema,Synthetic_Variant
SYN00224,Pomegranate (boiled),Fruits,,89.5,347,1.7,1.2,18.7,4.0,10,0.3,10,West India,Vegetarian,,Raw,N/A,0,Synthetic_IFCT_schema,Synthetic_Variant
SYN00225,Pomegranate (raw),Fruits,,77.6,347,1.7,1.2,18.7,4.0,10,0.3,10,West India,Vegetarian,Snack,Boiled,N/A,0,Synthetic_IFCT_schema,Synthetic_Variant
SYN00226,Pomegranate (roasted),Fruits,,,347,1.7,1.2,18.7,4.0,10,0.3,10,North,Vegetarian,Snack,Roasted,,0,Synthetic_IFCT_schema,Synthetic_Variant
SYN00227,Pomegranate (steamed),Fruits,Scientific_73,81.6,347,1.7,1.2,18.7,4.0,10,0.3,10,West India,Vegetarian,snack,Cooked,100,0,Synthetic_IFCT_schema,Synthetic_Variant
SYN00228,Pomegranate (raw),Fruits,Scientific_45,89.1,347,1.7,1.2,18.7,4.0,10,0.3,,West India,Veg,breakfast,Roasted,N/A,0,Synthetic_IFCT_schema,Synthetic_Variant
SYN00229,Ragi (Finger millet) (roasted),Cereals and Millets,Scientific_6,351.5,1373,7.3,1.5,66.8,3.6,344,3.9,0,South India,Vegetarian,Main Course,Boiled,N/A,0,Synthetic_IFCT_schema,Synthetic_Variant
SYN00230,Pomegranate (boiled),Fruits,Scientific_61,82.0,347,1.7,1.2,18.7,4.0,10,0.3,,West India,Vegetarian,Dessert,,100,0,Synthetic_IFCT_schema,Synthetic_Variant
SYN00231,Pomegranate (steamed),Fruits,,86.9,347,1.7,1.2,18.7,4.0,10,0.3,10,West India,Vegetarian,Snack,Grilled,150,0,Synthetic_IFCT_schema,Synthetic_Variant
SYN00232,Pomegranate (roasted),Fruits,,83.7,347,1.7,1.2,18.7,4.0,10,0.3,10,East,Vegetarian,snack,Grilled,100,0,Synthetic_IFCT_schema,Synthetic_Variant
SYN00233,Amla (Indian gooseberry) (boiled),Fruits,,46.6,184,0.9,0.6,10.2,4.3,50,1.2,600,Western,Vegetarian,breakfast,Roasted,150,0,Synthetic_IFCT_schema,Synthetic_Variant
SYN00234,Sabudana (Tapioca pearls) (steamed),Cereals and Millets,,346.2,1469,0.2,0.2,88.7,0.9,,,,West India,Vegetarian,Dinner,Steamed,100,0,Synthetic_IFCT_schema,Synthetic_Variant
SYN00235,Pomegranate (boiled),Fruits,Scientific_66,84.0,347,1.7,1.2,18.7,4.0,10,0.3,10,West India,Vegetarian,Dessert,Raw,200,0,Synthetic_IFCT_schema,Synthetic_Variant
SYN00236,Kabuli chana (boiled),Pulses and Legumes,,364.3,,20.1,5.3,60.9,7.6,202,4.9,3,North India,Vegetarian,Breakfast,Grilled,N/A,0,Synthetic_IFCT_schema,Synthetic_Variant
SYN00237,"Rice, cooked (boiled)",Cereals and Millets,,138.4,544,2.7,0.3,28.2,,3,0.2,0,Pan India,non-vegetarian,Snack,Baked,100,0,Synthetic_IFCT_schema,Synthetic_Variant
SYN00238,Pomegranate (steamed),Fruits,,,347,1.7,1.2,18.7,4.0,,0.3,10,West India,Vegetarian,Main Course,Steamed,200,0,Synthetic_IFCT_schema,Synthetic_Variant
SYN00239,"Jackfruit, raw (roasted)",Fruits,,87.9,398,1.7,0.6,23.2,1.5,,,,South India,Vegetarian,Any,Baked,100,0,Synthetic_IFCT_schema,Synthetic_Variant
SYN00240,Pomegranate (roasted),Fruits,Scientific_47,77.3,,1.7,1.2,18.7,4.0,10,0.3,10,West India,Non-Veg,snack,Grilled,200,0,Synthetic_IFCT_schema,Synthetic_Variant
SYN00241,Pomegranate (boiled),Fruits,,87.6,347,1.7,1.2,18.7,4.0,10,0.3,10,Unknown,Vegetarian,Beverage,Steamed,N/A,0,Synthetic_IFCT_schema,Synthetic_Variant
SYN00242,Pomegranate (steamed),Fruits,,83.0,347,1.7,1.2,18.7,4.0,,0.3,10,West India,Vegetarian,Main Course,Grilled,,0,Synthetic_IFCT_schema,Synthetic_Variant
SYN00243,Pomegranate (boiled),Fruits,Scientific_69,88.6,347,1.7,1.2,18.7,4.0,10,0.3,,West India,Vegetarian,Dinner,Fried,150,0,Synthetic_IFCT_schema,Synthetic_Variant
SYN00244,Pomegranate (steamed),Fruits,,79.2,347,1.7,1.2,18.7,4.0,10,0.3,10,West India,Vegetarian,breakfast,,100,0,Synthetic_IFCT_schema,Synthetic_Variant
SYN00245,Pomegranate (fried),Fruits,,,347,1.7,1.2,18.7,4.0,10,0.3,,West India,Vegetarian,breakfast,Fried,,0,Synthetic_IFCT_schema,Synthetic_Variant
SYN00246,Pomegranate (boiled),Fruits,,81.7,347,1.7,1.2,18.7,4.0,10,0.3,10,West India,Vegetarian,Snack,Grilled,150,0,Synthetic_IFCT_schema,Synthetic_Variant
SYN00247,Pomegranate (raw),Fruits,Scientific_65,87.3,347,1.7,1.2,18.7,4.0,10,0.3,10,West India,Vegetarian,Main Course,Baked,N/A,0,Synthetic_IFCT_schema,Synthetic_Variant
SYN00248,Pomegranate (steamed),Fruits,,,347,1.7,1.2,18.7,4.0,,0.3,10,West India,Vegetarian,Main Course,Steamed,200,0,Synthetic_IFCT_schema,Synthetic_Variant
SYN00249,Pomegranate (steamed),Fruits,,76.9,347,1.7,1.2,18.7,4.0,10,0.3,10,West India,Vegetarian,Beverage,Steamed,,0,Synthetic_IFCT_schema,Synthetic_Variant
SYN00250,Oats (fried),Cereals and Millets,,408.9,1628,16.9,6.9,66.3,,54,4.7,0,North India,Vegetarian,Breakfast,Cooked,100,0,Synthetic_IFCT_schema,Synthetic_Variant
SYN00251,"Papaya, ripe (raw)",Fruits,,43.3,180,0.5,0.1,10.8,1.7,20,0.1,62,South India,Vegetarian,snack,Fried,,0,Synthetic_IFCT_schema,Synthetic_Variant
SYN00252,Pomegranate (roasted),Fruits,Scientific_73,77.5,347,1.7,1.2,18.7,4.0,10,0.3,10,West India,Vegetarian,snack,Cooked,100,0,Synthetic_IFCT_schema,Synthetic_Variant
SYN00253,Shrikhand (fried),Milk and Milk Products,,234.2,921,7.0,7.0,33.0,,,,,West India,Vegetarian,Dinner,Cooked,100,0,Synthetic_IFCT_schema,Synthetic_Variant
SYN00254,Guava (raw),Fruits,,63.5,285,2.6,1.0,14.3,5.4,18,,228,Maharashtra,Vegetarian,Snack,Baked,N/A,0,Synthetic_IFCT_schema,Synthetic_Variant
SYN00255,Watermelon (roasted),Fruits,,31.1,125,0.6,0.2,7.6,0.4,7,,8,Pan India,Vegetarian,Breakfast,,200,0,Synthetic_IFCT_schema,Synthetic_Variant
SYN00256,"Papaya, ripe (fried)",Fruits,,41.0,180,0.5,0.1,10.8,1.7,20,0.1,62,South India,Vegetarian,snack,Fried,,0,Synthetic_IFCT_schema,Synthetic_Variant
SYN00257,Amla (Indian gooseberry) (raw),Fruits,,40.8,184,0.9,0.6,10.2,4.3,50,1.2,600,Western,Vegetarian,breakfast,Roasted,150,0,Synthetic_IFCT_schema,Synthetic_Variant
SYN00258,Pomegranate (steamed),Fruits,Scientific_65,86.8,347,1.7,1.2,18.7,4.0,10,0.3,10,West India,Vegetarian,Main Course,Baked,N/A,0,Synthetic_IFCT_schema,Synthetic_Variant
SYN00259,Okra (Bhindi) (roasted),Vegetables,Scientific_26,30.8,138,2.1,0.2,7.0,2.5,82,0.8,21,Pan India,non-vegetarian,,Fried,150,0,Synthetic_IFCT_schema,Synthetic_Variant
SYN00260,Pomegranate (steamed),Fruits,Scientific_40,88.7,347,1.7,1.2,18.7,4.0,10,0.3,10,West India,Vegetarian,Any,Cooked,N/A,0,Synthetic_IFCT_schema,Synthetic_Variant
SYN00261,Pomegranate (fried),Fruits,Scientific_66,76.8,347,1.7,1.2,18.7,4.0,10,0.3,10,West India,Vegetarian,Dessert,Raw,200,0,Synthetic_IFCT_schema,Synthetic_Variant
SYN00262,Pomegranate (boiled),Fruits,,76.7,347,1.7,1.2,18.7,4.0,10,0.3,,West India,Vegetarian,Snack,Baked,200,0,Synthetic_IFCT_schema,Synthetic_Variant
SYN00263,Pomegranate (raw),Fruits,Scientific_40,86.3,347,1.7,1.2,18.7,4.0,10,0.3,10,West India,Vegetarian,Any,Cooked,N/A,0,Synthetic_IFCT_schema,Synthetic_Variant
SYN00264,Pomegranate (boiled),Fruits,Scientific_71,85.7,347,1.7,1.2,18.7,4.0,10,0.3,10,West India,Vegetarian,Breakfast,Fried,100,0,Synthetic_IFCT_schema,Synthetic_Variant
SYN00265,Methi thepla (roasted),Composite Dishes,,281.6,1193,7.5,12.0,38.0,3.0,,,,West India,Vegetarian,Beverage,Boiled,100,1,Synthetic_IFCT_schema,Synthetic_Variant
SYN00266,Brinjal (Eggplant) (fried),Vegetables,,23.5,105,1.4,0.3,5.5,3.4,18,0.3,2,Pan India,Vegetarian,lunch,Steamed,100,0,Synthetic_IFCT_schema,Synthetic_Variant
SYN00267,"Masoor dal, raw (roasted)",Pulses and Legumes,,343.3,1435,25.1,0.9,59.0,3.5,68,7.6,1,Southern,Vegetarian,lunch,Grilled,100,0,Synthetic_IFCT_schema,Synthetic_Variant
SYN00268,Litti chokha (steamed),Composite Dishes,,317.9,1340,9.0,10.0,50.0,3.5,,,,East India,Vegetarian,Beverage,Fried,100,1,Synthetic_IFCT_schema,Synthetic_Variant
SYN00269,Maize flour (steamed),Cereals and Millets,Scientific_7,381.3,1485,8.7,3.6,70.0,2.7,9,2.3,,Pan India,Vegetarian,Main Course,N/A,N/A,0,Synthetic_IFCT_schema,Synthetic_Variant
SYN00270,Pomegranate (roasted),Fruits,,86.0,347,1.7,1.2,18.7,,10,0.3,10,Pan India,Vegetarian,Main Course,Fried,150,0,Synthetic_IFCT_schema,Synthetic_Variant
SYN00271,Fenugreek leaves (Methi) (boiled),Vegetables,Scientific_28,45.2,205,4.4,0.9,6.0,1.1,,1.9,52,North India,Vegetarian,Dessert,Boiled,150,0,Synthetic_IFCT_schema,Synthetic_Variant
SYN00272,Pomegranate (boiled),Fruits,Scientific_62,78.5,347,1.7,1.2,18.7,4.0,10,0.3,10,West India,non-vegetarian,snack,Fried,,0,Synthetic_IFCT_schema,Synthetic_Variant
SYN00273,Pomegranate (boiled),Fruits,Scientific_70,,347,1.7,1.2,18.7,,10,0.3,10,West India,Veg,Main Course,Baked,200,0,Synthetic_IFCT_schema,Synthetic_Variant
SYN00274,"Rice, cooked (fried)",Cereals and Millets,,135.5,544,2.7,0.3,28.2,,3,0.2,0,Pan India,non-vegetarian,Snack,Baked,100,0,Synthetic_IFCT_schema,Synthetic_Variant
SYN00275,"Toor dal, raw (roasted)",Pulses and Legumes,,352.0,,22.3,1.7,57.6,4.2,73,5.6,0,Pan India,Vegetarian,Dessert,Baked,100,0,Synthetic_IFCT_schema,Synthetic_Variant
SYN00276,Bajra (Pearl millet) (roasted),Cereals and Millets,,345.6,1519,11.6,5.0,67.5,1.2,42,8.0,0,West India,Vegetarian,Main Course,Cooked,150,0,Synthetic_IFCT_schema,Synthetic_Variant
SYN00277,Pomegranate (steamed),Fruits,,79.6,347,1.7,1.2,18.7,4.0,10,0.3,10,West India,Vegetarian,Main Course,,N/A,0,Synthetic_IFCT_schema,Synthetic_Variant
SYN00278,Pomegranate (steamed),Fruits,,80.7,347,1.7,1.2,18.7,4.0,10,0.3,10,West India,Vegetarian,,Raw,N/A,0,Synthetic_IFCT_schema,Synthetic_Variant
SYN00279,Rasam (boiled),Composite Dishes,,28.5,125,1.2,0.8,4.5,,,,,South India,Vegetarian,Beverage,,100,1,Synthetic_IFCT_schema,Synthetic_Variant
SYN00280,"Spinach (Palak), raw (fried)",Vegetables,Scientific_23,,96,2.0,0.3,3.5,,99,1.8,28,Pan India,Vegetarian,breakfast,Fried,200,0,Synthetic_IFCT_schema,Synthetic_Variant
SYN00281,Dhokla (roasted),Composite Dishes,,73.5,318,3.5,1.5,12.0,0.8,,,,West India,Vegetarian,Breakfast,N/A,100,1,Synthetic_IFCT_schema,Synthetic_Variant
SYN00282,Pomegranate (raw),Fruits,,,347,1.7,1.2,18.7,4.0,10,0.3,,West India,Vegetarian,breakfast,Fried,,0,Synthetic_IFCT_schema,Synthetic_Variant
SYN00283,Pomegranate (raw),Fruits,Scientific_78,81.2,347,1.7,1.2,18.7,4.0,10,0.3,10,West India,Vegetarian,,,,0,Synthetic_IFCT_schema,Synthetic_Variant
SYN00284,Pomegranate (boiled),Fruits,Scientific_62,88.7,347,1.7,1.2,18.7,4.0,10,0.3,10,West India,non-vegetarian,snack,Fried,,0,Synthetic_IFCT_schema,Synthetic_Variant
SYN00285,Avial (roasted),Composite Dishes,,118.0,481,2.8,6.5,12.0,3.0,,,,South India,Vegetarian,lunch,,100,1,Synthetic_IFCT_schema,Synthetic_Variant
SYN00286,Pomegranate (roasted),Fruits,,80.9,347,1.7,1.2,18.7,4.0,10,0.3,10,West India,Vegetarian,Lunch,Steamed,100,0,Synthetic_IFCT_schema,Synthetic_Variant
SYN00287,Semolina (Rava) (raw),Cereals and Millets,,,1506,10.0,1.0,74.0,,16,4.7,0,Pan India,Veg,breakfast,Steamed,,0,Synthetic_IFCT_schema,Synthetic_Variant
SYN00288,"Cauliflower, raw (roasted)",Vegetables,,26.2,105,1.9,0.4,4.9,2.5,22,0.4,,Western,Non-Veg,Breakfast,Steamed,200,0,Synthetic_IFCT_schema,Synthetic_Variant
SYN00289,Pomegranate (roasted),Fruits,,85.1,347,1.7,1.2,18.7,4.0,10,0.3,10,West India,Vegetarian,Beverage,Steamed,,0,Synthetic_IFCT_schema,Synthetic_Variant
SYN00290,Pomegranate (raw),Fruits,,84.3,347,1.7,1.2,18.7,4.0,10,0.3,10,West India,Vegetarian,,Raw,N/A,0,Synthetic_IFCT_schema,Synthetic_Variant
SYN00291,"Momos, veg (steamed) (roasted)",Composite Dishes,,191.7,753,5.5,5.5,28.0,2.0,,,,East India,Vegetarian,lunch,Steamed,100,1,Synthetic_IFCT_schema,Synthetic_Variant
SYN00292,"Tofu, firm (raw)",Pulses and Legumes,,77.3,318,8.0,4.8,1.9,0.3,,,,West India,Vegetarian,Lunch,N/A,100,0,Synthetic_IFCT_schema,Synthetic_Variant
SYN00293,"Tomato, raw (steamed)",Vegetables,,,75,0.9,0.2,3.9,1.2,13,,27,Pan India,Vegetarian,Dessert,Roasted,100,0,Synthetic_IFCT_schema,Synthetic_Variant
SYN00294,Appam (roasted),Composite Dishes,,116.2,502,2.5,2.8,22.0,0.5,,,,South India,Vegetarian,Beverage,N/A,100,1,Synthetic_IFCT_schema,Synthetic_Variant
SYN00295,"Soya chunks, raw (raw)",Pulses and Legumes,,350.9,1444,52.0,0.5,33.0,13.0,,,,Pan India,Vegetarian,snack,Baked,100,0,Synthetic_IFCT_schema,Synthetic_Variant
SYN00296,"Papaya, ripe (steamed)",Fruits,,41.7,180,0.5,0.1,10.8,1.7,20,0.1,62,South India,Vegetarian,snack,Fried,,0,Synthetic_IFCT_schema,Synthetic_Variant
SYN00297,Pomegranate (boiled),Fruits,,86.7,347,1.7,1.2,18.7,4.0,10,0.3,10,West India,Vegetarian,Beverage,Steamed,,0,Synthetic_IFCT_schema,Synthetic_Variant
SYN00298,Pomegranate (steamed),Fruits,,79.4,347,1.7,1.2,18.7,4.0,10,0.3,10,West India,Vegetarian,Lunch,Roasted,200,0,Synthetic_IFCT_schema,Synthetic_Variant
SYN00299,Pomegranate (fried),Fruits,,85.6,347,1.7,1.2,18.7,4.0,10,0.3,10,West India,Vegetarian,Main Course,,N/A,0,Synthetic_IFCT_schema,Synthetic_Variant
SYN00300,Pomegranate (fried),Fruits,,81.5,347,1.7,1.2,18.7,,10,0.3,10,Pan India,Vegetarian,Main Course,Fried,150,0,Synthetic_IFCT_schema,Synthetic_Variant
SYN00301,Pomegranate (boiled),Fruits,,84.9,347,1.7,1.2,18.7,4.0,10,0.3,10,West India,Vegetarian,Lunch,Steamed,100,0,Synthetic_IFCT_schema,Synthetic_Variant
SYN00302,Pomegranate (boiled),Fruits,Scientific_45,79.8,347,1.7,1.2,18.7,4.0,10,0.3,,West India,Veg,breakfast,Roasted,N/A,0,Synthetic_IFCT_schema,Synthetic_Variant
SYN00303,Pomegranate (boiled),Fruits,Scientific_69,80.4,347,1.7,1.2,18.7,4.0,10,0.3,,West India,Vegetarian,Dinner,Fried,150,0,Synthetic_IFCT_schema,Synthetic_Variant
SYN00304,"Rice, cooked (steamed)",Cereals and Millets,,126.6,544,2.7,0.3,28.2,,3,0.2,0,Pan India,non-vegetarian,Snack,Baked,100,0,Synthetic_IFCT_schema,Synthetic_Variant
SYN00305,Pomegranate (boiled),Fruits,,79.1,347,1.7,1.2,18.7,4.0,10,0.3,10,West India,Vegetarian,Snack,Grilled,150,0,Synthetic_IFCT_schema,Synthetic_Variant
SYN00306,"Toor dal, raw (steamed)",Pulses and Legumes,,314.6,,22.3,1.7,57.6,4.2,73,5.6,0,Pan India,Vegetarian,Dessert,Baked,100,0,Synthetic_IFCT_schema,Synthetic_Variant
SYN00307,Pomegranate (boiled),Fruits,,78.1,347,1.7,1.2,18.7,,10,0.3,10,West India,Vegetarian,Dinner,Baked,100,0,Synthetic_IFCT_schema,Synthetic_Variant
SYN00308,Khandvi (steamed),Composite Dishes,,139.6,544,4.5,4.8,18.0,1.2,,,,West India,Vegetarian,breakfast,Roasted,100,1,Synthetic_IFCT_schema,Synthetic_Variant
SYN00309,Pomegranate (steamed),Fruits,,79.4,347,1.7,1.2,18.7,4.0,10,0.3,10,West India,Vegetarian,Beverage,Steamed,,0,Synthetic_IFCT_schema,Synthetic_Variant
SYN00310,Pomegranate (fried),Fruits,,86.4,347,1.7,1.2,18.7,,10,0.3,10,West India,Vegetarian,Dinner,Baked,100,0,Synthetic_IFCT_schema,Synthetic_Variant
SYN00311,"Jackfruit, raw (roasted)",Fruits,,98.8,398,1.7,0.6,23.2,1.5,,,,South India,Vegetarian,Any,Baked,100,0,Synthetic_IFCT_schema,Synthetic_Variant
SYN00312,Pomegranate (steamed),Fruits,,80.4,347,1.7,1.2,18.7,,10,0.3,10,West India,Vegetarian,Dinner,Baked,100,0,Synthetic_IFCT_schema,Synthetic_Variant
SYN00313,Pomegranate (raw),Fruits,,88.7,,1.7,1.2,18.7,4.0,10,0.3,10,West India,Vegetarian,Dessert,Baked,150,0,Synthetic_IFCT_schema,Synthetic_Variant
SYN00314,Pomegranate (boiled),Fruits,Scientific_59,88.8,347,1.7,1.2,18.7,4.0,10,0.3,10,West India,Vegetarian,Dessert,Steamed,150,0,Synthetic_IFCT_schema,Synthetic_Variant
SYN00315,Pomegranate (fried),Fruits,,84.4,347,1.7,1.2,18.7,4.0,10,0.3,,West India,Veg,lunch,,,0,Synthetic_IFCT_schema,Synthetic_Variant
SYN00316,Pomegranate (fried),Fruits,Scientific_79,84.7,347,1.7,1.2,18.7,,,0.3,,West India,Vegetarian,lunch,Fried,200,0,Synthetic_IFCT_schema,Synthetic_Variant
SYN00317,"Mango, ripe (Alphonso) (raw)",Fruits,Scientific_31,68.6,293,0.6,0.4,17.0,1.6,10,0.3,36,West India,Vegetarian,Lunch,N/A,N/A,0,Synthetic_IFCT_schema,Synthetic_Variant
SYN00318,Pomegranate (fried),Fruits,Scientific_79,85.9,347,1.7,1.2,18.7,,,0.3,,West India,Vegetarian,lunch,Fried,200,0,Synthetic_IFCT_schema,Synthetic_Variant
SYN00319,Pomegranate (steamed),Fruits,,76.4,347,1.7,1.2,18.7,4.0,10,0.3,10,West India,Vegetarian,Main Course,Fried,,0,Synthetic_IFCT_schema,Synthetic_Variant
SYN00320,Shrikhand (steamed),Milk and Milk Products,,218.0,921,7.0,7.0,33.0,,,,,West India,Vegetarian,Dinner,Cooked,100,0,Synthetic_IFCT_schema,Synthetic_Variant
SYN00321,"Tomato, raw (fried)",Vegetables,,,75,0.9,0.2,3.9,1.2,13,,27,Pan India,Vegetarian,Dessert,Roasted,100,0,Synthetic_IFCT_schema,Synthetic_Variant
SYN00322,"Wheat flour, refined (steamed)",Cereals and Millets,Scientific_3,344.5,1456,10.3,0.9,73.9,0.3,23,2.7,0,North India,Vegetarian,snack,,,0,Synthetic_IFCT_schema,Synthetic_Variant
SYN00323,Pomegranate (roasted),Fruits,,,347,1.7,1.2,18.7,4.0,,0.3,10,West India,Vegetarian,Main Course,Steamed,200,0,Synthetic_IFCT_schema,Synthetic_Variant
SYN00324,Pomegranate (steamed),Fruits,Scientific_62,88.8,347,1.7,1.2,18.7,4.0,10,0.3,10,West India,non-vegetarian,snack,Fried,,0,Synthetic_IFCT_schema,Synthetic_Variant
SYN00325,Kabuli chana (roasted),Pulses and Legumes,,368.4,,20.1,5.3,60.9,7.6,202,4.9,3,North India,Vegetarian,Breakfast,Grilled,N/A,0,Synthetic_IFCT_schema,Synthetic_Variant
SYN00326,Pomegranate (steamed),Fruits,Scientific_70,,347,1.7,1.2,18.7,,10,0.3,10,West India,Veg,Main Course,Baked,200,0,Synthetic_IFCT_schema,Synthetic_Variant
SYN00327,Pomegranate (boiled),Fruits,,87.5,347,1.7,1.2,18.7,4.0,10,0.3,10,West India,non-vegetarian,,Roasted,100,0,Synthetic_IFCT_schema,Synthetic_Variant
SYN00328,"Jackfruit, raw (boiled)",Fruits,,97.1,398,1.7,0.6,23.2,1.5,,,,South India,Vegetarian,Any,Baked,100,0,Synthetic_IFCT_schema,Synthetic_Variant
SYN00329,Kabuli chana (roasted),Pulses and Legumes,,343.9,,20.1,5.3,60.9,7.6,202,4.9,3,North India,Vegetarian,Breakfast,Grilled,N/A,0,Synthetic_IFCT_schema,Synthetic_Variant
SYN00330,Pomegranate (steamed),Fruits,,82.2,347,1.7,1.2,18.7,4.0,10,0.3,10,West India,Vegetarian,Beverage,Steamed,,0,Synthetic_IFCT_schema,Synthetic_Variant
SYN00331,Bottle gourd (Lauki) (boiled),Vegetables,,13.1,59,0.6,0.1,3.4,0.5,26,0.5,10,Pan India,Vegetarian,Beverage,Fried,150,0,Synthetic_IFCT_schema,Synthetic_Variant
SYN00332,Pomegranate (roasted),Fruits,Scientific_65,83.2,347,1.7,1.2,18.7,4.0,10,0.3,10,West India,Vegetarian,Main Course,Baked,N/A,0,Synthetic_IFCT_schema,Synthetic_Variant
SYN00333,"Masoor dal, raw (steamed)",Pulses and Legumes,,366.2,1435,25.1,0.9,59.0,3.5,68,7.6,1,Southern,Vegetarian,lunch,Grilled,100,0,Synthetic_IFCT_schema,Synthetic_Variant
SYN00334,Oats (fried),Cereals and Millets,,358.1,1628,16.9,6.9,66.3,,54,4.7,0,North India,Vegetarian,Breakfast,Cooked,100,0,Synthetic_IFCT_schema,Synthetic_Variant
SYN00335,Maize flour (raw),Cereals and Millets,Scientific_7,368.2,1485,8.7,3.6,70.0,2.7,9,2.3,,Pan India,Vegetarian,Main Course,N/A,N/A,0,Synthetic_IFCT_schema,Synthetic_Variant
SYN00336,"Wheat flour, whole (boiled)",Cereals and Millets,Scientific_2,316.7,1427,11.8,1.5,69.4,1.9,41,4.9,0,North India,Vegetarian,Beverage,Cooked,150,0,Synthetic_IFCT_schema,Synthetic_Variant
SYN00337,Bajra (Pearl millet) (roasted),Cereals and Millets,,353.7,1519,11.6,5.0,67.5,1.2,42,8.0,0,West India,Vegetarian,Main Course,Cooked,150,0,Synthetic_IFCT_schema,Synthetic_Variant
SYN00338,"Wheat flour, whole (roasted)",Cereals and Millets,Scientific_2,314.2,1427,11.8,1.5,69.4,1.9,41,4.9,0,North India,Vegetarian,Beverage,Cooked,150,0,Synthetic_IFCT_schema,Synthetic_Variant
SYN00339,Bitter gourd (Karela) (raw),Vegetables,Scientific_27,16.2,,1.0,0.2,3.4,2.8,20,0.6,84,Pan India,Vegetarian,snack,,,0,Synthetic_IFCT_schema,Synthetic_Variant
SYN00340,Pomegranate (roasted),Fruits,,83.7,347,1.7,1.2,18.7,4.0,,0.3,10,West India,Vegetarian,breakfast,,,0,Synthetic_IFCT_schema,Synthetic_Variant
SYN00341,Banana (Cavendish) (fried),Fruits,Scientific_32,84.5,372,1.1,0.3,23.0,2.6,5,0.3,8,South India,Vegetarian,Dinner,,100,0,Synthetic_IFCT_schema,Synthetic_Variant
SYN00342,Pomegranate (boiled),Fruits,Scientific_50,79.5,347,1.7,1.2,18.7,4.0,10,0.3,,North India,Veg,Beverage,Steamed,100,0,Synthetic_IFCT_schema,Synthetic_Variant
SYN00343,Pomegranate (raw),Fruits,Scientific_71,76.8,347,1.7,1.2,18.7,4.0,10,0.3,10,West India,Vegetarian,Breakfast,Fried,100,0,Synthetic_IFCT_schema,Synthetic_Variant
SYN00344,Pomegranate (raw),Fruits,,78.0,347,1.7,1.2,18.7,4.0,10,0.3,10,West India,Vegetarian,breakfast,,100,0,Synthetic_IFCT_schema,Synthetic_Variant
SYN00345,Pomegranate (fried),Fruits,,83.1,347,1.7,1.2,18.7,4.0,10,0.3,10,West India,Vegetarian,Snack,Boiled,N/A,0,Synthetic_IFCT_schema,Synthetic_Variant
SYN00346,"Moong dal, raw (fried)",Pulses and Legumes,,318.9,,24.0,1.3,59.9,4.1,75,6.7,7,Pan India,Vegetarian,,,,0,Synthetic_IFCT_schema,Synthetic_Variant
SYN00347,"Onion, raw (steamed)",Vegetables,,42.6,167,1.1,0.1,9.3,1.7,23,0.4,7,Pan India,Vegetarian,lunch,Cooked,200,0,Synthetic_IFCT_schema,Synthetic_Variant
SYN00348,"Chana dal, raw (boiled)",Pulses and Legumes,Scientific_12,389.6,1556,20.8,5.6,59.8,,56,4.9,1,North India,Vegetarian,breakfast,Cooked,100,0,Synthetic_IFCT_schema,Synthetic_Variant
SYN00349,Litti chokha (fried),Composite Dishes,,297.6,1340,9.0,10.0,50.0,3.5,,,,East India,Vegetarian,Beverage,Fried,100,1,Synthetic_IFCT_schema,Synthetic_Variant
SYN00350,Pomegranate (fried),Fruits,,79.4,347,1.7,1.2,18.7,4.0,10,0.3,10,West India,Vegetarian,Main Course,,N/A,0,Synthetic_IFCT_schema,Synthetic_Variant
SYN00351,Bamboo shoots (steamed),Vegetables,,29.0,113,2.6,0.3,5.2,2.2,,,,East India,Vegetarian,Dinner,Boiled,100,0,Synthetic_IFCT_schema,Synthetic_Variant
SYN00352,Maize flour (roasted),Cereals and Millets,Scientific_7,331.7,1485,8.7,3.6,70.0,2.7,9,2.3,,Pan India,Vegetarian,Main Course,N/A,N/A,0,Synthetic_IFCT_schema,Synthetic_Variant
SYN00353,Brinjal (Eggplant) (fried),Vegetables,,25.7,105,1.4,0.3,5.5,3.4,18,0.3,2,Pan India,Vegetarian,lunch,Steamed,100,0,Synthetic_IFCT_schema,Synthetic_Variant
SYN00354,"Urad dal, raw (boiled)",Pulses and Legumes,Scientific_15,,1428,25.1,1.4,59.0,1.8,154,4.5,0,South India,Vegetarian,Main Course,Grilled,N/A,0,Synthetic_IFCT_schema,Synthetic_Variant
SYN00355,Brinjal (Eggplant) (boiled),Vegetables,,26.0,105,1.4,0.3,5.5,3.4,18,0.3,2,Pan India,Vegetarian,lunch,Steamed,100,0,Synthetic_IFCT_schema,Synthetic_Variant
SYN00356,Kabuli chana (boiled),Pulses and Legumes,,386.1,,20.1,5.3,60.9,7.6,202,4.9,3,North India,Vegetarian,Breakfast,Grilled,N/A,0,Synthetic_IFCT_schema,Synthetic_Variant
SYN00357,Bamboo shoots (fried),Vegetables,,28.9,113,2.6,0.3,5.2,2.2,,,,East India,Vegetarian,Dinner,Boiled,100,0,Synthetic_IFCT_schema,Synthetic_Variant
SYN00358,Machher jhol (steamed),Composite Dishes,,155.7,649,17.0,9.0,3.0,0.6,,,,East India,Non-Vegetarian,Dessert,Boiled,100,1,Synthetic_IFCT_schema,Synthetic_Variant
SYN00359,"Mango, ripe (Alphonso) (boiled)",Fruits,Scientific_31,72.5,293,0.6,0.4,17.0,1.6,10,0.3,36,West India,Vegetarian,Lunch,N/A,N/A,0,Synthetic_IFCT_schema,Synthetic_Variant
SYN00360,"Soya chunks, raw (fried)",Pulses and Legumes,,335.4,1444,52.0,0.5,33.0,13.0,,,,Pan India,Vegetarian,snack,Baked,100,0,Synthetic_IFCT_schema,Synthetic_Variant
SYN00361,Pomegranate (raw),Fruits,Scientific_45,86.5,347,1.7,1.2,18.7,4.0,10,0.3,,West India,Veg,breakfast,Roasted,N/A,0,Synthetic_IFCT_schema,Synthetic_Variant
SYN00362,Avial (roasted),Composite Dishes,,112.8,481,2.8,6.5,12.0,3.0,,,,South India,Vegetarian,lunch,,100,1,Synthetic_IFCT_schema,Synthetic_Variant
SYN00363,Appam (raw),Composite Dishes,,112.1,502,2.5,2.8,22.0,0.5,,,,South India,Vegetarian,Beverage,N/A,100,1,Synthetic_IFCT_schema,Synthetic_Variant
SYN00364,"Mango, ripe (Alphonso) (raw)",Fruits,Scientific_31,74.2,293,0.6,0.4,17.0,1.6,10,0.3,36,West India,Vegetarian,Lunch,N/A,N/A,0,Synthetic_IFCT_schema,Synthetic_Variant
SYN00365,"Onion, raw (roasted)",Vegetables,,41.0,167,1.1,0.1,9.3,1.7,23,0.4,7,Pan India,Vegetarian,lunch,Cooked,200,0,Synthetic_IFCT_schema,Synthetic_Variant
SYN00366,"Coconut, fresh (boiled)",Nuts and Oilseeds,Scientific_30,369.5,1482,3.3,33.5,15.2,9.0,14,1.9,3,South India,Vegetarian,Lunch,,200,0,Synthetic_IFCT_schema,Synthetic_Variant
SYN00367,Pomegranate (steamed),Fruits,,83.4,347,1.7,1.2,18.7,4.0,10,0.3,10,West India,Vegetarian,Lunch,Steamed,100,0,Synthetic_IFCT_schema,Synthetic_Variant
SYN00368,Pomegranate (steamed),Fruits,,81.8,347,1.7,1.2,18.7,,10,0.3,10,Pan India,Vegetarian,Main Course,Fried,150,0,Synthetic_IFCT_schema,Synthetic_Variant
SYN00369,Pomegranate (steamed),Fruits,,80.6,347,1.7,1.2,18.7,4.0,10,0.3,,West India,Vegetarian,Snack,Baked,200,0,Synthetic_IFCT_schema,Synthetic_Variant
SYN00370,Pomegranate (roasted),Fruits,,76.6,347,1.7,1.2,18.7,4.0,10,,10,West India,Vegetarian,Snack,N/A,150,0,Synthetic_IFCT_schema,Synthetic_Variant
SYN00371,"Masoor dal, raw (steamed)",Pulses and Legumes,,324.8,1435,25.1,0.9,59.0,3.5,68,7.6,1,Southern,Vegetarian,lunch,Grilled,100,0,Synthetic_IFCT_schema,Synthetic_Variant
SYN00372,Pomegranate (fried),Fruits,,87.9,347,1.7,1.2,18.7,4.0,10,0.3,10,West India,Vegetarian,Snack,Boiled,N/A,0,Synthetic_IFCT_schema,Synthetic_Variant
SYN00373,Machher jhol (fried),Composite Dishes,,146.7,649,17.0,9.0,3.0,0.6,,,,East India,Non-Vegetarian,Dessert,Boiled,100,1,Synthetic_IFCT_schema,Synthetic_Variant
SYN00374,Pomegranate (fried),Fruits,,78.2,347,1.7,1.2,18.7,,10,0.3,10,West India,Vegetarian,Dinner,Baked,100,0,Synthetic_IFCT_schema,Synthetic_Variant
SYN00375,"Toor dal, raw (roasted)",Pulses and Legumes,,321.8,,22.3,1.7,57.6,4.2,73,5.6,0,Pan India,Vegetarian,Dessert,Baked,100,0,Synthetic_IFCT_schema,Synthetic_Variant
SYN00376,Pomegranate (steamed),Fruits,Scientific_45,78.6,347,1.7,1.2,18.7,4.0,10,0.3,,West India,Veg,breakfast,Roasted,N/A,0,Synthetic_IFCT_schema,Synthetic_Variant
SYN00377,Pomegranate (steamed),Fruits,,77.4,347,1.7,1.2,18.7,4.0,10,,10,West India,Vegetarian,Snack,N/A,150,0,Synthetic_IFCT_schema,Synthetic_Variant
SYN00378,"Peanut, raw (roasted)",Nuts and Oilseeds,Scientific_19,553.7,,25.8,49.2,16.1,8.5,92,4.6,0,West India,Non-Vegetarian,Dinner,Cooked,,0,Synthetic_IFCT_schema,Synthetic_Variant
SYN00379,Pomegranate (boiled),Fruits,,87.6,347,1.7,1.2,18.7,4.0,,0.3,10,West India,Vegetarian,Main Course,Grilled,,0,Synthetic_IFCT_schema,Synthetic_Variant
SYN00380,Dhokla (steamed),Composite Dishes,,70.8,318,3.5,1.5,12.0,0.8,,,,West India,Vegetarian,Breakfast,N/A,100,1,Synthetic_IFCT_schema,Synthetic_Variant
SYN00381,"Spinach (Palak), raw (raw)",Vegetables,Scientific_23,,96,2.0,0.3,3.5,,99,1.8,28,Pan India,Vegetarian,breakfast,Fried,200,0,Synthetic_IFCT_schema,Synthetic_Variant
SYN00382,Pomegranate (boiled),Fruits,Scientific_68,89.4,347,1.7,1.2,18.7,4.0,10,0.3,10,Northern,Veg,dinner,Steamed,N/A,0,Synthetic_IFCT_schema,Synthetic_Variant
SYN00383,Litti chokha (fried),Composite Dishes,,327.7,1340,9.0,10.0,50.0,3.5,,,,East India,Vegetarian,Beverage,Fried,100,1,Synthetic_IFCT_schema,Synthetic_Variant
SYN00384,"Momos, veg (steamed) (steamed)",Composite Dishes,,180.2,753,5.5,5.5,28.0,2.0,,,,East India,Vegetarian,lunch,Steamed,100,1,Synthetic_IFCT_schema,Synthetic_Variant
SYN00385,Pomegranate (roasted),Fruits,Scientific_45,84.7,347,1.7,1.2,18.7,4.0,10,0.3,,West India,Veg,breakfast,Roasted,N/A,0,Synthetic_IFCT_schema,Synthetic_Variant
SYN00386,Puttu (steamed),Composite Dishes,,170.6,733,3.5,1.2,38.0,1.5,,,,South India,Vegetarian,Main Course,,100,1,Synthetic_IFCT_schema,Synthetic_Variant
SYN00387,"Urad dal, raw (fried)",Pulses and Legumes,Scientific_15,,1428,25.1,1.4,59.0,1.8,154,4.5,0,South India,Vegetarian,Main Course,Grilled,N/A,0,Synthetic_IFCT_schema,Synthetic_Variant
SYN00388,Pomegranate (boiled),Fruits,,89.3,,1.7,1.2,18.7,4.0,10,0.3,10,West India,Vegetarian,Dessert,Baked,150,0,Synthetic_IFCT_schema,Synthetic_Variant
SYN00389,Pomegranate (fried),Fruits,Scientific_78,77.2,347,1.7,1.2,18.7,4.0,10,0.3,10,West India,Vegetarian,,,,0,Synthetic_IFCT_schema,Synthetic_Variant
SYN00390,Pomegranate (steamed),Fruits,,83.8,347,1.7,1.2,18.7,4.0,10,0.3,10,West India,Vegetarian,Main Course,Fried,,0,Synthetic_IFCT_schema,Synthetic_Variant
SYN00391,"Mango, ripe (Alphonso) (steamed)",Fruits,Scientific_31,73.1,293,0.6,0.4,17.0,1.6,10,0.3,36,West India,Vegetarian,Lunch,N/A,N/A,0,Synthetic_IFCT_schema,Synthetic_Variant
SYN00392,Bottle gourd (Lauki) (steamed),Vegetables,,14.4,59,0.6,0.1,3.4,0.5,26,0.5,10,Pan India,Vegetarian,Beverage,Fried,150,0,Synthetic_IFCT_schema,Synthetic_Variant
SYN00393,"Rice, raw, milled (fried)",Cereals and Millets,,,1448,6.8,0.5,78.2,0.2,10,0.7,,Pan India,Vegetarian,Breakfast,Baked,,0,Synthetic_IFCT_schema,Synthetic_Variant
SYN00394,"Chana dal, raw (fried)",Pulses and Legumes,Scientific_12,355.5,1556,20.8,5.6,59.8,,56,4.9,1,North India,Vegetarian,breakfast,Cooked,100,0,Synthetic_IFCT_schema,Synthetic_Variant
SYN00395,Pomegranate (steamed),Fruits,,78.2,347,1.7,1.2,18.7,4.0,10,0.3,10,West India,Vegetarian,,Raw,N/A,0,Synthetic_IFCT_schema,Synthetic_Variant
SYN00396,Bottle gourd (Lauki) (boiled),Vegetables,,13.6,59,0.6,0.1,3.4,0.5,26,0.5,10,Pan India,Vegetarian,Beverage,Fried,150,0,Synthetic_IFCT_schema,Synthetic_Variant
SYN00397,Pomegranate (roasted),Fruits,Scientific_65,88.3,347,1.7,1.2,18.7,4.0,10,0.3,10,West India,Vegetarian,Main Course,Baked,N/A,0,Synthetic_IFCT_schema,Synthetic_Variant
SYN00398,Pomegranate (roasted),Fruits,Scientific_69,88.4,347,1.7,1.2,18.7,4.0,10,0.3,,West India,Vegetarian,Dinner,Fried,150,0,Synthetic_IFCT_schema,Synthetic_Variant
SYN00399,Pomegranate (raw),Fruits,Scientific_69,87.8,347,1.7,1.2,18.7,4.0,10,0.3,,West India,Vegetarian,Dinner,Fried,150,0,Synthetic_IFCT_schema,Synthetic_Variant
SYN00400,Pomegranate (roasted),Fruits,,83.2,347,1.7,1.2,18.7,4.0,10,0.3,10,West India,Vegetarian,Main Course,,N/A,0,Synthetic_IFCT_schema,Synthetic_Variant
SYN00401,"Spinach (Palak), raw (roasted)",Vegetables,Scientific_23,,96,2.0,0.3,3.5,,99,1.8,28,Pan India,Vegetarian,breakfast,Fried,200,0,Synthetic_IFCT_schema,Synthetic_Variant
SYN00402,Pomegranate (fried),Fruits,Scientific_45,82.1,347,1.7,1.2,18.7,4.0,10,0.3,,West India,Veg,breakfast,Roasted,N/A,0,Synthetic_IFCT_schema,Synthetic_Variant
SYN00403,Semolina (Rava) (steamed),Cereals and Millets,,,1506,10.0,1.0,74.0,,16,4.7,0,Pan India,Veg,breakfast,Steamed,,0,Synthetic_IFCT_schema,Synthetic_Variant
SYN00404,Okra (Bhindi) (fried),Vegetables,Scientific_26,34.4,138,2.1,0.2,7.0,2.5,82,0.8,21,Pan India,non-vegetarian,,Fried,150,0,Synthetic_IFCT_schema,Synthetic_Variant
SYN00405,"Soybean, raw (fried)",Pulses and Legumes,,398.9,1808,36.5,19.9,30.2,9.3,240,,,West India,Vegetarian,Any,Boiled,150,0,Synthetic_IFCT_schema,Synthetic_Variant
SYN00406,Pomegranate (steamed),Fruits,Scientific_62,78.8,347,1.7,1.2,18.7,4.0,10,0.3,10,West India,non-vegetarian,snack,Fried,,0,Synthetic_IFCT_schema,Synthetic_Variant
SYN00407,Pomegranate (boiled),Fruits,,84.5,347,1.7,1.2,18.7,4.0,10,0.3,,West India,Vegetarian,Snack,Baked,200,0,Synthetic_IFCT_schema,Synthetic_Variant
SYN00408,Appam (fried),Composite Dishes,,112.1,502,2.5,2.8,22.0,0.5,,,,South India,Vegetarian,Beverage,N/A,100,1,Synthetic_IFCT_schema,Synthetic_Variant
SYN00409,Pomegranate (fried),Fruits,,84.3,347,1.7,1.2,18.7,,10,0.3,10,West India,Vegetarian,Dinner,Baked,100,0,Synthetic_IFCT_schema,Synthetic_Variant
SYN00410,"Tomato, raw (roasted)",Vegetables,,,75,0.9,0.2,3.9,1.2,13,,27,Pan India,Vegetarian,Dessert,Roasted,100,0,Synthetic_IFCT_schema,Synthetic_Variant
SYN00411,Khandvi (boiled),Composite Dishes,,124.1,544,4.5,4.8,18.0,1.2,,,,West India,Vegetarian,breakfast,Roasted,100,1,Synthetic_IFCT_schema,Synthetic_Variant
SYN00412,Pomegranate (roasted),Fruits,Scientific_61,76.8,347,1.7,1.2,18.7,4.0,10,0.3,,West India,Vegetarian,Dessert,,100,0,Synthetic_IFCT_schema,Synthetic_Variant
SYN00413,Ragi (Finger millet) (steamed),Cereals and Millets,Scientific_6,328.0,1373,7.3,1.5,66.8,3.6,344,3.9,0,South India,Vegetarian,Main Course,Boiled,N/A,0,Synthetic_IFCT_schema,Synthetic_Variant
SYN00414,Pomegranate (fried),Fruits,,82.8,347,1.7,1.2,18.7,4.0,10,0.3,10,West India,Vegetarian,Breakfast,N/A,,0,Synthetic_IFCT_schema,Synthetic_Variant
SYN00415,Pomegranate (steamed),Fruits,Scientific_65,85.2,347,1.7,1.2,18.7,4.0,10,0.3,10,West India,Vegetarian,Main Course,Baked,N/A,0,Synthetic_IFCT_schema,Synthetic_Variant
SYN00416,Pomegranate (steamed),Fruits,,84.4,347,1.7,1.2,18.7,4.0,10,0.3,10,West India,Vegetarian,Snack,Boiled,N/A,0,Synthetic_IFCT_schema,Synthetic_Variant
SYN00417,Pomegranate (boiled),Fruits,Scientific_73,82.7,347,1.7,1.2,18.7,4.0,10,0.3,10,West India,Vegetarian,snack,Cooked,100,0,Synthetic_IFCT_schema,Synthetic_Variant
SYN00418,Pomegranate (boiled),Fruits,Scientific_53,79.8,347,1.7,1.2,18.7,4.0,10,0.3,10,West India,Vegetarian,Snack,Baked,100,0,Synthetic_IFCT_schema,Synthetic_Variant
SYN00419,Avial (steamed),Composite Dishes,,106.2,481,2.8,6.5,12.0,3.0,,,,South India,Vegetarian,lunch,,100,1,Synthetic_IFCT_schema,Synthetic_Variant
SYN00420,"Spinach (Palak), raw (steamed)",Vegetables,Scientific_23,,96,2.0,0.3,3.5,,99,1.8,28,Pan India,Vegetarian,breakfast,Fried,200,0,Synthetic_IFCT_schema,Synthetic_Variant
SYN00421,Fenugreek leaves (Methi) (steamed),Vegetables,Scientific_28,47.1,205,4.4,0.9,6.0,1.1,,1.9,52,North India,Vegetarian,Dessert,Boiled,150,0,Synthetic_IFCT_schema,Synthetic_Variant
SYN00422,Banana (Cavendish) (steamed),Fruits,Scientific_32,95.4,372,1.1,0.3,23.0,2.6,5,0.3,8,South India,Vegetarian,Dinner,,100,0,Synthetic_IFCT_schema,Synthetic_Variant
SYN00423,Pomegranate (boiled),Fruits,Scientific_53,80.3,347,1.7,1.2,18.7,4.0,10,0.3,10,West India,Vegetarian,Snack,Baked,100,0,Synthetic_IFCT_schema,Synthetic_Variant
SYN00424,Pomegranate (steamed),Fruits,,77.0,347,1.7,1.2,18.7,4.0,10,0.3,10,Unknown,Vegetarian,Beverage,Steamed,N/A,0,Synthetic_IFCT_schema,Synthetic_Variant
SYN00425,Pomegranate (raw),Fruits,,88.7,347,1.7,1.2,18.7,4.0,10,0.3,10,West India,Vegetarian,Lunch,Steamed,100,0,Synthetic_IFCT_schema,Synthetic_Variant
SYN00426,Bitter gourd (Karela) (steamed),Vegetables,Scientific_27,16.6,,1.0,0.2,3.4,2.8,20,0.6,84,Pan India,Vegetarian,snack,,,0,Synthetic_IFCT_schema,Synthetic_Variant
SYN00427,Rasam (roasted),Composite Dishes,,30.0,125,1.2,0.8,4.5,,,,,South India,Vegetarian,Beverage,,100,1,Synthetic_IFCT_schema,Synthetic_Variant
SYN00428,Watermelon (roasted),Fruits,,28.8,125,0.6,0.2,7.6,0.4,7,,8,Pan India,Vegetarian,Breakfast,,200,0,Synthetic_IFCT_schema,Synthetic_Variant
SYN00429,"Onion, raw (steamed)",Vegetables,,37.7,167,1.1,0.1,9.3,1.7,23,0.4,7,Pan India,Vegetarian,lunch,Cooked,200,0,Synthetic_IFCT_schema,Synthetic_Variant
SYN00430,"Chana dal, raw (raw)",Pulses and Legumes,Scientific_12,363.5,1556,20.8,5.6,59.8,,56,4.9,1,North India,Vegetarian,breakfast,Cooked,100,0,Synthetic_IFCT_schema,Synthetic_Variant
SYN00431,Bamboo shoots (roasted),Vegetables,,27.8,113,2.6,0.3,5.2,2.2,,,,East India,Vegetarian,Dinner,Boiled,100,0,Synthetic_IFCT_schema,Synthetic_Variant
SYN00432,"Cauliflower, raw (raw)",Vegetables,,26.9,105,1.9,0.4,4.9,2.5,22,0.4,,Western,Non-Veg,Breakfast,Steamed,200,0,Synthetic_IFCT_schema,Synthetic_Variant
SYN00433,"Peanut, raw (raw)",Nuts and Oilseeds,Scientific_19,609.7,,25.8,49.2,16.1,8.5,92,4.6,0,West India,Non-Vegetarian,Dinner,Cooked,,0,Synthetic_IFCT_schema,Synthetic_Variant
SYN00434,"Mango, ripe (Alphonso) (boiled)",Fruits,Scientific_31,72.6,293,0.6,0.4,17.0,1.6,10,0.3,36,West India,Vegetarian,Lunch,N/A,N/A,0,Synthetic_IFCT_schema,Synthetic_Variant
SYN00435,"Mango, ripe (Alphonso) (boiled)",Fruits,Scientific_31,72.7,293,0.6,0.4,17.0,1.6,10,0.3,36,West India,Vegetarian,Lunch,N/A,N/A,0,Synthetic_IFCT_schema,Synthetic_Variant
SYN00436,Bajra (Pearl millet) (roasted),Cereals and Millets,,363.4,1519,11.6,5.0,67.5,1.2,42,8.0,0,West India,Vegetarian,Main Course,Cooked,150,0,Synthetic_IFCT_schema,Synthetic_Variant
SYN00437,Pomegranate (raw),Fruits,,85.7,347,1.7,1.2,18.7,4.0,10,0.3,10,West India,Vegetarian,Snack,Boiled,N/A,0,Synthetic_IFCT_schema,Synthetic_Variant
SYN00438,Pomegranate (fried),Fruits,Scientific_66,83.8,347,1.7,1.2,18.7,4.0,10,0.3,10,West India,Vegetarian,Dessert,Raw,200,0,Synthetic_IFCT_schema,Synthetic_Variant
SYN00439,Pomegranate (raw),Fruits,Scientific_63,76.5,347,1.7,1.2,18.7,4.0,10,0.3,10,West India,Vegetarian,Any,Baked,N/A,0,Synthetic_IFCT_schema,Synthetic_Variant
SYN00440,Pomegranate (roasted),Fruits,Scientific_70,,347,1.7,1.2,18.7,,10,0.3,10,West India,Veg,Main Course,Baked,200,0,Synthetic_IFCT_schema,Synthetic_Variant
SYN00441,"Momos, veg (steamed) (raw)",Composite Dishes,,170.4,753,5.5,5.5,28.0,2.0,,,,East India,Vegetarian,lunch,Steamed,100,1,Synthetic_IFCT_schema,Synthetic_Variant
SYN00442,Pomegranate (steamed),Fruits,,77.0,347,1.7,1.2,18.7,4.0,10,0.3,10,West India,Vegetarian,Snack,Grilled,150,0,Synthetic_IFCT_schema,Synthetic_Variant
SYN00443,Litti chokha (steamed),Composite Dishes,,336.5,1340,9.0,10.0,50.0,3.5,,,,East India,Vegetarian,Beverage,Fried,100,1,Synthetic_IFCT_schema,Synthetic_Variant
SYN00444,Pomegranate (fried),Fruits,,85.5,347,1.7,1.2,18.7,4.0,10,0.3,10,West India,Vegetarian,Main Course,,N/A,0,Synthetic_IFCT_schema,Synthetic_Variant
SYN00445,Avial (roasted),Composite Dishes,,111.4,481,2.8,6.5,12.0,3.0,,,,South India,Vegetarian,lunch,,100,1,Synthetic_IFCT_schema,Synthetic_Variant
SYN00446,"Moong dal, raw (raw)",Pulses and Legumes,,347.8,,24.0,1.3,59.9,4.1,75,6.7,7,Pan India,Vegetarian,,,,0,Synthetic_IFCT_schema,Synthetic_Variant
SYN00447,Pomegranate (fried),Fruits,Scientific_45,78.5,347,1.7,1.2,18.7,4.0,10,0.3,,West India,Veg,breakfast,Roasted,N/A,0,Synthetic_IFCT_schema,Synthetic_Variant
SYN00448,Pomegranate (boiled),Fruits,,89.0,347,1.7,1.2,18.7,4.0,10,0.3,10,West India,Vegetarian,Main Course,,N/A,0,Synthetic_IFCT_schema,Synthetic_Variant
SYN00449,Pomegranate (steamed),Fruits,,89.2,347,1.7,1.2,18.7,4.0,10,0.3,10,West India,Vegetarian,Snack,Boiled,N/A,0,Synthetic_IFCT_schema,Synthetic_Variant
SYN00450,"Onion, raw (roasted)",Vegetables,,39.9,167,1.1,0.1,9.3,1.7,23,0.4,7,Pan India,Vegetarian,lunch,Cooked,200,0,Synthetic_IFCT_schema,Synthetic_Variant
SYN00451,"Rice, cooked (roasted)",Cereals and Millets,,124.5,544,2.7,0.3,28.2,,3,0.2,0,Pan India,non-vegetarian,Snack,Baked,100,0,Synthetic_IFCT_schema,Synthetic_Variant
SYN00452,Pomegranate (boiled),Fruits,Scientific_78,82.3,347,1.7,1.2,18.7,4.0,10,0.3,10,West India,Vegetarian,,,,0,Synthetic_IFCT_schema,Synthetic_Variant
SYN00453,"Potato, raw (roasted)",Vegetables,Scientific_20,73.4,322,1.9,0.1,17.8,1.8,11,0.7,13,Pan India,Vegetarian,lunch,Cooked,150,0,Synthetic_IFCT_schema,Synthetic_Variant
SYN00454,Pomegranate (raw),Fruits,,,347,1.7,1.2,18.7,4.0,10,0.3,10,North,Vegetarian,Snack,Roasted,,0,Synthetic_IFCT_schema,Synthetic_Variant
SYN00455,"Urad dal, raw (steamed)",Pulses and Legumes,Scientific_15,,1428,25.1,1.4,59.0,1.8,154,4.5,0,South India,Vegetarian,Main Course,Grilled,N/A,0,Synthetic_IFCT_schema,Synthetic_Variant
SYN00456,"Papaya, ripe (fried)",Fruits,,46.4,180,0.5,0.1,10.8,1.7,20,0.1,62,South India,Vegetarian,snack,Fried,,0,Synthetic_IFCT_schema,Synthetic_Variant
SYN00457,Pomegranate (fried),Fruits,,78.8,347,1.7,1.2,18.7,,10,0.3,10,Pan India,Vegetarian,Main Course,Fried,150,0,Synthetic_IFCT_schema,Synthetic_Variant
SYN00458,"Momos, veg (steamed) (roasted)",Composite Dishes,,180.9,753,5.5,5.5,28.0,2.0,,,,East India,Vegetarian,lunch,Steamed,100,1,Synthetic_IFCT_schema,Synthetic_Variant
SYN00459,Bottle gourd (Lauki) (roasted),Vegetables,,14.5,59,0.6,0.1,3.4,0.5,26,0.5,10,Pan India,Vegetarian,Beverage,Fried,150,0,Synthetic_IFCT_schema,Synthetic_Variant
SYN00460,Pomegranate (raw),Fruits,Scientific_59,83.1,347,1.7,1.2,18.7,4.0,10,0.3,10,West India,Vegetarian,Dessert,Steamed,150,0,Synthetic_IFCT_schema,Synthetic_Variant
SYN00461,Pomegranate (fried),Fruits,,83.3,347,1.7,1.2,18.7,4.0,10,0.3,10,West India,Vegetarian,Dessert,N/A,100,0,Synthetic_IFCT_schema,Synthetic_Variant
SYN00462,Pomegranate (steamed),Fruits,,84.2,347,1.7,1.2,18.7,4.0,10,0.3,10,West India,Vegetarian,,Raw,N/A,0,Synthetic_IFCT_schema,Synthetic_Variant
SYN00463,Okra (Bhindi) (steamed),Vegetables,Scientific_26,33.9,138,2.1,0.2,7.0,2.5,82,0.8,21,Pan India,non-vegetarian,,Fried,150,0,Synthetic_IFCT_schema,Synthetic_Variant
SYN00464,Dhokla (boiled),Composite Dishes,,79.8,318,3.5,1.5,12.0,0.8,,,,West India,Vegetarian,Breakfast,N/A,100,1,Synthetic_IFCT_schema,Synthetic_Variant
SYN00465,Pomegranate (boiled),Fruits,,,347,1.7,1.2,18.7,4.0,,0.3,10,West India,Vegetarian,Main Course,Steamed,200,0,Synthetic_IFCT_schema,Synthetic_Variant
SYN00466,Pomegranate (raw),Fruits,,85.8,347,1.7,1.2,18.7,4.0,10,0.3,10,West India,non-vegetarian,,Roasted,100,0,Synthetic_IFCT_schema,Synthetic_Variant
SYN00467,Pomegranate (fried),Fruits,Scientific_65,84.6,347,1.7,1.2,18.7,4.0,10,0.3,10,West India,Vegetarian,Main Course,Baked,N/A,0,Synthetic_IFCT_schema,Synthetic_Variant
SYN00468,Pomegranate (raw),Fruits,,87.2,347,1.7,1.2,18.7,4.0,10,0.3,10,West India,Vegetarian,Main Course,,N/A,0,Synthetic_IFCT_schema,Synthetic_Variant
SYN00469,Pomegranate (steamed),Fruits,,87.5,347,1.7,1.2,18.7,4.0,10,0.3,10,West India,Vegetarian,Main Course,,N/A,0,Synthetic_IFCT_schema,Synthetic_Variant
SYN00470,Ragi (Finger millet) (boiled),Cereals and Millets,Scientific_6,339.7,1373,7.3,1.5,66.8,3.6,344,3.9,0,South India,Vegetarian,Main Course,Boiled,N/A,0,Synthetic_IFCT_schema,Synthetic_Variant
SYN00471,"Chana dal, raw (roasted)",Pulses and Legumes,Scientific_12,365.3,1556,20.8,5.6,59.8,,56,4.9,1,North India,Vegetarian,breakfast,Cooked,100,0,Synthetic_IFCT_schema,Synthetic_Variant
SYN00472,Pomegranate (raw),Fruits,,78.8,347,1.7,1.2,18.7,4.0,10,0.3,10,West India,Vegetarian,Main Course,,N/A,0,Synthetic_IFCT_schema,Synthetic_Variant
SYN00473,Pomegranate (roasted),Fruits,,87.7,347,1.7,1.2,18.7,4.0,,0.3,10,West India,Vegetarian,Main Course,Grilled,,0,Synthetic_IFCT_schema,Synthetic_Variant
SYN00474,Bajra (Pearl millet) (roasted),Cereals and Millets,,345.2,1519,11.6,5.0,67.5,1.2,42,8.0,0,West India,Vegetarian,Main Course,Cooked,150,0,Synthetic_IFCT_schema,Synthetic_Variant
SYN00475,Pomegranate (raw),Fruits,,82.8,347,1.7,1.2,18.7,4.0,10,0.3,10,West India,Vegetarian,Snack,Grilled,150,0,Synthetic_IFCT_schema,Synthetic_Variant
SYN00476,Pomegranate (steamed),Fruits,,86.7,347,1.7,1.2,18.7,4.0,,0.3,10,West India,Vegetarian,breakfast,,,0,Synthetic_IFCT_schema,Synthetic_Variant
SYN00477,"Onion, raw (roasted)",Vegetables,,38.5,167,1.1,0.1,9.3,1.7,23,0.4,7,Pan India,Vegetarian,lunch,Cooked,200,0,Synthetic_IFCT_schema,Synthetic_Variant
SYN00478,Sabudana (Tapioca pearls) (boiled),Cereals and Millets,,354.2,1469,0.2,0.2,88.7,0.9,,,,West India,Vegetarian,Dinner,Steamed,100,0,Synthetic_IFCT_schema,Synthetic_Variant
SYN00479,Puttu (boiled),Composite Dishes,,188.3,733,3.5,1.2,38.0,1.5,,,,South India,Vegetarian,Main Course,,100,1,Synthetic_IFCT_schema,Synthetic_Variant
SYN00480,Pomegranate (fried),Fruits,Scientific_70,,347,1.7,1.2,18.7,,10,0.3,10,West India,Veg,Main Course,Baked,200,0,Synthetic_IFCT_schema,Synthetic_Variant
SYN00481,Pomegranate (steamed),Fruits,,82.2,347,1.7,1.2,18.7,4.0,,0.3,10,West India,Vegetarian,Main Course,Grilled,,0,Synthetic_IFCT_schema,Synthetic_Variant
SYN00482,Bamboo shoots (boiled),Vegetables,,26.5,113,2.6,0.3,5.2,2.2,,,,East India,Vegetarian,Dinner,Boiled,100,0,Synthetic_IFCT_schema,Synthetic_Variant
SYN00483,Bamboo shoots (raw),Vegetables,,26.0,113,2.6,0.3,5.2,2.2,,,,East India,Vegetarian,Dinner,Boiled,100,0,Synthetic_IFCT_schema,Synthetic_Variant
SYN00484,Pomegranate (raw),Fruits,,80.8,347,1.7,1.2,18.7,4.0,10,0.3,,West India,Veg,lunch,,,0,Synthetic_IFCT_schema,Synthetic_Variant
SYN00485,"Chana dal, raw (fried)",Pulses and Legumes,Scientific_12,366.1,1556,20.8,5.6,59.8,,56,4.9,1,North India,Vegetarian,breakfast,Cooked,100,0,Synthetic_IFCT_schema,Synthetic_Variant
SYN00486,Pomegranate (roasted),Fruits,,86.2,347,1.7,1.2,18.7,4.0,10,0.3,10,West India,non-vegetarian,,Roasted,100,0,Synthetic_IFCT_schema,Synthetic_Variant
SYN00487,Pomegranate (roasted),Fruits,Scientific_61,78.3,347,1.7,1.2,18.7,4.0,10,0.3,,West India,Vegetarian,Dessert,,100,0,Synthetic_IFCT_schema,Synthetic_Variant
SYN00488,Cowpea (Black-eyed pea) (steamed),Pulses and Legumes,,347.4,1351,23.4,1.8,54.5,,227,8.6,1,South India,Vegetarian,Lunch,Roasted,200,0,Synthetic_IFCT_schema,Synthetic_Variant
SYN00489,Pomegranate (fried),Fruits,Scientific_78,79.3,347,1.7,1.2,18.7,4.0,10,0.3,10,West India,Vegetarian,,,,0,Synthetic_IFCT_schema,Synthetic_Variant
SYN00490,Bitter gourd (Karela) (raw),Vegetables,Scientific_27,17.4,,1.0,0.2,3.4,2.8,20,0.6,84,Pan India,Vegetarian,snack,,,0,Synthetic_IFCT_schema,Synthetic_Variant
SYN00491,"Peanut, raw (boiled)",Nuts and Oilseeds,Scientific_19,585.1,,25.8,49.2,16.1,8.5,92,4.6,0,West India,Non-Vegetarian,Dinner,Cooked,,0,Synthetic_IFCT_schema,Synthetic_Variant
SYN00492,Pomegranate (boiled),Fruits,,82.4,347,1.7,1.2,18.7,4.0,10,0.3,10,West India,non-vegetarian,,Roasted,100,0,Synthetic_IFCT_schema,Synthetic_Variant
SYN00493,Pomegranate (roasted),Fruits,Scientific_47,80.6,,1.7,1.2,18.7,4.0,10,0.3,10,West India,Non-Veg,snack,Grilled,200,0,Synthetic_IFCT_schema,Synthetic_Variant
SYN00494,Amla (Indian gooseberry) (raw),Fruits,,40.6,184,0.9,0.6,10.2,4.3,50,1.2,600,Western,Vegetarian,breakfast,Roasted,150,0,Synthetic_IFCT_schema,Synthetic_Variant
SYN00495,Pomegranate (raw),Fruits,Scientific_62,80.4,347,1.7,1.2,18.7,4.0,10,0.3,10,West India,non-vegetarian,snack,Fried,,0,Synthetic_IFCT_schema,Synthetic_Variant
SYN00496,Machher jhol (steamed),Composite Dishes,,158.6,649,17.0,9.0,3.0,0.6,,,,East India,Non-Vegetarian,Dessert,Boiled,100,1,Synthetic_IFCT_schema,Synthetic_Variant
SYN00497,Pomegranate (steamed),Fruits,,87.6,347,1.7,1.2,18.7,4.0,10,0.3,10,West India,Vegetarian,Dessert,Steamed,150,0,Synthetic_IFCT_schema,Synthetic_Variant
SYN00498,Pomegranate (fried),Fruits,,77.7,347,1.7,1.2,18.7,4.0,,0.3,10,West India,Vegetarian,breakfast,,,0,Synthetic_IFCT_schema,Synthetic_Variant
SYN00499,"Spinach (Palak), raw (raw)",Vegetables,Scientific_23,,96,2.0,0.3,3.5,,99,1.8,28,Pan India,Vegetarian,breakfast,Fried,200,0,Synthetic_IFCT_schema,Synthetic_Variant
SYN00500,"Peanut, raw (raw)",Nuts and Oilseeds,Scientific_19,531.2,,25.8,49.2,16.1,8.5,92,4.6,0,West India,Non-Vegetarian,Dinner,Cooked,,0,Synthetic_IFCT_schema,Synthetic_Variant
SYN00501,"Urad dal, raw (roasted)",Pulses and Legumes,Scientific_15,,1428,25.1,1.4,59.0,1.8,154,4.5,0,South India,Vegetarian,Main Course,Grilled,N/A,0,Synthetic_IFCT_schema,Synthetic_Variant
SYN00502,Pomegranate (steamed),Fruits,Scientific_40,89.6,347,1.7,1.2,18.7,4.0,10,0.3,10,West India,Vegetarian,Any,Cooked,N/A,0,Synthetic_IFCT_schema,Synthetic_Variant
SYN00503,Pomegranate (roasted),Fruits,Scientific_63,88.8,347,1.7,1.2,18.7,4.0,10,0.3,10,West India,Vegetarian,Any,Baked,N/A,0,Synthetic_IFCT_schema,Synthetic_Variant
SYN00504,Pomegranate (roasted),Fruits,,,347,1.7,1.2,18.7,4.0,,0.3,10,West India,Vegetarian,Main Course,Steamed,200,0,Synthetic_IFCT_schema,Synthetic_Variant
SYN00505,Pomegranate (roasted),Fruits,Scientific_40,84.2,347,1.7,1.2,18.7,4.0,10,0.3,10,West India,Vegetarian,Any,Cooked,N/A,0,Synthetic_IFCT_schema,Synthetic_Variant
SYN00506,Pomegranate (steamed),Fruits,Scientific_59,82.8,347,1.7,1.2,18.7,4.0,10,0.3,10,West India,Vegetarian,Dessert,Steamed,150,0,Synthetic_IFCT_schema,Synthetic_Variant
SYN00507,Pomegranate (roasted),Fruits,Scientific_50,88.4,347,1.7,1.2,18.7,4.0,10,0.3,,North India,Veg,Beverage,Steamed,100,0,Synthetic_IFCT_schema,Synthetic_Variant
SYN00508,"Tomato, raw (fried)",Vegetables,,,75,0.9,0.2,3.9,1.2,13,,27,Pan India,Vegetarian,Dessert,Roasted,100,0,Synthetic_IFCT_schema,Synthetic_Variant
SYN00509,Pomegranate (fried),Fruits,Scientific_68,87.8,347,1.7,1.2,18.7,4.0,10,0.3,10,Northern,Veg,dinner,Steamed,N/A,0,Synthetic_IFCT_schema,Synthetic_Variant
SYN00510,"Mango, ripe (Alphonso) (boiled)",Fruits,Scientific_31,73.1,293,0.6,0.4,17.0,1.6,10,0.3,36,West India,Vegetarian,Lunch,N/A,N/A,0,Synthetic_IFCT_schema,Synthetic_Variant
SYN00511,Pomegranate (boiled),Fruits,Scientific_79,80.7,347,1.7,1.2,18.7,,,0.3,,West India,Vegetarian,lunch,Fried,200,0,Synthetic_IFCT_schema,Synthetic_Variant
SYN00512,"Wheat flour, refined (steamed)",Cereals and Millets,Scientific_3,340.2,1456,10.3,0.9,73.9,0.3,23,2.7,0,North India,Vegetarian,snack,,,0,Synthetic_IFCT_schema,Synthetic_Variant
SYN00513,Pomegranate (roasted),Fruits,,88.1,347,1.7,1.2,18.7,4.0,10,0.3,10,East,Vegetarian,snack,Grilled,100,0,Synthetic_IFCT_schema,Synthetic_Variant
SYN00514,Pomegranate (fried),Fruits,,86.8,347,1.7,1.2,18.7,4.0,10,0.3,,West India,Veg,lunch,,,0,Synthetic_IFCT_schema,Synthetic_Variant
SYN00515,Watermelon (fried),Fruits,,29.1,125,0.6,0.2,7.6,0.4,7,,8,Pan India,Vegetarian,Breakfast,,200,0,Synthetic_IFCT_schema,Synthetic_Variant
SYN00516,Methi thepla (raw),Composite Dishes,,292.7,1193,7.5,12.0,38.0,3.0,,,,West India,Vegetarian,Beverage,Boiled,100,1,Synthetic_IFCT_schema,Synthetic_Variant
SYN00517,"Onion, raw (boiled)",Vegetables,,39.3,167,1.1,0.1,9.3,1.7,23,0.4,7,Pan India,Vegetarian,lunch,Cooked,200,0,Synthetic_IFCT_schema,Synthetic_Variant
SYN00518,Pomegranate (roasted),Fruits,,86.8,347,1.7,1.2,18.7,4.0,10,0.3,10,West India,Vegetarian,Breakfast,N/A,,0,Synthetic_IFCT_schema,Synthetic_Variant
SYN00519,Pomegranate (fried),Fruits,Scientific_78,79.5,347,1.7,1.2,18.7,4.0,10,0.3,10,West India,Vegetarian,,,,0,Synthetic_IFCT_schema,Synthetic_Variant
SYN00520,Pomegranate (steamed),Fruits,Scientific_78,81.5,347,1.7,1.2,18.7,4.0,10,0.3,10,West India,Vegetarian,,,,0,Synthetic_IFCT_schema,Synthetic_Variant
SYN00521,Shrikhand (steamed),Milk and Milk Products,,205.8,921,7.0,7.0,33.0,,,,,West India,Vegetarian,Dinner,Cooked,100,0,Synthetic_IFCT_schema,Synthetic_Variant
SYN00522,"Rice, raw, milled (steamed)",Cereals and Millets,,,1448,6.8,0.5,78.2,0.2,10,0.7,,Pan India,Vegetarian,Breakfast,Baked,,0,Synthetic_IFCT_schema,Synthetic_Variant
SYN00523,"Moong dal, raw (raw)",Pulses and Legumes,,358.2,,24.0,1.3,59.9,4.1,75,6.7,7,Pan India,Vegetarian,,,,0,Synthetic_IFCT_schema,Synthetic_Variant
SYN00524,Kabuli chana (roasted),Pulses and Legumes,,376.8,,20.1,5.3,60.9,7.6,202,4.9,3,North India,Vegetarian,Breakfast,Grilled,N/A,0,Synthetic_IFCT_schema,Synthetic_Variant
SYN00525,"Onion, raw (steamed)",Vegetables,,37.7,167,1.1,0.1,9.3,1.7,23,0.4,7,Pan India,Vegetarian,lunch,Cooked,200,0,Synthetic_IFCT_schema,Synthetic_Variant
SYN00526,Pomegranate (steamed),Fruits,,83.6,347,1.7,1.2,18.7,4.0,10,0.3,10,West India,Vegetarian,Lunch,Steamed,100,0,Synthetic_IFCT_schema,Synthetic_Variant
SYN00527,Pomegranate (roasted),Fruits,,89.3,347,1.7,1.2,18.7,4.0,10,0.3,10,Unknown,Vegetarian,Beverage,Steamed,N/A,0,Synthetic_IFCT_schema,Synthetic_Variant
SYN00528,Okra (Bhindi) (fried),Vegetables,Scientific_26,31.2,138,2.1,0.2,7.0,2.5,82,0.8,21,Pan India,non-vegetarian,,Fried,150,0,Synthetic_IFCT_schema,Synthetic_Variant
SYN00529,Pomegranate (fried),Fruits,Scientific_68,89.2,347,1.7,1.2,18.7,4.0,10,0.3,10,Northern,Veg,dinner,Steamed,N/A,0,Synthetic_IFCT_schema,Synthetic_Variant
SYN00530,Cowpea (Black-eyed pea) (boiled),Pulses and Legumes,,320.0,1351,23.4,1.8,54.5,,227,8.6,1,South India,Vegetarian,Lunch,Roasted,200,0,Synthetic_IFCT_schema,Synthetic_Variant
SYN00531,Pomegranate (fried),Fruits,Scientific_66,82.1,347,1.7,1.2,18.7,4.0,10,0.3,10,West India,Vegetarian,Dessert,Raw,200,0,Synthetic_IFCT_schema,Synthetic_Variant
SYN00532,Pomegranate (roasted),Fruits,,86.9,347,1.7,1.2,18.7,,10,0.3,10,Pan India,Vegetarian,Main Course,Fried,150,0,Synthetic_IFCT_schema,Synthetic_Variant
SYN00533,Methi thepla (steamed),Composite Dishes,,289.3,1193,7.5,12.0,38.0,3.0,,,,West India,Vegetarian,Beverage,Boiled,100,1,Synthetic_IFCT_schema,Synthetic_Variant
SYN00534,"Wheat flour, whole (steamed)",Cereals and Millets,Scientific_2,356.2,1427,11.8,1.5,69.4,1.9,41,4.9,0,North India,Vegetarian,Beverage,Cooked,150,0,Synthetic_IFCT_schema,Synthetic_Variant
SYN00535,Fenugreek leaves (Methi) (fried),Vegetables,Scientific_28,50.5,205,4.4,0.9,6.0,1.1,,1.9,52,North India,Vegetarian,Dessert,Boiled,150,0,Synthetic_IFCT_schema,Synthetic_Variant
SYN00536,Pomegranate (raw),Fruits,,76.8,347,1.7,1.2,18.7,4.0,10,0.3,10,West India,Vegetarian,Snack,Grilled,150,0,Synthetic_IFCT_schema,Synthetic_Variant
SYN00537,Rasam (boiled),Composite Dishes,,28.2,125,1.2,0.8,4.5,,,,,South India,Vegetarian,Beverage,,100,1,Synthetic_IFCT_schema,Synthetic_Variant
SYN00538,Pomegranate (roasted),Fruits,,89.6,347,1.7,1.2,18.7,4.0,10,,10,West India,Vegetarian,Snack,N/A,150,0,Synthetic_IFCT_schema,Synthetic_Variant
SYN00539,Okra (Bhindi) (steamed),Vegetables,Scientific_26,34.1,138,2.1,0.2,7.0,2.5,82,0.8,21,Pan India,non-vegetarian,,Fried,150,0,Synthetic_IFCT_schema,Synthetic_Variant
SYN00540,Amla (Indian gooseberry) (steamed),Fruits,,47.4,184,0.9,0.6,10.2,4.3,50,1.2,600,Western,Vegetarian,breakfast,Roasted,150,0,Synthetic_IFCT_schema,Synthetic_Variant
SYN00541,Pomegranate (raw),Fruits,,76.8,347,1.7,1.2,18.7,4.0,10,0.3,10,West India,Vegetarian,Dessert,Steamed,150,0,Synthetic_IFCT_schema,Synthetic_Variant
SYN00542,Pomegranate (fried),Fruits,Scientific_59,85.9,347,1.7,1.2,18.7,4.0,10,0.3,10,West India,Vegetarian,Dessert,Steamed,150,0,Synthetic_IFCT_schema,Synthetic_Variant
SYN00543,Okra (Bhindi) (boiled),Vegetables,Scientific_26,34.2,138,2.1,0.2,7.0,2.5,82,0.8,21,Pan India,non-vegetarian,,Fried,150,0,Synthetic_IFCT_schema,Synthetic_Variant
SYN00544,Pomegranate (boiled),Fruits,,79.9,347,1.7,1.2,18.7,4.0,10,0.3,10,West India,Vegetarian,Main Course,Fried,,0,Synthetic_IFCT_schema,Synthetic_Variant
SYN00545,Pomegranate (fried),Fruits,Scientific_66,77.3,347,1.7,1.2,18.7,4.0,10,0.3,10,West India,Vegetarian,Dessert,Raw,200,0,Synthetic_IFCT_schema,Synthetic_Variant
SYN00546,Rajma (Kidney beans) (boiled),Pulses and Legumes,,366.3,1448,22.9,1.5,60.6,6.4,260,7.0,4,North India,Vegetarian,Any,N/A,N/A,0,Synthetic_IFCT_schema,Synthetic_Variant
SYN00547,Pomegranate (boiled),Fruits,,82.3,347,1.7,1.2,18.7,,10,0.3,10,Pan India,Vegetarian,Main Course,Fried,150,0,Synthetic_IFCT_schema,Synthetic_Variant
SYN00548,Pomegranate (roasted),Fruits,Scientific_73,85.8,347,1.7,1.2,18.7,4.0,10,0.3,10,West India,Vegetarian,snack,Cooked,100,0,Synthetic_IFCT_schema,Synthetic_Variant
SYN00549,Pomegranate (steamed),Fruits,Scientific_61,78.3,347,1.7,1.2,18.7,4.0,10,0.3,,West India,Vegetarian,Dessert,,100,0,Synthetic_IFCT_schema,Synthetic_Variant
SYN00550,Pomegranate (steamed),Fruits,Scientific_47,88.7,,1.7,1.2,18.7,4.0,10,0.3,10,West India,Non-Veg,snack,Grilled,200,0,Synthetic_IFCT_schema,Synthetic_Variant
SYN00551,Pomegranate (raw),Fruits,,82.2,347,1.7,1.2,18.7,4.0,10,0.3,10,West India,Vegetarian,Dessert,Steamed,150,0,Synthetic_IFCT_schema,Synthetic_Variant
SYN00552,Pomegranate (fried),Fruits,Scientific_70,,347,1.7,1.2,18.7,,10,0.3,10,West India,Veg,Main Course,Baked,200,0,Synthetic_IFCT_schema,Synthetic_Variant
SYN00553,Brinjal (Eggplant) (boiled),Vegetables,,23.6,105,1.4,0.3,5.5,3.4,18,0.3,2,Pan India,Vegetarian,lunch,Steamed,100,0,Synthetic_IFCT_schema,Synthetic_Variant
SYN00554,"Coconut, fresh (boiled)",Nuts and Oilseeds,Scientific_30,339.3,1482,3.3,33.5,15.2,9.0,14,1.9,3,South India,Vegetarian,Lunch,,200,0,Synthetic_IFCT_schema,Synthetic_Variant
SYN00555,Pomegranate (raw),Fruits,Scientific_50,86.8,347,1.7,1.2,18.7,4.0,10,0.3,,North India,Veg,Beverage,Steamed,100,0,Synthetic_IFCT_schema,Synthetic_Variant
SYN00556,Pomegranate (roasted),Fruits,,77.6,347,1.7,1.2,18.7,4.0,10,0.3,10,West India,Vegetarian,Main Course,,N/A,0,Synthetic_IFCT_schema,Synthetic_Variant
SYN00557,"Onion, raw (roasted)",Vegetables,,36.8,167,1.1,0.1,9.3,1.7,23,0.4,7,Pan India,Vegetarian,lunch,Cooked,200,0,Synthetic_IFCT_schema,Synthetic_Variant
SYN00558,Pomegranate (steamed),Fruits,,81.9,347,1.7,1.2,18.7,4.0,10,0.3,10,West India,Vegetarian,Lunch,Steamed,100,0,Synthetic_IFCT_schema,Synthetic_Variant
SYN00559,"Coconut, fresh (steamed)",Nuts and Oilseeds,Scientific_30,377.0,1482,3.3,33.5,15.2,9.0,14,1.9,3,South India,Vegetarian,Lunch,,200,0,Synthetic_IFCT_schema,Synthetic_Variant
SYN00560,Sabudana (Tapioca pearls) (steamed),Cereals and Millets,,355.8,1469,0.2,0.2,88.7,0.9,,,,West India,Vegetarian,Dinner,Steamed,100,0,Synthetic_IFCT_schema,Synthetic_Variant
SYN00561,Ragi (Finger millet) (roasted),Cereals and Millets,Scientific_6,325.6,1373,7.3,1.5,66.8,3.6,344,3.9,0,South India,Vegetarian,Main Course,Boiled,N/A,0,Synthetic_IFCT_schema,Synthetic_Variant
SYN00562,Khandvi (roasted),Composite Dishes,,127.2,544,4.5,4.8,18.0,1.2,,,,West India,Vegetarian,breakfast,Roasted,100,1,Synthetic_IFCT_schema,Synthetic_Variant
SYN00563,Maize flour (steamed),Cereals and Millets,Scientific_7,333.3,1485,8.7,3.6,70.0,2.7,9,2.3,,Pan India,Vegetarian,Main Course,N/A,N/A,0,Synthetic_IFCT_schema,Synthetic_Variant
SYN00564,"Mango, ripe (Alphonso) (boiled)",Fruits,Scientific_31,69.3,293,0.6,0.4,17.0,1.6,10,0.3,36,West India,Vegetarian,Lunch,N/A,N/A,0,Synthetic_IFCT_schema,Synthetic_Variant
SYN00565,"Peanut, raw (boiled)",Nuts and Oilseeds,Scientific_19,554.8,,25.8,49.2,16.1,8.5,92,4.6,0,West India,Non-Vegetarian,Dinner,Cooked,,0,Synthetic_IFCT_schema,Synthetic_Variant
SYN00566,"Peanut, raw (steamed)",Nuts and Oilseeds,Scientific_19,523.9,,25.8,49.2,16.1,8.5,92,4.6,0,West India,Non-Vegetarian,Dinner,Cooked,,0,Synthetic_IFCT_schema,Synthetic_Variant
SYN00567,Pomegranate (boiled),Fruits,,82.8,347,1.7,1.2,18.7,4.0,10,0.3,10,Unknown,Vegetarian,Beverage,Steamed,N/A,0,Synthetic_IFCT_schema,Synthetic_Variant
SYN00568,"Jackfruit, raw (roasted)",Fruits,,94.0,398,1.7,0.6,23.2,1.5,,,,South India,Vegetarian,Any,Baked,100,0,Synthetic_IFCT_schema,Synthetic_Variant
SYN00569,Pomegranate (roasted),Fruits,,84.4,347,1.7,1.2,18.7,4.0,10,,10,West India,Vegetarian,Snack,N/A,150,0,Synthetic_IFCT_schema,Synthetic_Variant
SYN00570,"Chana dal, raw (fried)",Pulses and Legumes,Scientific_12,374.3,1556,20.8,5.6,59.8,,56,4.9,1,North India,Vegetarian,breakfast,Cooked,100,0,Synthetic_IFCT_schema,Synthetic_Variant
SYN00571,Appam (raw),Composite Dishes,,122.7,502,2.5,2.8,22.0,0.5,,,,South India,Vegetarian,Beverage,N/A,100,1,Synthetic_IFCT_schema,Synthetic_Variant
SYN00572,Pomegranate (raw),Fruits,Scientific_69,79.6,347,1.7,1.2,18.7,4.0,10,0.3,,West India,Vegetarian,Dinner,Fried,150,0,Synthetic_IFCT_schema,Synthetic_Variant
SYN00573,Pomegranate (raw),Fruits,Scientific_66,82.7,347,1.7,1.2,18.7,4.0,10,0.3,10,West India,Vegetarian,Dessert,Raw,200,0,Synthetic_IFCT_schema,Synthetic_Variant
SYN00574,Sattu (roasted gram flour) (steamed),Cereals and Millets,,402.0,1700,22.5,7.0,64.0,1.8,,,,East India,Vegetarian,snack,Grilled,100,0,Synthetic_IFCT_schema,Synthetic_Variant
SYN00575,Oats (fried),Cereals and Millets,,394.7,1628,16.9,6.9,66.3,,54,4.7,0,North India,Vegetarian,Breakfast,Cooked,100,0,Synthetic_IFCT_schema,Synthetic_Variant
SYN00576,Methi thepla (steamed),Composite Dishes,,267.0,1193,7.5,12.0,38.0,3.0,,,,West India,Vegetarian,Beverage,Boiled,100,1,Synthetic_IFCT_schema,Synthetic_Variant
SYN00577,Pomegranate (boiled),Fruits,Scientific_45,88.1,347,1.7,1.2,18.7,4.0,10,0.3,,West India,Veg,breakfast,Roasted,N/A,0,Synthetic_IFCT_schema,Synthetic_Variant
SYN00578,Brinjal (Eggplant) (boiled),Vegetables,,25.8,105,1.4,0.3,5.5,3.4,18,0.3,2,Pan India,Vegetarian,lunch,Steamed,100,0,Synthetic_IFCT_schema,Synthetic_Variant
SYN00579,Pomegranate (boiled),Fruits,,76.4,347,1.7,1.2,18.7,4.0,10,0.3,10,West India,Vegetarian,Snack,Grilled,150,0,Synthetic_IFCT_schema,Synthetic_Variant
SYN00580,Pomegranate (fried),Fruits,,77.6,347,1.7,1.2,18.7,4.0,10,0.3,10,West India,Vegetarian,Lunch,Steamed,100,0,Synthetic_IFCT_schema,Synthetic_Variant
SYN00581,Pomegranate (roasted),Fruits,Scientific_62,77.2,347,1.7,1.2,18.7,4.0,10,0.3,10,West India,non-vegetarian,snack,Fried,,0,Synthetic_IFCT_schema,Synthetic_Variant
SYN00582,Pomegranate (roasted),Fruits,,80.3,347,1.7,1.2,18.7,4.0,10,0.3,10,West India,non-vegetarian,,Roasted,100,0,Synthetic_IFCT_schema,Synthetic_Variant
SYN00583,Pomegranate (boiled),Fruits,Scientific_80,,347,1.7,1.2,18.7,4.0,10,0.3,10,West India,Vegetarian,lunch,Cooked,200,0,Synthetic_IFCT_schema,Synthetic_Variant
SYN00584,Puttu (roasted),Composite Dishes,,161.8,733,3.5,1.2,38.0,1.5,,,,South India,Vegetarian,Main Course,,100,1,Synthetic_IFCT_schema,Synthetic_Variant
SYN00585,Pomegranate (raw),Fruits,Scientific_79,82.2,347,1.7,1.2,18.7,,,0.3,,West India,Vegetarian,lunch,Fried,200,0,Synthetic_IFCT_schema,Synthetic_Variant
SYN00586,Guava (steamed),Fruits,,71.0,285,2.6,1.0,14.3,5.4,18,,228,Maharashtra,Vegetarian,Snack,Baked,N/A,0,Synthetic_IFCT_schema,Synthetic_Variant
SYN00587,Pomegranate (raw),Fruits,Scientific_61,83.5,347,1.7,1.2,18.7,4.0,10,0.3,,West India,Vegetarian,Dessert,,100,0,Synthetic_IFCT_schema,Synthetic_Variant
SYN00588,Guava (roasted),Fruits,,64.5,285,2.6,1.0,14.3,5.4,18,,228,Maharashtra,Vegetarian,Snack,Baked,N/A,0,Synthetic_IFCT_schema,Synthetic_Variant
SYN00589,Shrikhand (raw),Milk and Milk Products,,218.4,921,7.0,7.0,33.0,,,,,West India,Vegetarian,Dinner,Cooked,100,0,Synthetic_IFCT_schema,Synthetic_Variant
SYN00590,Pomegranate (roasted),Fruits,,,347,1.7,1.2,18.7,4.0,10,0.3,,West India,Vegetarian,breakfast,Fried,,0,Synthetic_IFCT_schema,Synthetic_Variant
SYN00591,"Spinach (Palak), raw (steamed)",Vegetables,Scientific_23,,96,2.0,0.3,3.5,,99,1.8,28,Pan India,Vegetarian,breakfast,Fried,200,0,Synthetic_IFCT_schema,Synthetic_Variant
SYN00592,Pomegranate (raw),Fruits,Scientific_65,86.4,347,1.7,1.2,18.7,4.0,10,0.3,10,West India,Vegetarian,Main Course,Baked,N/A,0,Synthetic_IFCT_schema,Synthetic_Variant
SYN00593,Puttu (raw),Composite Dishes,,188.7,733,3.5,1.2,38.0,1.5,,,,South India,Vegetarian,Main Course,,100,1,Synthetic_IFCT_schema,Synthetic_Variant
SYN00594,Pomegranate (roasted),Fruits,Scientific_71,81.7,347,1.7,1.2,18.7,4.0,10,0.3,10,West India,Vegetarian,Breakfast,Fried,100,0,Synthetic_IFCT_schema,Synthetic_Variant
SYN00595,"Jackfruit, raw (fried)",Fruits,,92.1,398,1.7,0.6,23.2,1.5,,,,South India,Vegetarian,Any,Baked,100,0,Synthetic_IFCT_schema,Synthetic_Variant
SYN00596,Oats (fried),Cereals and Millets,,388.6,1628,16.9,6.9,66.3,,54,4.7,0,North India,Vegetarian,Breakfast,Cooked,100,0,Synthetic_IFCT_schema,Synthetic_Variant
SYN00597,Kabuli chana (steamed),Pulses and Legumes,,346.1,,20.1,5.3,60.9,7.6,202,4.9,3,North India,Vegetarian,Breakfast,Grilled,N/A,0,Synthetic_IFCT_schema,Synthetic_Variant
SYN00598,Pomegranate (roasted),Fruits,,88.0,347,1.7,1.2,18.7,4.0,10,0.3,10,West India,Vegetarian,Dessert,N/A,100,0,Synthetic_IFCT_schema,Synthetic_Variant
SYN00599,"Soybean, raw (boiled)",Pulses and Legumes,,432.1,1808,36.5,19.9,30.2,9.3,240,,,West India,Vegetarian,Any,Boiled,150,0,Synthetic_IFCT_schema,Synthetic_Variant
SYN00600,"Soybean, raw (raw)",Pulses and Legumes,,456.3,1808,36.5,19.9,30.2,9.3,240,,,West India,Vegetarian,Any,Boiled,150,0,Synthetic_IFCT_schema,Synthetic_Variant
SYN00601,Pomegranate (raw),Fruits,,86.0,347,1.7,1.2,18.7,4.0,,0.3,10,West India,Vegetarian,Main Course,Grilled,,0,Synthetic_IFCT_schema,Synthetic_Variant
SYN00602,Pomegranate (roasted),Fruits,,81.3,347,1.7,1.2,18.7,4.0,10,0.3,10,West India,Vegetarian,breakfast,,100,0,Synthetic_IFCT_schema,Synthetic_Variant
SYN00603,Machher jhol (boiled),Composite Dishes,,155.9,649,17.0,9.0,3.0,0.6,,,,East India,Non-Vegetarian,Dessert,Boiled,100,1,Synthetic_IFCT_schema,Synthetic_Variant
SYN00604,"Tofu, firm (steamed)",Pulses and Legumes,,77.5,318,8.0,4.8,1.9,0.3,,,,West India,Vegetarian,Lunch,N/A,100,0,Synthetic_IFCT_schema,Synthetic_Variant
SYN00605,Oats (raw),Cereals and Millets,,375.5,1628,16.9,6.9,66.3,,54,4.7,0,North India,Vegetarian,Breakfast,Cooked,100,0,Synthetic_IFCT_schema,Synthetic_Variant
SYN00606,Pomegranate (steamed),Fruits,,86.0,347,1.7,1.2,18.7,,10,0.3,10,West India,Vegetarian,Dinner,Baked,100,0,Synthetic_IFCT_schema,Synthetic_Variant
SYN00607,Pomegranate (boiled),Fruits,,83.9,347,1.7,1.2,18.7,4.0,10,0.3,10,West India,Vegetarian,,Raw,N/A,0,Synthetic_IFCT_schema,Synthetic_Variant
SYN00608,Kabuli chana (boiled),Pulses and Legumes,,370.7,,20.1,5.3,60.9,7.6,202,4.9,3,North India,Vegetarian,Breakfast,Grilled,N/A,0,Synthetic_IFCT_schema,Synthetic_Variant
SYN00609,Pomegranate (roasted),Fruits,,84.8,347,1.7,1.2,18.7,4.0,10,0.3,10,West India,Vegetarian,Beverage,Steamed,,0,Synthetic_IFCT_schema,Synthetic_Variant
SYN00610,Khandvi (roasted),Composite Dishes,,138.9,544,4.5,4.8,18.0,1.2,,,,West India,Vegetarian,breakfast,Roasted,100,1,Synthetic_IFCT_schema,Synthetic_Variant
SYN00611,Pomegranate (boiled),Fruits,,84.5,347,1.7,1.2,18.7,4.0,,0.3,10,West India,Vegetarian,Main Course,Grilled,,0,Synthetic_IFCT_schema,Synthetic_Variant
SYN00612,Pomegranate (steamed),Fruits,Scientific_67,84.2,347,1.7,1.2,18.7,4.0,10,0.3,10,West India,Non-Vegetarian,lunch,Roasted,200,0,Synthetic_IFCT_schema,Synthetic_Variant
SYN00613,Appam (boiled),Composite Dishes,,114.0,502,2.5,2.8,22.0,0.5,,,,South India,Vegetarian,Beverage,N/A,100,1,Synthetic_IFCT_schema,Synthetic_Variant
SYN00614,Maize flour (roasted),Cereals and Millets,Scientific_7,333.2,1485,8.7,3.6,70.0,2.7,9,2.3,,Pan India,Vegetarian,Main Course,N/A,N/A,0,Synthetic_IFCT_schema,Synthetic_Variant
SYN00615,Jowar (Sorghum) (boiled),Cereals and Millets,Scientific_5,352.1,,10.4,1.9,72.6,1.6,25,,0,Unknown,Vegetarian,Main Course,Fried,,0,Synthetic_IFCT_schema,Synthetic_Variant
SYN00616,Pomegranate (fried),Fruits,,78.5,347,1.7,1.2,18.7,4.0,10,0.3,10,West India,Vegetarian,Dessert,N/A,100,0,Synthetic_IFCT_schema,Synthetic_Variant
SYN00617,"Peanut, raw (fried)",Nuts and Oilseeds,Scientific_19,600.2,,25.8,49.2,16.1,8.5,92,4.6,0,West India,Non-Vegetarian,Dinner,Cooked,,0,Synthetic_IFCT_schema,Synthetic_Variant
SYN00618,"Moong dal, raw (roasted)",Pulses and Legumes,,326.1,,24.0,1.3,59.9,4.1,75,6.7,7,Pan India,Vegetarian,,,,0,Synthetic_IFCT_schema,Synthetic_Variant
SYN00619,Khandvi (roasted),Composite Dishes,,128.7,544,4.5,4.8,18.0,1.2,,,,West India,Vegetarian,breakfast,Roasted,100,1,Synthetic_IFCT_schema,Synthetic_Variant
SYN00620,Pomegranate (fried),Fruits,Scientific_78,80.2,347,1.7,1.2,18.7,4.0,10,0.3,10,West India,Vegetarian,,,,0,Synthetic_IFCT_schema,Synthetic_Variant
SYN00621,"Mango, ripe (Alphonso) (boiled)",Fruits,Scientific_31,74.0,293,0.6,0.4,17.0,1.6,10,0.3,36,West India,Vegetarian,Lunch,N/A,N/A,0,Synthetic_IFCT_schema,Synthetic_Variant
SYN00622,"Papaya, ripe (boiled)",Fruits,,46.0,180,0.5,0.1,10.8,1.7,20,0.1,62,South India,Vegetarian,snack,Fried,,0,Synthetic_IFCT_schema,Synthetic_Variant
SYN00623,"Wheat flour, whole (raw)",Cereals and Millets,Scientific_2,347.1,1427,11.8,1.5,69.4,1.9,41,4.9,0,North India,Vegetarian,Beverage,Cooked,150,0,Synthetic_IFCT_schema,Synthetic_Variant
SYN00624,Watermelon (raw),Fruits,,29.6,125,0.6,0.2,7.6,0.4,7,,8,Pan India,Vegetarian,Breakfast,,200,0,Synthetic_IFCT_schema,Synthetic_Variant
SYN00625,Oats (fried),Cereals and Millets,,371.2,1628,16.9,6.9,66.3,,54,4.7,0,North India,Vegetarian,Breakfast,Cooked,100,0,Synthetic_IFCT_schema,Synthetic_Variant
SYN00626,Appam (boiled),Composite Dishes,,128.3,502,2.5,2.8,22.0,0.5,,,,South India,Vegetarian,Beverage,N/A,100,1,Synthetic_IFCT_schema,Synthetic_Variant
SYN00627,"Jackfruit, raw (raw)",Fruits,,101.9,398,1.7,0.6,23.2,1.5,,,,South India,Vegetarian,Any,Baked,100,0,Synthetic_IFCT_schema,Synthetic_Variant
SYN00628,Pomegranate (steamed),Fruits,Scientific_53,88.9,347,1.7,1.2,18.7,4.0,10,0.3,10,West India,Vegetarian,Snack,Baked,100,0,Synthetic_IFCT_schema,Synthetic_Variant
SYN00629,Pomegranate (fried),Fruits,Scientific_65,89.5,347,1.7,1.2,18.7,4.0,10,0.3,10,West India,Vegetarian,Main Course,Baked,N/A,0,Synthetic_IFCT_schema,Synthetic_Variant
SYN00630,Fenugreek leaves (Methi) (fried),Vegetables,Scientific_28,51.4,205,4.4,0.9,6.0,1.1,,1.9,52,North India,Vegetarian,Dessert,Boiled,150,0,Synthetic_IFCT_schema,Synthetic_Variant
SYN00631,Maize flour (steamed),Cereals and Millets,Scientific_7,330.4,1485,8.7,3.6,70.0,2.7,9,2.3,,Pan India,Vegetarian,Main Course,N/A,N/A,0,Synthetic_IFCT_schema,Synthetic_Variant
SYN00632,Pomegranate (steamed),Fruits,,87.2,347,1.7,1.2,18.7,4.0,,0.3,10,West India,Vegetarian,Main Course,Grilled,,0,Synthetic_IFCT_schema,Synthetic_Variant
SYN00633,Fenugreek leaves (Methi) (steamed),Vegetables,Scientific_28,46.3,205,4.4,0.9,6.0,1.1,,1.9,52,North India,Vegetarian,Dessert,Boiled,150,0,Synthetic_IFCT_schema,Synthetic_Variant
SYN00634,Shrikhand (roasted),Milk and Milk Products,,215.8,921,7.0,7.0,33.0,,,,,West India,Vegetarian,Dinner,Cooked,100,0,Synthetic_IFCT_schema,Synthetic_Variant
SYN00635,Pomegranate (roasted),Fruits,Scientific_61,76.4,347,1.7,1.2,18.7,4.0,10,0.3,,West India,Vegetarian,Dessert,,100,0,Synthetic_IFCT_schema,Synthetic_Variant
SYN00636,Pomegranate (steamed),Fruits,,86.7,347,1.7,1.2,18.7,4.0,10,0.3,10,West India,Vegetarian,Dessert,N/A,100,0,Synthetic_IFCT_schema,Synthetic_Variant
SYN00637,Methi thepla (steamed),Composite Dishes,,307.6,1193,7.5,12.0,38.0,3.0,,,,West India,Vegetarian,Beverage,Boiled,100,1,Synthetic_IFCT_schema,Synthetic_Variant
SYN00638,Okra (Bhindi) (fried),Vegetables,Scientific_26,34.0,138,2.1,0.2,7.0,2.5,82,0.8,21,Pan India,non-vegetarian,,Fried,150,0,Synthetic_IFCT_schema,Synthetic_Variant
SYN00639,Pomegranate (boiled),Fruits,,86.8,,1.7,1.2,18.7,4.0,10,0.3,10,West India,Vegetarian,Dessert,Baked,150,0,Synthetic_IFCT_schema,Synthetic_Variant
SYN00640,Pomegranate (raw),Fruits,,83.5,,1.7,1.2,18.7,4.0,10,0.3,10,West India,Vegetarian,Dessert,Baked,150,0,Synthetic_IFCT_schema,Synthetic_Variant
SYN00641,"Wheat flour, refined (fried)",Cereals and Millets,Scientific_3,333.1,1456,10.3,0.9,73.9,0.3,23,2.7,0,North India,Vegetarian,snack,,,0,Synthetic_IFCT_schema,Synthetic_Variant
SYN00642,Pomegranate (boiled),Fruits,Scientific_63,88.1,347,1.7,1.2,18.7,4.0,10,0.3,10,West India,Vegetarian,Any,Baked,N/A,0,Synthetic_IFCT_schema,Synthetic_Variant
SYN00643,Methi thepla (roasted),Composite Dishes,,282.1,1193,7.5,12.0,38.0,3.0,,,,West India,Vegetarian,Beverage,Boiled,100,1,Synthetic_IFCT_schema,Synthetic_Variant
SYN00644,Pomegranate (steamed),Fruits,Scientific_66,77.7,347,1.7,1.2,18.7,4.0,10,0.3,10,West India,Vegetarian,Dessert,Raw,200,0,Synthetic_IFCT_schema,Synthetic_Variant
SYN00645,"Mango, ripe (Alphonso) (raw)",Fruits,Scientific_31,70.8,293,0.6,0.4,17.0,1.6,10,0.3,36,West India,Vegetarian,Lunch,N/A,N/A,0,Synthetic_IFCT_schema,Synthetic_Variant
SYN00646,"Onion, raw (raw)",Vegetables,,39.1,167,1.1,0.1,9.3,1.7,23,0.4,7,Pan India,Vegetarian,lunch,Cooked,200,0,Synthetic_IFCT_schema,Synthetic_Variant
SYN00647,Pomegranate (roasted),Fruits,,84.8,347,1.7,1.2,18.7,,10,0.3,10,West India,Vegetarian,Dinner,Baked,100,0,Synthetic_IFCT_schema,Synthetic_Variant
SYN00648,Pomegranate (raw),Fruits,Scientific_79,81.7,347,1.7,1.2,18.7,,,0.3,,West India,Vegetarian,lunch,Fried,200,0,Synthetic_IFCT_schema,Synthetic_Variant
SYN00649,Pomegranate (boiled),Fruits,Scientific_53,84.7,347,1.7,1.2,18.7,4.0,10,0.3,10,West India,Vegetarian,Snack,Baked,100,0,Synthetic_IFCT_schema,Synthetic_Variant
SYN00650,Cowpea (Black-eyed pea) (raw),Pulses and Legumes,,303.7,1351,23.4,1.8,54.5,,227,8.6,1,South India,Vegetarian,Lunch,Roasted,200,0,Synthetic_IFCT_schema,Synthetic_Variant
SYN00651,Pomegranate (raw),Fruits,,84.5,347,1.7,1.2,18.7,4.0,,0.3,10,West India,Vegetarian,breakfast,,,0,Synthetic_IFCT_schema,Synthetic_Variant
SYN00652,Pomegranate (boiled),Fruits,,79.0,347,1.7,1.2,18.7,4.0,10,0.3,10,Unknown,Vegetarian,Beverage,Steamed,N/A,0,Synthetic_IFCT_schema,Synthetic_Variant
SYN00653,Guava (raw),Fruits,,69.0,285,2.6,1.0,14.3,5.4,18,,228,Maharashtra,Vegetarian,Snack,Baked,N/A,0,Synthetic_IFCT_schema,Synthetic_Variant
SYN00654,"Papaya, ripe (roasted)",Fruits,,45.3,180,0.5,0.1,10.8,1.7,20,0.1,62,South India,Vegetarian,snack,Fried,,0,Synthetic_IFCT_schema,Synthetic_Variant
SYN00655,Rajma (Kidney beans) (steamed),Pulses and Legumes,,361.6,1448,22.9,1.5,60.6,6.4,260,7.0,4,North India,Vegetarian,Any,N/A,N/A,0,Synthetic_IFCT_schema,Synthetic_Variant
SYN00656,"Peanut, raw (roasted)",Nuts and Oilseeds,Scientific_19,586.4,,25.8,49.2,16.1,8.5,92,4.6,0,West India,Non-Vegetarian,Dinner,Cooked,,0,Synthetic_IFCT_schema,Synthetic_Variant
SYN00657,"Papaya, ripe (boiled)",Fruits,,43.4,180,0.5,0.1,10.8,1.7,20,0.1,62,South India,Vegetarian,snack,Fried,,0,Synthetic_IFCT_schema,Synthetic_Variant
SYN00658,Sattu (roasted gram flour) (boiled),Cereals and Millets,,423.6,1700,22.5,7.0,64.0,1.8,,,,East India,Vegetarian,snack,Grilled,100,0,Synthetic_IFCT_schema,Synthetic_Variant
SYN00659,Pomegranate (steamed),Fruits,,86.3,347,1.7,1.2,18.7,4.0,10,0.3,10,West India,Vegetarian,Lunch,Roasted,200,0,Synthetic_IFCT_schema,Synthetic_Variant
SYN00660,Watermelon (fried),Fruits,,31.5,125,0.6,0.2,7.6,0.4,7,,8,Pan India,Vegetarian,Breakfast,,200,0,Synthetic_IFCT_schema,Synthetic_Variant
SYN00661,Pomegranate (raw),Fruits,,76.7,347,1.7,1.2,18.7,4.0,10,0.3,,West India,Veg,lunch,,,0,Synthetic_IFCT_schema,Synthetic_Variant
SYN00662,Pomegranate (fried),Fruits,,,347,1.7,1.2,18.7,4.0,10,0.3,,West India,Vegetarian,breakfast,Fried,,0,Synthetic_IFCT_schema,Synthetic_Variant
SYN00663,Sabudana (Tapioca pearls) (roasted),Cereals and Millets,,377.4,1469,0.2,0.2,88.7,0.9,,,,West India,Vegetarian,Dinner,Steamed,100,0,Synthetic_IFCT_schema,Synthetic_Variant
SYN00664,Pomegranate (fried),Fruits,Scientific_62,83.1,347,1.7,1.2,18.7,4.0,10,0.3,10,West India,non-vegetarian,snack,Fried,,0,Synthetic_IFCT_schema,Synthetic_Variant
SYN00665,Pomegranate (boiled),Fruits,,81.8,,1.7,1.2,18.7,4.0,10,0.3,10,West India,Vegetarian,Dessert,Baked,150,0,Synthetic_IFCT_schema,Synthetic_Variant
SYN00666,"Toor dal, raw (fried)",Pulses and Legumes,,344.3,,22.3,1.7,57.6,4.2,73,5.6,0,Pan India,Vegetarian,Dessert,Baked,100,0,Synthetic_IFCT_schema,Synthetic_Variant
SYN00667,Pomegranate (boiled),Fruits,,80.3,347,1.7,1.2,18.7,4.0,10,0.3,10,West India,Vegetarian,Lunch,Roasted,200,0,Synthetic_IFCT_schema,Synthetic_Variant
SYN00668,Jowar (Sorghum) (steamed),Cereals and Millets,Scientific_5,364.0,,10.4,1.9,72.6,1.6,25,,0,Unknown,Vegetarian,Main Course,Fried,,0,Synthetic_IFCT_schema,Synthetic_Variant
SYN00669,Oats (boiled),Cereals and Millets,,409.4,1628,16.9,6.9,66.3,,54,4.7,0,North India,Vegetarian,Breakfast,Cooked,100,0,Synthetic_IFCT_schema,Synthetic_Variant
SYN00670,Pomegranate (steamed),Fruits,,,347,1.7,1.2,18.7,4.0,10,0.3,,West India,Vegetarian,breakfast,Fried,,0,Synthetic_IFCT_schema,Synthetic_Variant
SYN00671,Pomegranate (steamed),Fruits,Scientific_45,77.6,347,1.7,1.2,18.7,4.0,10,0.3,,West India,Veg,breakfast,Roasted,N/A,0,Synthetic_IFCT_schema,Synthetic_Variant
SYN00672,Pomegranate (roasted),Fruits,,81.1,347,1.7,1.2,18.7,4.0,10,,10,West India,Vegetarian,Snack,N/A,150,0,Synthetic_IFCT_schema,Synthetic_Variant
SYN00673,Pomegranate (fried),Fruits,,88.2,347,1.7,1.2,18.7,4.0,10,0.3,10,West India,Vegetarian,breakfast,,100,0,Synthetic_IFCT_schema,Synthetic_Variant
SYN00674,Pomegranate (roasted),Fruits,Scientific_45,79.7,347,1.7,1.2,18.7,4.0,10,0.3,,West India,Veg,breakfast,Roasted,N/A,0,Synthetic_IFCT_schema,Synthetic_Variant
SYN00675,Pomegranate (fried),Fruits,,89.5,347,1.7,1.2,18.7,4.0,10,0.3,10,West India,Vegetarian,Beverage,Steamed,,0,Synthetic_IFCT_schema,Synthetic_Variant
SYN00676,Pomegranate (fried),Fruits,,80.5,347,1.7,1.2,18.7,4.0,10,0.3,10,Unknown,Vegetarian,Beverage,Steamed,N/A,0,Synthetic_IFCT_schema,Synthetic_Variant
SYN00677,Pomegranate (roasted),Fruits,,80.6,347,1.7,1.2,18.7,4.0,10,0.3,10,West India,Vegetarian,Dessert,N/A,100,0,Synthetic_IFCT_schema,Synthetic_Variant
SYN00678,Pomegranate (roasted),Fruits,,76.4,347,1.7,1.2,18.7,4.0,10,0.3,10,West India,Vegetarian,Main Course,Fried,,0,Synthetic_IFCT_schema,Synthetic_Variant
SYN00679,Pomegranate (steamed),Fruits,Scientific_61,88.0,347,1.7,1.2,18.7,4.0,10,0.3,,West India,Vegetarian,Dessert,,100,0,Synthetic_IFCT_schema,Synthetic_Variant
SYN00680,Bottle gourd (Lauki) (fried),Vegetables,,15.1,59,0.6,0.1,3.4,0.5,26,0.5,10,Pan India,Vegetarian,Beverage,Fried,150,0,Synthetic_IFCT_schema,Synthetic_Variant
SYN00681,"Potato, raw (boiled)",Vegetables,Scientific_20,74.0,322,1.9,0.1,17.8,1.8,11,0.7,13,Pan India,Vegetarian,lunch,Cooked,150,0,Synthetic_IFCT_schema,Synthetic_Variant
SYN00682,Brinjal (Eggplant) (fried),Vegetables,,23.7,105,1.4,0.3,5.5,3.4,18,0.3,2,Pan India,Vegetarian,lunch,Steamed,100,0,Synthetic_IFCT_schema,Synthetic_Variant
SYN00683,Pomegranate (roasted),Fruits,Scientific_70,,347,1.7,1.2,18.7,,10,0.3,10,West India,Veg,Main Course,Baked,200,0,Synthetic_IFCT_schema,Synthetic_Variant
SYN00684,Semolina (Rava) (steamed),Cereals and Millets,,,1506,10.0,1.0,74.0,,16,4.7,0,Pan India,Veg,breakfast,Steamed,,0,Synthetic_IFCT_schema,Synthetic_Variant
SYN00685,Pomegranate (fried),Fruits,,78.5,347,1.7,1.2,18.7,4.0,10,0.3,10,West India,Vegetarian,Dessert,Steamed,150,0,Synthetic_IFCT_schema,Synthetic_Variant
SYN00686,Pomegranate (fried),Fruits,,81.7,347,1.7,1.2,18.7,4.0,,0.3,10,West India,Vegetarian,Main Course,Grilled,,0,Synthetic_IFCT_schema,Synthetic_Variant
SYN00687,Kabuli chana (steamed),Pulses and Legumes,,375.7,,20.1,5.3,60.9,7.6,202,4.9,3,North India,Vegetarian,Breakfast,Grilled,N/A,0,Synthetic_IFCT_schema,Synthetic_Variant
SYN00688,Litti chokha (steamed),Composite Dishes,,320.6,1340,9.0,10.0,50.0,3.5,,,,East India,Vegetarian,Beverage,Fried,100,1,Synthetic_IFCT_schema,Synthetic_Variant
SYN00689,Rasam (raw),Composite Dishes,,29.2,125,1.2,0.8,4.5,,,,,South India,Vegetarian,Beverage,,100,1,Synthetic_IFCT_schema,Synthetic_Variant
SYN00690,Oats (boiled),Cereals and Millets,,409.1,1628,16.9,6.9,66.3,,54,4.7,0,North India,Vegetarian,Breakfast,Cooked,100,0,Synthetic_IFCT_schema,Synthetic_Variant
SYN00691,"Urad dal, raw (roasted)",Pulses and Legumes,Scientific_15,,1428,25.1,1.4,59.0,1.8,154,4.5,0,South India,Vegetarian,Main Course,Grilled,N/A,0,Synthetic_IFCT_schema,Synthetic_Variant
SYN00692,Pomegranate (roasted),Fruits,Scientific_59,82.4,347,1.7,1.2,18.7,4.0,10,0.3,10,West India,Vegetarian,Dessert,Steamed,150,0,Synthetic_IFCT_schema,Synthetic_Variant
SYN00693,Pomegranate (fried),Fruits,,82.4,347,1.7,1.2,18.7,4.0,10,0.3,10,East,Vegetarian,snack,Grilled,100,0,Synthetic_IFCT_schema,Synthetic_Variant
SYN00694,Pomegranate (boiled),Fruits,Scientific_69,78.9,347,1.7,1.2,18.7,4.0,10,0.3,,West India,Vegetarian,Dinner,Fried,150,0,Synthetic_IFCT_schema,Synthetic_Variant
SYN00695,"Mango, ripe (Alphonso) (steamed)",Fruits,Scientific_31,66.8,293,0.6,0.4,17.0,1.6,10,0.3,36,West India,Vegetarian,Lunch,N/A,N/A,0,Synthetic_IFCT_schema,Synthetic_Variant
SYN00696,Pomegranate (steamed),Fruits,,88.4,347,1.7,1.2,18.7,4.0,10,0.3,10,West India,Vegetarian,Beverage,Steamed,,0,Synthetic_IFCT_schema,Synthetic_Variant
SYN00697,"Papaya, ripe (steamed)",Fruits,,41.4,180,0.5,0.1,10.8,1.7,20,0.1,62,South India,Vegetarian,snack,Fried,,0,Synthetic_IFCT_schema,Synthetic_Variant
SYN00698,Ragi (Finger millet) (boiled),Cereals and Millets,Scientific_6,347.7,1373,7.3,1.5,66.8,3.6,344,3.9,0,South India,Vegetarian,Main Course,Boiled,N/A,0,Synthetic_IFCT_schema,Synthetic_Variant
SYN00699,Pomegranate (raw),Fruits,Scientific_80,,347,1.7,1.2,18.7,4.0,10,0.3,10,West India,Vegetarian,lunch,Cooked,200,0,Synthetic_IFCT_schema,Synthetic_Variant
SYN00700,Jowar (Sorghum) (fried),Cereals and Millets,Scientific_5,325.4,,10.4,1.9,72.6,1.6,25,,0,Unknown,Vegetarian,Main Course,Fried,,0,Synthetic_IFCT_schema,Synthetic_Variant
SYN00701,Pomegranate (steamed),Fruits,,77.9,347,1.7,1.2,18.7,4.0,,0.3,10,West India,Vegetarian,Main Course,Grilled,,0,Synthetic_IFCT_schema,Synthetic_Variant
SYN00702,Appam (boiled),Composite Dishes,,114.1,502,2.5,2.8,22.0,0.5,,,,South India,Vegetarian,Beverage,N/A,100,1,Synthetic_IFCT_schema,Synthetic_Variant
SYN00703,"Cauliflower, raw (fried)",Vegetables,,25.5,105,1.9,0.4,4.9,2.5,22,0.4,,Western,Non-Veg,Breakfast,Steamed,200,0,Synthetic_IFCT_schema,Synthetic_Variant
SYN00704,Dhokla (boiled),Composite Dishes,,75.3,318,3.5,1.5,12.0,0.8,,,,West India,Vegetarian,Breakfast,N/A,100,1,Synthetic_IFCT_schema,Synthetic_Variant
SYN00705,Sattu (roasted gram flour) (boiled),Cereals and Millets,,409.9,1700,22.5,7.0,64.0,1.8,,,,East India,Vegetarian,snack,Grilled,100,0,Synthetic_IFCT_schema,Synthetic_Variant
SYN00706,Pomegranate (fried),Fruits,,87.5,347,1.7,1.2,18.7,4.0,10,,10,West India,Vegetarian,Snack,N/A,150,0,Synthetic_IFCT_schema,Synthetic_Variant
SYN00707,"Rice, cooked (fried)",Cereals and Millets,,122.5,544,2.7,0.3,28.2,,3,0.2,0,Pan India,non-vegetarian,Snack,Baked,100,0,Synthetic_IFCT_schema,Synthetic_Variant
SYN00708,"Wheat flour, whole (fried)",Cereals and Millets,Scientific_2,331.2,1427,11.8,1.5,69.4,1.9,41,4.9,0,North India,Vegetarian,Beverage,Cooked,150,0,Synthetic_IFCT_schema,Synthetic_Variant
SYN00709,Pomegranate (boiled),Fruits,Scientific_73,83.2,347,1.7,1.2,18.7,4.0,10,0.3,10,West India,Vegetarian,snack,Cooked,100,0,Synthetic_IFCT_schema,Synthetic_Variant
SYN00710,"Papaya, ripe (fried)",Fruits,,42.3,180,0.5,0.1,10.8,1.7,20,0.1,62,South India,Vegetarian,snack,Fried,,0,Synthetic_IFCT_schema,Synthetic_Variant
SYN00711,Pomegranate (steamed),Fruits,Scientific_69,81.0,347,1.7,1.2,18.7,4.0,10,0.3,,West India,Vegetarian,Dinner,Fried,150,0,Synthetic_IFCT_schema,Synthetic_Variant
SYN00712,Pomegranate (raw),Fruits,Scientific_69,88.0,347,1.7,1.2,18.7,4.0,10,0.3,,West India,Vegetarian,Dinner,Fried,150,0,Synthetic_IFCT_schema,Synthetic_Variant
SYN00713,Pomegranate (roasted),Fruits,Scientific_67,83.4,347,1.7,1.2,18.7,4.0,10,0.3,10,West India,Non-Vegetarian,lunch,Roasted,200,0,Synthetic_IFCT_schema,Synthetic_Variant
SYN00714,Amla (Indian gooseberry) (boiled),Fruits,,41.7,184,0.9,0.6,10.2,4.3,50,1.2,600,Western,Vegetarian,breakfast,Roasted,150,0,Synthetic_IFCT_schema,Synthetic_Variant
SYN00715,Pomegranate (roasted),Fruits,Scientific_61,81.6,347,1.7,1.2,18.7,4.0,10,0.3,,West India,Vegetarian,Dessert,,100,0,Synthetic_IFCT_schema,Synthetic_Variant
SYN00716,Pomegranate (fried),Fruits,Scientific_79,83.3,347,1.7,1.2,18.7,,,0.3,,West India,Vegetarian,lunch,Fried,200,0,Synthetic_IFCT_schema,Synthetic_Variant
SYN00717,Pomegranate (boiled),Fruits,Scientific_66,87.6,347,1.7,1.2,18.7,4.0,10,0.3,10,West India,Vegetarian,Dessert,Raw,200,0,Synthetic_IFCT_schema,Synthetic_Variant
SYN00718,Cowpea (Black-eyed pea) (fried),Pulses and Legumes,,313.6,1351,23.4,1.8,54.5,,227,8.6,1,South India,Vegetarian,Lunch,Roasted,200,0,Synthetic_IFCT_schema,Synthetic_Variant
SYN00719,Jowar (Sorghum) (raw),Cereals and Millets,Scientific_5,361.7,,10.4,1.9,72.6,1.6,25,,0,Unknown,Vegetarian,Main Course,Fried,,0,Synthetic_IFCT_schema,Synthetic_Variant
SYN00720,Pomegranate (raw),Fruits,,87.4,347,1.7,1.2,18.7,4.0,10,0.3,10,West India,Vegetarian,Snack,Grilled,150,0,Synthetic_IFCT_schema,Synthetic_Variant
SYN00721,Oats (boiled),Cereals and Millets,,366.0,1628,16.9,6.9,66.3,,54,4.7,0,North India,Vegetarian,Breakfast,Cooked,100,0,Synthetic_IFCT_schema,Synthetic_Variant
SYN00722,Pomegranate (roasted),Fruits,,81.5,347,1.7,1.2,18.7,4.0,10,0.3,,West India,Veg,lunch,,,0,Synthetic_IFCT_schema,Synthetic_Variant
SYN00723,Guava (roasted),Fruits,,63.0,285,2.6,1.0,14.3,5.4,18,,228,Maharashtra,Vegetarian,Snack,Baked,N/A,0,Synthetic_IFCT_schema,Synthetic_Variant
SYN00724,"Cauliflower, raw (steamed)",Vegetables,,25.8,105,1.9,0.4,4.9,2.5,22,0.4,,Western,Non-Veg,Breakfast,Steamed,200,0,Synthetic_IFCT_schema,Synthetic_Variant
SYN00725,Pomegranate (roasted),Fruits,,76.7,347,1.7,1.2,18.7,4.0,10,0.3,10,West India,Vegetarian,Main Course,Fried,,0,Synthetic_IFCT_schema,Synthetic_Variant
SYN00726,Pomegranate (steamed),Fruits,,78.9,347,1.7,1.2,18.7,4.0,10,0.3,10,West India,Vegetarian,Snack,Boiled,N/A,0,Synthetic_IFCT_schema,Synthetic_Variant
SYN00727,Pomegranate (roasted),Fruits,Scientific_66,88.1,347,1.7,1.2,18.7,4.0,10,0.3,10,West India,Vegetarian,Dessert,Raw,200,0,Synthetic_IFCT_schema,Synthetic_Variant
SYN00728,Bottle gourd (Lauki) (boiled),Vegetables,,13.4,59,0.6,0.1,3.4,0.5,26,0.5,10,Pan India,Vegetarian,Beverage,Fried,150,0,Synthetic_IFCT_schema,Synthetic_Variant
SYN00729,"Tomato, raw (boiled)",Vegetables,,,75,0.9,0.2,3.9,1.2,13,,27,Pan India,Vegetarian,Dessert,Roasted,100,0,Synthetic_IFCT_schema,Synthetic_Variant
SYN00730,Avial (raw),Composite Dishes,,122.2,481,2.8,6.5,12.0,3.0,,,,South India,Vegetarian,lunch,,100,1,Synthetic_IFCT_schema,Synthetic_Variant
SYN00731,"Rice, cooked (fried)",Cereals and Millets,,136.3,544,2.7,0.3,28.2,,3,0.2,0,Pan India,non-vegetarian,Snack,Baked,100,0,Synthetic_IFCT_schema,Synthetic_Variant
SYN00732,Jowar (Sorghum) (roasted),Cereals and Millets,Scientific_5,345.1,,10.4,1.9,72.6,1.6,25,,0,Unknown,Vegetarian,Main Course,Fried,,0,Synthetic_IFCT_schema,Synthetic_Variant
SYN00733,"Onion, raw (fried)",Vegetables,,40.4,167,1.1,0.1,9.3,1.7,23,0.4,7,Pan India,Vegetarian,lunch,Cooked,200,0,Synthetic_IFCT_schema,Synthetic_Variant
SYN00734,Avial (boiled),Composite Dishes,,123.6,481,2.8,6.5,12.0,3.0,,,,South India,Vegetarian,lunch,,100,1,Synthetic_IFCT_schema,Synthetic_Variant
SYN00735,Avial (raw),Composite Dishes,,121.9,481,2.8,6.5,12.0,3.0,,,,South India,Vegetarian,lunch,,100,1,Synthetic_IFCT_schema,Synthetic_Variant
SYN00736,Oats (fried),Cereals and Millets,,378.9,1628,16.9,6.9,66.3,,54,4.7,0,North India,Vegetarian,Breakfast,Cooked,100,0,Synthetic_IFCT_schema,Synthetic_Variant
SYN00737,Pomegranate (raw),Fruits,,83.2,347,1.7,1.2,18.7,4.0,10,,10,West India,Vegetarian,Snack,N/A,150,0,Synthetic_IFCT_schema,Synthetic_Variant
SYN00738,Pomegranate (raw),Fruits,Scientific_47,87.2,,1.7,1.2,18.7,4.0,10,0.3,10,West India,Non-Veg,snack,Grilled,200,0,Synthetic_IFCT_schema,Synthetic_Variant
SYN00739,Pomegranate (fried),Fruits,,,347,1.7,1.2,18.7,4.0,10,0.3,,West India,Vegetarian,breakfast,Fried,,0,Synthetic_IFCT_schema,Synthetic_Variant
SYN00740,Pomegranate (steamed),Fruits,,88.9,347,1.7,1.2,18.7,4.0,10,0.3,10,West India,Vegetarian,Main Course,,N/A,0,Synthetic_IFCT_schema,Synthetic_Variant
SYN00741,Pomegranate (raw),Fruits,Scientific_45,89.5,347,1.7,1.2,18.7,4.0,10,0.3,,West India,Veg,breakfast,Roasted,N/A,0,Synthetic_IFCT_schema,Synthetic_Variant
SYN00742,Pomegranate (fried),Fruits,,81.4,347,1.7,1.2,18.7,4.0,10,0.3,10,West India,Vegetarian,Snack,Boiled,N/A,0,Synthetic_IFCT_schema,Synthetic_Variant
SYN00743,Pomegranate (boiled),Fruits,Scientific_79,78.8,347,1.7,1.2,18.7,,,0.3,,West India,Vegetarian,lunch,Fried,200,0,Synthetic_IFCT_schema,Synthetic_Variant
SYN00744,Pomegranate (steamed),Fruits,,77.4,347,1.7,1.2,18.7,4.0,10,0.3,10,East,Vegetarian,snack,Grilled,100,0,Synthetic_IFCT_schema,Synthetic_Variant
SYN00745,Pomegranate (roasted),Fruits,Scientific_53,82.9,347,1.7,1.2,18.7,4.0,10,0.3,10,West India,Vegetarian,Snack,Baked,100,0,Synthetic_IFCT_schema,Synthetic_Variant
SYN00746,"Soya chunks, raw (raw)",Pulses and Legumes,,367.1,1444,52.0,0.5,33.0,13.0,,,,Pan India,Vegetarian,snack,Baked,100,0,Synthetic_IFCT_schema,Synthetic_Variant
SYN00747,Pomegranate (fried),Fruits,Scientific_80,,347,1.7,1.2,18.7,4.0,10,0.3,10,West India,Vegetarian,lunch,Cooked,200,0,Synthetic_IFCT_schema,Synthetic_Variant
SYN00748,Pomegranate (steamed),Fruits,,83.2,347,1.7,1.2,18.7,4.0,10,0.3,10,West India,Vegetarian,Lunch,Roasted,200,0,Synthetic_IFCT_schema,Synthetic_Variant
SYN00749,Pomegranate (boiled),Fruits,,80.0,347,1.7,1.2,18.7,,10,0.3,10,Pan India,Vegetarian,Main Course,Fried,150,0,Synthetic_IFCT_schema,Synthetic_Variant
SYN00750,Pomegranate (roasted),Fruits,,86.6,347,1.7,1.2,18.7,4.0,10,0.3,10,West India,Vegetarian,Snack,Grilled,150,0,Synthetic_IFCT_schema,Synthetic_Variant
SYN00751,Pomegranate (fried),Fruits,,84.0,347,1.7,1.2,18.7,,10,0.3,10,Pan India,Vegetarian,Main Course,Fried,150,0,Synthetic_IFCT_schema,Synthetic_Variant
SYN00752,Pomegranate (steamed),Fruits,,85.9,347,1.7,1.2,18.7,4.0,10,0.3,10,West India,Vegetarian,Lunch,Steamed,100,0,Synthetic_IFCT_schema,Synthetic_Variant
SYN00753,Sattu (roasted gram flour) (fried),Cereals and Millets,,405.3,1700,22.5,7.0,64.0,1.8,,,,East India,Vegetarian,snack,Grilled,100,0,Synthetic_IFCT_schema,Synthetic_Variant
SYN00754,Pomegranate (boiled),Fruits,,89.1,347,1.7,1.2,18.7,4.0,10,0.3,10,West India,Vegetarian,Dessert,Steamed,150,0,Synthetic_IFCT_schema,Synthetic_Variant
SYN00755,Banana (Cavendish) (boiled),Fruits,Scientific_32,86.0,372,1.1,0.3,23.0,2.6,5,0.3,8,South India,Vegetarian,Dinner,,100,0,Synthetic_IFCT_schema,Synthetic_Variant
SYN00756,"Wheat flour, refined (roasted)",Cereals and Millets,Scientific_3,324.9,1456,10.3,0.9,73.9,0.3,23,2.7,0,North India,Vegetarian,snack,,,0,Synthetic_IFCT_schema,Synthetic_Variant
SYN00757,Pomegranate (roasted),Fruits,Scientific_80,,347,1.7,1.2,18.7,4.0,10,0.3,10,West India,Vegetarian,lunch,Cooked,200,0,Synthetic_IFCT_schema,Synthetic_Variant
SYN00758,Avial (fried),Composite Dishes,,109.8,481,2.8,6.5,12.0,3.0,,,,South India,Vegetarian,lunch,,100,1,Synthetic_IFCT_schema,Synthetic_Variant
SYN00759,"Momos, veg (steamed) (boiled)",Composite Dishes,,170.5,753,5.5,5.5,28.0,2.0,,,,East India,Vegetarian,lunch,Steamed,100,1,Synthetic_IFCT_schema,Synthetic_Variant
SYN00760,Pomegranate (raw),Fruits,Scientific_47,84.8,,1.7,1.2,18.7,4.0,10,0.3,10,West India,Non-Veg,snack,Grilled,200,0,Synthetic_IFCT_schema,Synthetic_Variant
SYN00761,Sabudana (Tapioca pearls) (raw),Cereals and Millets,,371.5,1469,0.2,0.2,88.7,0.9,,,,West India,Vegetarian,Dinner,Steamed,100,0,Synthetic_IFCT_schema,Synthetic_Variant
SYN00762,Appam (raw),Composite Dishes,,123.2,502,2.5,2.8,22.0,0.5,,,,South India,Vegetarian,Beverage,N/A,100,1,Synthetic_IFCT_schema,Synthetic_Variant
SYN00763,Rajma (Kidney beans) (roasted),Pulses and Legumes,,345.4,1448,22.9,1.5,60.6,6.4,260,7.0,4,North India,Vegetarian,Any,N/A,N/A,0,Synthetic_IFCT_schema,Synthetic_Variant
SYN00764,"Toor dal, raw (boiled)",Pulses and Legumes,,311.4,,22.3,1.7,57.6,4.2,73,5.6,0,Pan India,Vegetarian,Dessert,Baked,100,0,Synthetic_IFCT_schema,Synthetic_Variant
SYN00765,Amla (Indian gooseberry) (boiled),Fruits,,42.4,184,0.9,0.6,10.2,4.3,50,1.2,600,Western,Vegetarian,breakfast,Roasted,150,0,Synthetic_IFCT_schema,Synthetic_Variant
SYN00766,"Onion, raw (roasted)",Vegetables,,39.9,167,1.1,0.1,9.3,1.7,23,0.4,7,Pan India,Vegetarian,lunch,Cooked,200,0,Synthetic_IFCT_schema,Synthetic_Variant
SYN00767,Machher jhol (steamed),Composite Dishes,,143.0,649,17.0,9.0,3.0,0.6,,,,East India,Non-Vegetarian,Dessert,Boiled,100,1,Synthetic_IFCT_schema,Synthetic_Variant
SYN00768,Pomegranate (fried),Fruits,,,347,1.7,1.2,18.7,4.0,,0.3,10,West India,Vegetarian,Main Course,Steamed,200,0,Synthetic_IFCT_schema,Synthetic_Variant
SYN00769,Fenugreek leaves (Methi) (steamed),Vegetables,Scientific_28,50.8,205,4.4,0.9,6.0,1.1,,1.9,52,North India,Vegetarian,Dessert,Boiled,150,0,Synthetic_IFCT_schema,Synthetic_Variant
SYN00770,Machher jhol (boiled),Composite Dishes,,143.2,649,17.0,9.0,3.0,0.6,,,,East India,Non-Vegetarian,Dessert,Boiled,100,1,Synthetic_IFCT_schema,Synthetic_Variant
SYN00771,Pomegranate (fried),Fruits,Scientific_65,81.6,347,1.7,1.2,18.7,4.0,10,0.3,10,West India,Vegetarian,Main Course,Baked,N/A,0,Synthetic_IFCT_schema,Synthetic_Variant
SYN00772,"Onion, raw (fried)",Vegetables,,37.3,167,1.1,0.1,9.3,1.7,23,0.4,7,Pan India,Vegetarian,lunch,Cooked,200,0,Synthetic_IFCT_schema,Synthetic_Variant
SYN00773,Jowar (Sorghum) (fried),Cereals and Millets,Scientific_5,339.0,,10.4,1.9,72.6,1.6,25,,0,Unknown,Vegetarian,Main Course,Fried,,0,Synthetic_IFCT_schema,Synthetic_Variant
SYN00774,Pomegranate (roasted),Fruits,,87.2,347,1.7,1.2,18.7,4.0,10,0.3,10,West India,Vegetarian,Lunch,Roasted,200,0,Synthetic_IFCT_schema,Synthetic_Variant
SYN00775,Pomegranate (fried),Fruits,Scientific_67,76.9,347,1.7,1.2,18.7,4.0,10,0.3,10,West India,Non-Vegetarian,lunch,Roasted,200,0,Synthetic_IFCT_schema,Synthetic_Variant
SYN00776,Pomegranate (fried),Fruits,,87.2,347,1.7,1.2,18.7,4.0,10,0.3,10,West India,non-vegetarian,,Roasted,100,0,Synthetic_IFCT_schema,Synthetic_Variant
SYN00777,Banana (Cavendish) (roasted),Fruits,Scientific_32,95.7,372,1.1,0.3,23.0,2.6,5,0.3,8,South India,Vegetarian,Dinner,,100,0,Synthetic_IFCT_schema,Synthetic_Variant
SYN00778,Pomegranate (fried),Fruits,,87.5,347,1.7,1.2,18.7,4.0,10,0.3,10,West India,Vegetarian,Main Course,,N/A,0,Synthetic_IFCT_schema,Synthetic_Variant
SYN00779,Pomegranate (raw),Fruits,,81.8,347,1.7,1.2,18.7,4.0,10,0.3,10,West India,Vegetarian,Beverage,Steamed,,0,Synthetic_IFCT_schema,Synthetic_Variant
SYN00780,Pomegranate (raw),Fruits,Scientific_65,80.0,347,1.7,1.2,18.7,4.0,10,0.3,10,West India,Vegetarian,Main Course,Baked,N/A,0,Synthetic_IFCT_schema,Synthetic_Variant
SYN00781,Pomegranate (roasted),Fruits,,,347,1.7,1.2,18.7,4.0,,0.3,10,West India,Vegetarian,Main Course,Steamed,200,0,Synthetic_IFCT_schema,Synthetic_Variant
SYN00782,"Wheat flour, refined (boiled)",Cereals and Millets,Scientific_3,346.5,1456,10.3,0.9,73.9,0.3,23,2.7,0,North India,Vegetarian,snack,,,0,Synthetic_IFCT_schema,Synthetic_Variant
SYN00783,Sattu (roasted gram flour) (raw),Cereals and Millets,,384.0,1700,22.5,7.0,64.0,1.8,,,,East India,Vegetarian,snack,Grilled,100,0,Synthetic_IFCT_schema,Synthetic_Variant
SYN00784,Pomegranate (fried),Fruits,,87.5,347,1.7,1.2,18.7,4.0,10,0.3,10,West India,Vegetarian,Lunch,Steamed,100,0,Synthetic_IFCT_schema,Synthetic_Variant
SYN00785,Pomegranate (roasted),Fruits,Scientific_65,86.0,347,1.7,1.2,18.7,4.0,10,0.3,10,West India,Vegetarian,Main Course,Baked,N/A,0,Synthetic_IFCT_schema,Synthetic_Variant
SYN00786,Pomegranate (fried),Fruits,Scientific_79,79.9,347,1.7,1.2,18.7,,,0.3,,West India,Vegetarian,lunch,Fried,200,0,Synthetic_IFCT_schema,Synthetic_Variant
SYN00787,Pomegranate (raw),Fruits,,80.2,347,1.7,1.2,18.7,4.0,10,0.3,,West India,Veg,lunch,,,0,Synthetic_IFCT_schema,Synthetic_Variant
SYN00788,Pomegranate (raw),Fruits,,87.9,347,1.7,1.2,18.7,4.0,10,0.3,10,West India,Vegetarian,Breakfast,N/A,,0,Synthetic_IFCT_schema,Synthetic_Variant
SYN00789,Pomegranate (raw),Fruits,Scientific_70,,347,1.7,1.2,18.7,,10,0.3,10,West India,Veg,Main Course,Baked,200,0,Synthetic_IFCT_schema,Synthetic_Variant
SYN00790,Watermelon (fried),Fruits,,29.3,125,0.6,0.2,7.6,0.4,7,,8,Pan India,Vegetarian,Breakfast,,200,0,Synthetic_IFCT_schema,Synthetic_Variant
SYN00791,Pomegranate (roasted),Fruits,Scientific_69,79.4,347,1.7,1.2,18.7,4.0,10,0.3,,West India,Vegetarian,Dinner,Fried,150,0,Synthetic_IFCT_schema,Synthetic_Variant
SYN00792,"Wheat flour, whole (boiled)",Cereals and Millets,Scientific_2,328.1,1427,11.8,1.5,69.4,1.9,41,4.9,0,North India,Vegetarian,Beverage,Cooked,150,0,Synthetic_IFCT_schema,Synthetic_Variant
SYN00793,Pomegranate (fried),Fruits,,79.9,347,1.7,1.2,18.7,4.0,10,0.3,10,West India,Vegetarian,Dessert,Steamed,150,0,Synthetic_IFCT_schema,Synthetic_Variant
SYN00794,"Tofu, firm (roasted)",Pulses and Legumes,,73.0,318,8.0,4.8,1.9,0.3,,,,West India,Vegetarian,Lunch,N/A,100,0,Synthetic_IFCT_schema,Synthetic_Variant
SYN00795,"Wheat flour, whole (fried)",Cereals and Millets,Scientific_2,358.5,1427,11.8,1.5,69.4,1.9,41,4.9,0,North India,Vegetarian,Beverage,Cooked,150,0,Synthetic_IFCT_schema,Synthetic_Variant
SYN00796,Kabuli chana (fried),Pulses and Legumes,,340.0,,20.1,5.3,60.9,7.6,202,4.9,3,North India,Vegetarian,Breakfast,Grilled,N/A,0,Synthetic_IFCT_schema,Synthetic_Variant
SYN00797,Pomegranate (boiled),Fruits,,78.7,347,1.7,1.2,18.7,4.0,10,0.3,10,West India,Vegetarian,Dessert,Steamed,150,0,Synthetic_IFCT_schema,Synthetic_Variant
SYN00798,"Chana dal, raw (raw)",Pulses and Legumes,Scientific_12,374.9,1556,20.8,5.6,59.8,,56,4.9,1,North India,Vegetarian,breakfast,Cooked,100,0,Synthetic_IFCT_schema,Synthetic_Variant
SYN00799,Rasam (raw),Composite Dishes,,31.4,125,1.2,0.8,4.5,,,,,South India,Vegetarian,Beverage,,100,1,Synthetic_IFCT_schema,Synthetic_Variant
SYN00800,Maize flour (steamed),Cereals and Millets,Scientific_7,329.5,1485,8.7,3.6,70.0,2.7,9,2.3,,Pan India,Vegetarian,Main Course,N/A,N/A,0,Synthetic_IFCT_schema,Synthetic_Variant
SYN00801,Pomegranate (fried),Fruits,,81.1,347,1.7,1.2,18.7,4.0,10,,10,West India,Vegetarian,Snack,N/A,150,0,Synthetic_IFCT_schema,Synthetic_Variant
SYN00802,Pomegranate (boiled),Fruits,,80.9,347,1.7,1.2,18.7,4.0,10,0.3,10,West India,Vegetarian,Main Course,,N/A,0,Synthetic_IFCT_schema,Synthetic_Variant
SYN00803,Pomegranate (raw),Fruits,Scientific_40,88.8,347,1.7,1.2,18.7,4.0,10,0.3,10,West India,Vegetarian,Any,Cooked,N/A,0,Synthetic_IFCT_schema,Synthetic_Variant
SYN00804,Pomegranate (steamed),Fruits,,77.5,347,1.7,1.2,18.7,4.0,10,0.3,10,West India,Vegetarian,Dessert,Steamed,150,0,Synthetic_IFCT_schema,Synthetic_Variant
SYN00805,Litti chokha (raw),Composite Dishes,,323.1,1340,9.0,10.0,50.0,3.5,,,,East India,Vegetarian,Beverage,Fried,100,1,Synthetic_IFCT_schema,Synthetic_Variant
SYN00806,Pomegranate (raw),Fruits,,85.8,347,1.7,1.2,18.7,4.0,10,0.3,10,West India,non-vegetarian,,Roasted,100,0,Synthetic_IFCT_schema,Synthetic_Variant
SYN00807,Sattu (roasted gram flour) (raw),Cereals and Millets,,411.7,1700,22.5,7.0,64.0,1.8,,,,East India,Vegetarian,snack,Grilled,100,0,Synthetic_IFCT_schema,Synthetic_Variant
SYN00808,"Spinach (Palak), raw (fried)",Vegetables,Scientific_23,,96,2.0,0.3,3.5,,99,1.8,28,Pan India,Vegetarian,breakfast,Fried,200,0,Synthetic_IFCT_schema,Synthetic_Variant
SYN00809,Ragi (Finger millet) (steamed),Cereals and Millets,Scientific_6,352.3,1373,7.3,1.5,66.8,3.6,344,3.9,0,South India,Vegetarian,Main Course,Boiled,N/A,0,Synthetic_IFCT_schema,Synthetic_Variant
SYN00810,Pomegranate (boiled),Fruits,,84.7,,1.7,1.2,18.7,4.0,10,0.3,10,West India,Vegetarian,Dessert,Baked,150,0,Synthetic_IFCT_schema,Synthetic_Variant
SYN00811,Pomegranate (roasted),Fruits,Scientific_40,88.3,347,1.7,1.2,18.7,4.0,10,0.3,10,West India,Vegetarian,Any,Cooked,N/A,0,Synthetic_IFCT_schema,Synthetic_Variant
SYN00812,"Onion, raw (fried)",Vegetables,,41.7,167,1.1,0.1,9.3,1.7,23,0.4,7,Pan India,Vegetarian,lunch,Cooked,200,0,Synthetic_IFCT_schema,Synthetic_Variant
SYN00813,Pomegranate (boiled),Fruits,Scientific_80,,347,1.7,1.2,18.7,4.0,10,0.3,10,West India,Vegetarian,lunch,Cooked,200,0,Synthetic_IFCT_schema,Synthetic_Variant
SYN00814,Pomegranate (fried),Fruits,Scientific_68,82.7,347,1.7,1.2,18.7,4.0,10,0.3,10,Northern,Veg,dinner,Steamed,N/A,0,Synthetic_IFCT_schema,Synthetic_Variant
SYN00815,Shrikhand (fried),Milk and Milk Products,,215.0,921,7.0,7.0,33.0,,,,,West India,Vegetarian,Dinner,Cooked,100,0,Synthetic_IFCT_schema,Synthetic_Variant
SYN00816,Pomegranate (fried),Fruits,Scientific_67,86.6,347,1.7,1.2,18.7,4.0,10,0.3,10,West India,Non-Vegetarian,lunch,Roasted,200,0,Synthetic_IFCT_schema,Synthetic_Variant
SYN00817,Pomegranate (fried),Fruits,,87.6,347,1.7,1.2,18.7,4.0,10,0.3,10,West India,Vegetarian,Main Course,Fried,,0,Synthetic_IFCT_schema,Synthetic_Variant
SYN00818,"Soybean, raw (raw)",Pulses and Legumes,,426.9,1808,36.5,19.9,30.2,9.3,240,,,West India,Vegetarian,Any,Boiled,150,0,Synthetic_IFCT_schema,Synthetic_Variant
SYN00819,Pomegranate (boiled),Fruits,,83.4,347,1.7,1.2,18.7,4.0,10,0.3,10,West India,Vegetarian,Breakfast,N/A,,0,Synthetic_IFCT_schema,Synthetic_Variant
SYN00820,"Wheat flour, refined (steamed)",Cereals and Millets,Scientific_3,334.0,1456,10.3,0.9,73.9,0.3,23,2.7,0,North India,Vegetarian,snack,,,0,Synthetic_IFCT_schema,Synthetic_Variant
SYN00821,Bitter gourd (Karela) (raw),Vegetables,Scientific_27,16.8,,1.0,0.2,3.4,2.8,20,0.6,84,Pan India,Vegetarian,snack,,,0,Synthetic_IFCT_schema,Synthetic_Variant
SYN00822,Pomegranate (steamed),Fruits,,82.0,347,1.7,1.2,18.7,4.0,10,0.3,10,West India,Vegetarian,Snack,Grilled,150,0,Synthetic_IFCT_schema,Synthetic_Variant
SYN00823,Pomegranate (raw),Fruits,,,347,1.7,1.2,18.7,4.0,,0.3,10,West India,Vegetarian,Main Course,Steamed,200,0,Synthetic_IFCT_schema,Synthetic_Variant
SYN00824,Pomegranate (boiled),Fruits,,,347,1.7,1.2,18.7,4.0,,0.3,10,West India,Vegetarian,Main Course,Steamed,200,0,Synthetic_IFCT_schema,Synthetic_Variant
SYN00825,Pomegranate (roasted),Fruits,,77.1,347,1.7,1.2,18.7,4.0,10,0.3,10,West India,Vegetarian,Snack,Grilled,150,0,Synthetic_IFCT_schema,Synthetic_Variant
SYN00826,"Soybean, raw (roasted)",Pulses and Legumes,,448.8,1808,36.5,19.9,30.2,9.3,240,,,West India,Vegetarian,Any,Boiled,150,0,Synthetic_IFCT_schema,Synthetic_Variant
SYN00827,"Onion, raw (boiled)",Vegetables,,36.9,167,1.1,0.1,9.3,1.7,23,0.4,7,Pan India,Vegetarian,lunch,Cooked,200,0,Synthetic_IFCT_schema,Synthetic_Variant
SYN00828,"Wheat flour, refined (fried)",Cereals and Millets,Scientific_3,335.7,1456,10.3,0.9,73.9,0.3,23,2.7,0,North India,Vegetarian,snack,,,0,Synthetic_IFCT_schema,Synthetic_Variant
SYN00829,Litti chokha (raw),Composite Dishes,,315.0,1340,9.0,10.0,50.0,3.5,,,,East India,Vegetarian,Beverage,Fried,100,1,Synthetic_IFCT_schema,Synthetic_Variant
SYN00830,Pomegranate (roasted),Fruits,Scientific_69,80.0,347,1.7,1.2,18.7,4.0,10,0.3,,West India,Vegetarian,Dinner,Fried,150,0,Synthetic_IFCT_schema,Synthetic_Variant
SYN00831,Dhokla (steamed),Composite Dishes,,76.7,318,3.5,1.5,12.0,0.8,,,,West India,Vegetarian,Breakfast,N/A,100,1,Synthetic_IFCT_schema,Synthetic_Variant
SYN00832,Rajma (Kidney beans) (raw),Pulses and Legumes,,344.0,1448,22.9,1.5,60.6,6.4,260,7.0,4,North India,Vegetarian,Any,N/A,N/A,0,Synthetic_IFCT_schema,Synthetic_Variant
SYN00833,Semolina (Rava) (steamed),Cereals and Millets,,,1506,10.0,1.0,74.0,,16,4.7,0,Pan India,Veg,breakfast,Steamed,,0,Synthetic_IFCT_schema,Synthetic_Variant
SYN00834,"Soybean, raw (roasted)",Pulses and Legumes,,399.3,1808,36.5,19.9,30.2,9.3,240,,,West India,Vegetarian,Any,Boiled,150,0,Synthetic_IFCT_schema,Synthetic_Variant
SYN00835,Shrikhand (raw),Milk and Milk Products,,224.8,921,7.0,7.0,33.0,,,,,West India,Vegetarian,Dinner,Cooked,100,0,Synthetic_IFCT_schema,Synthetic_Variant
SYN00836,Pomegranate (steamed),Fruits,,86.6,347,1.7,1.2,18.7,4.0,,0.3,10,West India,Vegetarian,breakfast,,,0,Synthetic_IFCT_schema,Synthetic_Variant
SYN00837,"Wheat flour, whole (roasted)",Cereals and Millets,Scientific_2,337.7,1427,11.8,1.5,69.4,1.9,41,4.9,0,North India,Vegetarian,Beverage,Cooked,150,0,Synthetic_IFCT_schema,Synthetic_Variant
SYN00838,Pomegranate (boiled),Fruits,,,347,1.7,1.2,18.7,4.0,10,0.3,,West India,Vegetarian,breakfast,Fried,,0,Synthetic_IFCT_schema,Synthetic_Variant
SYN00839,"Soya chunks, raw (roasted)",Pulses and Legumes,,334.8,1444,52.0,0.5,33.0,13.0,,,,Pan India,Vegetarian,snack,Baked,100,0,Synthetic_IFCT_schema,Synthetic_Variant
SYN00840,Sattu (roasted gram flour) (raw),Cereals and Millets,,418.6,1700,22.5,7.0,64.0,1.8,,,,East India,Vegetarian,snack,Grilled,100,0,Synthetic_IFCT_schema,Synthetic_Variant
SYN00841,"Soya chunks, raw (boiled)",Pulses and Legumes,,349.6,1444,52.0,0.5,33.0,13.0,,,,Pan India,Vegetarian,snack,Baked,100,0,Synthetic_IFCT_schema,Synthetic_Variant
SYN00842,Dhokla (raw),Composite Dishes,,80.3,318,3.5,1.5,12.0,0.8,,,,West India,Vegetarian,Breakfast,N/A,100,1,Synthetic_IFCT_schema,Synthetic_Variant
SYN00843,Khandvi (boiled),Composite Dishes,,128.4,544,4.5,4.8,18.0,1.2,,,,West India,Vegetarian,breakfast,Roasted,100,1,Synthetic_IFCT_schema,Synthetic_Variant
SYN00844,"Momos, veg (steamed) (boiled)",Composite Dishes,,190.3,753,5.5,5.5,28.0,2.0,,,,East India,Vegetarian,lunch,Steamed,100,1,Synthetic_IFCT_schema,Synthetic_Variant
SYN00845,"Wheat flour, whole (boiled)",Cereals and Millets,Scientific_2,363.6,1427,11.8,1.5,69.4,1.9,41,4.9,0,North India,Vegetarian,Beverage,Cooked,150,0,Synthetic_IFCT_schema,Synthetic_Variant
SYN00846,Sabudana (Tapioca pearls) (roasted),Cereals and Millets,,356.4,1469,0.2,0.2,88.7,0.9,,,,West India,Vegetarian,Dinner,Steamed,100,0,Synthetic_IFCT_schema,Synthetic_Variant
SYN00847,"Soya chunks, raw (steamed)",Pulses and Legumes,,327.1,1444,52.0,0.5,33.0,13.0,,,,Pan India,Vegetarian,snack,Baked,100,0,Synthetic_IFCT_schema,Synthetic_Variant
SYN00848,"Momos, veg (steamed) (boiled)",Composite Dishes,,169.7,753,5.5,5.5,28.0,2.0,,,,East India,Vegetarian,lunch,Steamed,100,1,Synthetic_IFCT_schema,Synthetic_Variant
SYN00849,Watermelon (roasted),Fruits,,31.0,125,0.6,0.2,7.6,0.4,7,,8,Pan India,Vegetarian,Breakfast,,200,0,Synthetic_IFCT_schema,Synthetic_Variant
SYN00850,Pomegranate (fried),Fruits,,86.8,347,1.7,1.2,18.7,4.0,10,0.3,,West India,Veg,lunch,,,0,Synthetic_IFCT_schema,Synthetic_Variant
SYN00851,Pomegranate (steamed),Fruits,,84.1,347,1.7,1.2,18.7,4.0,10,,10,West India,Vegetarian,Snack,N/A,150,0,Synthetic_IFCT_schema,Synthetic_Variant
SYN00852,Pomegranate (steamed),Fruits,,86.2,347,1.7,1.2,18.7,4.0,10,0.3,10,East,Vegetarian,snack,Grilled,100,0,Synthetic_IFCT_schema,Synthetic_Variant
SYN00853,Bajra (Pearl millet) (raw),Cereals and Millets,,365.3,1519,11.6,5.0,67.5,1.2,42,8.0,0,West India,Vegetarian,Main Course,Cooked,150,0,Synthetic_IFCT_schema,Synthetic_Variant
SYN00854,Pomegranate (raw),Fruits,,88.5,347,1.7,1.2,18.7,4.0,10,0.3,10,West India,Vegetarian,Snack,Grilled,150,0,Synthetic_IFCT_schema,Synthetic_Variant
SYN00855,Pomegranate (fried),Fruits,,82.4,347,1.7,1.2,18.7,4.0,10,0.3,10,West India,Vegetarian,breakfast,,100,0,Synthetic_IFCT_schema,Synthetic_Variant
SYN00856,Pomegranate (roasted),Fruits,Scientific_73,88.3,347,1.7,1.2,18.7,4.0,10,0.3,10,West India,Vegetarian,snack,Cooked,100,0,Synthetic_IFCT_schema,Synthetic_Variant
SYN00857,Avial (fried),Composite Dishes,,115.1,481,2.8,6.5,12.0,3.0,,,,South India,Vegetarian,lunch,,100,1,Synthetic_IFCT_schema,Synthetic_Variant
SYN00858,Pomegranate (boiled),Fruits,,84.4,347,1.7,1.2,18.7,,10,0.3,10,West India,Vegetarian,Dinner,Baked,100,0,Synthetic_IFCT_schema,Synthetic_Variant
SYN00859,Pomegranate (raw),Fruits,Scientific_78,79.8,347,1.7,1.2,18.7,4.0,10,0.3,10,West India,Vegetarian,,,,0,Synthetic_IFCT_schema,Synthetic_Variant
SYN00860,Pomegranate (boiled),Fruits,Scientific_62,87.0,347,1.7,1.2,18.7,4.0,10,0.3,10,West India,non-vegetarian,snack,Fried,,0,Synthetic_IFCT_schema,Synthetic_Variant
SYN00861,"Momos, veg (steamed) (steamed)",Composite Dishes,,170.2,753,5.5,5.5,28.0,2.0,,,,East India,Vegetarian,lunch,Steamed,100,1,Synthetic_IFCT_schema,Synthetic_Variant
SYN00862,Pomegranate (steamed),Fruits,,81.5,347,1.7,1.2,18.7,4.0,10,0.3,10,Unknown,Vegetarian,Beverage,Steamed,N/A,0,Synthetic_IFCT_schema,Synthetic_Variant
SYN00863,"Urad dal, raw (steamed)",Pulses and Legumes,Scientific_15,,1428,25.1,1.4,59.0,1.8,154,4.5,0,South India,Vegetarian,Main Course,Grilled,N/A,0,Synthetic_IFCT_schema,Synthetic_Variant
SYN00864,"Rice, cooked (boiled)",Cereals and Millets,,136.9,544,2.7,0.3,28.2,,3,0.2,0,Pan India,non-vegetarian,Snack,Baked,100,0,Synthetic_IFCT_schema,Synthetic_Variant
SYN00865,Rajma (Kidney beans) (raw),Pulses and Legumes,,370.7,1448,22.9,1.5,60.6,6.4,260,7.0,4,North India,Vegetarian,Any,N/A,N/A,0,Synthetic_IFCT_schema,Synthetic_Variant
SYN00866,Pomegranate (fried),Fruits,Scientific_59,86.8,347,1.7,1.2,18.7,4.0,10,0.3,10,West India,Vegetarian,Dessert,Steamed,150,0,Synthetic_IFCT_schema,Synthetic_Variant
SYN00867,Jowar (Sorghum) (fried),Cereals and Millets,Scientific_5,325.5,,10.4,1.9,72.6,1.6,25,,0,Unknown,Vegetarian,Main Course,Fried,,0,Synthetic_IFCT_schema,Synthetic_Variant
SYN00868,"Chana dal, raw (boiled)",Pulses and Legumes,Scientific_12,376.7,1556,20.8,5.6,59.8,,56,4.9,1,North India,Vegetarian,breakfast,Cooked,100,0,Synthetic_IFCT_schema,Synthetic_Variant
SYN00869,Kabuli chana (boiled),Pulses and Legumes,,345.7,,20.1,5.3,60.9,7.6,202,4.9,3,North India,Vegetarian,Breakfast,Grilled,N/A,0,Synthetic_IFCT_schema,Synthetic_Variant
SYN00870,Cowpea (Black-eyed pea) (steamed),Pulses and Legumes,,303.1,1351,23.4,1.8,54.5,,227,8.6,1,South India,Vegetarian,Lunch,Roasted,200,0,Synthetic_IFCT_schema,Synthetic_Variant
SYN00871,Pomegranate (roasted),Fruits,,84.6,347,1.7,1.2,18.7,4.0,10,0.3,10,West India,Vegetarian,Dessert,Steamed,150,0,Synthetic_IFCT_schema,Synthetic_Variant
SYN00872,Fenugreek leaves (Methi) (fried),Vegetables,Scientific_28,49.3,205,4.4,0.9,6.0,1.1,,1.9,52,North India,Vegetarian,Dessert,Boiled,150,0,Synthetic_IFCT_schema,Synthetic_Variant
SYN00873,Pomegranate (fried),Fruits,Scientific_62,81.0,347,1.7,1.2,18.7,4.0,10,0.3,10,West India,non-vegetarian,snack,Fried,,0,Synthetic_IFCT_schema,Synthetic_Variant
SYN00874,Pomegranate (raw),Fruits,,87.3,347,1.7,1.2,18.7,4.0,10,0.3,10,West India,Vegetarian,Beverage,Steamed,,0,Synthetic_IFCT_schema,Synthetic_Variant
SYN00875,Pomegranate (fried),Fruits,,80.7,347,1.7,1.2,18.7,4.0,10,0.3,10,West India,Vegetarian,Snack,Boiled,N/A,0,Synthetic_IFCT_schema,Synthetic_Variant
SYN00876,Semolina (Rava) (boiled),Cereals and Millets,,,1506,10.0,1.0,74.0,,16,4.7,0,Pan India,Veg,breakfast,Steamed,,0,Synthetic_IFCT_schema,Synthetic_Variant
SYN00877,"Rice, cooked (roasted)",Cereals and Millets,,125.8,544,2.7,0.3,28.2,,3,0.2,0,Pan India,non-vegetarian,Snack,Baked,100,0,Synthetic_IFCT_schema,Synthetic_Variant
SYN00878,Pomegranate (boiled),Fruits,,76.4,347,1.7,1.2,18.7,4.0,,0.3,10,West India,Vegetarian,Main Course,Grilled,,0,Synthetic_IFCT_schema,Synthetic_Variant
SYN00879,Avial (boiled),Composite Dishes,,119.5,481,2.8,6.5,12.0,3.0,,,,South India,Vegetarian,lunch,,100,1,Synthetic_IFCT_schema,Synthetic_Variant
SYN00880,Pomegranate (steamed),Fruits,Scientific_70,,347,1.7,1.2,18.7,,10,0.3,10,West India,Veg,Main Course,Baked,200,0,Synthetic_IFCT_schema,Synthetic_Variant
SYN00881,Pomegranate (roasted),Fruits,,88.9,347,1.7,1.2,18.7,4.0,10,0.3,10,West India,Vegetarian,Snack,Grilled,150,0,Synthetic_IFCT_schema,Synthetic_Variant
SYN00882,Banana (Cavendish) (raw),Fruits,Scientific_32,87.3,372,1.1,0.3,23.0,2.6,5,0.3,8,South India,Vegetarian,Dinner,,100,0,Synthetic_IFCT_schema,Synthetic_Variant
SYN00883,Pomegranate (fried),Fruits,,80.4,347,1.7,1.2,18.7,,10,0.3,10,West India,Vegetarian,Dinner,Baked,100,0,Synthetic_IFCT_schema,Synthetic_Variant
SYN00884,Puttu (fried),Composite Dishes,,175.3,733,3.5,1.2,38.0,1.5,,,,South India,Vegetarian,Main Course,,100,1,Synthetic_IFCT_schema,Synthetic_Variant
SYN00885,Bamboo shoots (boiled),Vegetables,,26.4,113,2.6,0.3,5.2,2.2,,,,East India,Vegetarian,Dinner,Boiled,100,0,Synthetic_IFCT_schema,Synthetic_Variant
SYN00886,Shrikhand (raw),Milk and Milk Products,,205.7,921,7.0,7.0,33.0,,,,,West India,Vegetarian,Dinner,Cooked,100,0,Synthetic_IFCT_schema,Synthetic_Variant
SYN00887,Pomegranate (fried),Fruits,,80.0,347,1.7,1.2,18.7,4.0,10,0.3,10,West India,Vegetarian,Lunch,Steamed,100,0,Synthetic_IFCT_schema,Synthetic_Variant
SYN00888,Pomegranate (steamed),Fruits,Scientific_47,86.4,,1.7,1.2,18.7,4.0,10,0.3,10,West India,Non-Veg,snack,Grilled,200,0,Synthetic_IFCT_schema,Synthetic_Variant
SYN00889,Bitter gourd (Karela) (steamed),Vegetables,Scientific_27,18.1,,1.0,0.2,3.4,2.8,20,0.6,84,Pan India,Vegetarian,snack,,,0,Synthetic_IFCT_schema,Synthetic_Variant
SYN00890,Cowpea (Black-eyed pea) (roasted),Pulses and Legumes,,308.7,1351,23.4,1.8,54.5,,227,8.6,1,South India,Vegetarian,Lunch,Roasted,200,0,Synthetic_IFCT_schema,Synthetic_Variant
SYN00891,Pomegranate (boiled),Fruits,Scientific_78,79.4,347,1.7,1.2,18.7,4.0,10,0.3,10,West India,Vegetarian,,,,0,Synthetic_IFCT_schema,Synthetic_Variant
SYN00892,Pomegranate (steamed),Fruits,Scientific_61,84.9,347,1.7,1.2,18.7,4.0,10,0.3,,West India,Vegetarian,Dessert,,100,0,Synthetic_IFCT_schema,Synthetic_Variant
SYN00893,Pomegranate (steamed),Fruits,,82.0,347,1.7,1.2,18.7,4.0,10,0.3,,West India,Veg,lunch,,,0,Synthetic_IFCT_schema,Synthetic_Variant
SYN00894,Pomegranate (raw),Fruits,Scientific_79,77.8,347,1.7,1.2,18.7,,,0.3,,West India,Vegetarian,lunch,Fried,200,0,Synthetic_IFCT_schema,Synthetic_Variant
SYN00895,Ragi (Finger millet) (roasted),Cereals and Millets,Scientific_6,317.3,1373,7.3,1.5,66.8,3.6,344,3.9,0,South India,Vegetarian,Main Course,Boiled,N/A,0,Synthetic_IFCT_schema,Synthetic_Variant
SYN00896,Pomegranate (steamed),Fruits,Scientific_65,79.0,347,1.7,1.2,18.7,4.0,10,0.3,10,West India,Vegetarian,Main Course,Baked,N/A,0,Synthetic_IFCT_schema,Synthetic_Variant
SYN00897,Okra (Bhindi) (fried),Vegetables,Scientific_26,34.8,138,2.1,0.2,7.0,2.5,82,0.8,21,Pan India,non-vegetarian,,Fried,150,0,Synthetic_IFCT_schema,Synthetic_Variant
SYN00898,"Coconut, fresh (raw)",Nuts and Oilseeds,Scientific_30,345.3,1482,3.3,33.5,15.2,9.0,14,1.9,3,South India,Vegetarian,Lunch,,200,0,Synthetic_IFCT_schema,Synthetic_Variant
SYN00899,"Rice, raw, milled (raw)",Cereals and Millets,,,1448,6.8,0.5,78.2,0.2,10,0.7,,Pan India,Vegetarian,Breakfast,Baked,,0,Synthetic_IFCT_schema,Synthetic_Variant
SYN00900,"Tofu, firm (roasted)",Pulses and Legumes,,71.6,318,8.0,4.8,1.9,0.3,,,,West India,Vegetarian,Lunch,N/A,100,0,Synthetic_IFCT_schema,Synthetic_Variant
SYN00901,"Soya chunks, raw (raw)",Pulses and Legumes,,322.4,1444,52.0,0.5,33.0,13.0,,,,Pan India,Vegetarian,snack,Baked,100,0,Synthetic_IFCT_schema,Synthetic_Variant
SYN00902,Amla (Indian gooseberry) (boiled),Fruits,,42.0,184,0.9,0.6,10.2,4.3,50,1.2,600,Western,Vegetarian,breakfast,Roasted,150,0,Synthetic_IFCT_schema,Synthetic_Variant
SYN00903,Pomegranate (raw),Fruits,,78.2,347,1.7,1.2,18.7,4.0,10,0.3,10,West India,non-vegetarian,,Roasted,100,0,Synthetic_IFCT_schema,Synthetic_Variant
SYN00904,Puttu (raw),Composite Dishes,,184.0,733,3.5,1.2,38.0,1.5,,,,South India,Vegetarian,Main Course,,100,1,Synthetic_IFCT_schema,Synthetic_Variant
SYN00905,Puttu (fried),Composite Dishes,,165.5,733,3.5,1.2,38.0,1.5,,,,South India,Vegetarian,Main Course,,100,1,Synthetic_IFCT_schema,Synthetic_Variant
SYN00906,Guava (steamed),Fruits,,71.7,285,2.6,1.0,14.3,5.4,18,,228,Maharashtra,Vegetarian,Snack,Baked,N/A,0,Synthetic_IFCT_schema,Synthetic_Variant
SYN00907,Pomegranate (steamed),Fruits,,86.3,347,1.7,1.2,18.7,4.0,10,0.3,10,West India,Vegetarian,breakfast,,100,0,Synthetic_IFCT_schema,Synthetic_Variant
SYN00908,Pomegranate (fried),Fruits,,76.8,347,1.7,1.2,18.7,4.0,10,0.3,10,West India,Vegetarian,Snack,Boiled,N/A,0,Synthetic_IFCT_schema,Synthetic_Variant
SYN00909,Banana (Cavendish) (raw),Fruits,Scientific_32,94.7,372,1.1,0.3,23.0,2.6,5,0.3,8,South India,Vegetarian,Dinner,,100,0,Synthetic_IFCT_schema,Synthetic_Variant
SYN00910,Pomegranate (roasted),Fruits,,76.6,347,1.7,1.2,18.7,4.0,10,0.3,10,East,Vegetarian,snack,Grilled,100,0,Synthetic_IFCT_schema,Synthetic_Variant
SYN00911,"Wheat flour, whole (fried)",Cereals and Millets,Scientific_2,351.8,1427,11.8,1.5,69.4,1.9,41,4.9,0,North India,Vegetarian,Beverage,Cooked,150,0,Synthetic_IFCT_schema,Synthetic_Variant
SYN00912,"Papaya, ripe (fried)",Fruits,,40.1,180,0.5,0.1,10.8,1.7,20,0.1,62,South India,Vegetarian,snack,Fried,,0,Synthetic_IFCT_schema,Synthetic_Variant
SYN00913,Khandvi (steamed),Composite Dishes,,133.9,544,4.5,4.8,18.0,1.2,,,,West India,Vegetarian,breakfast,Roasted,100,1,Synthetic_IFCT_schema,Synthetic_Variant
SYN00914,Pomegranate (fried),Fruits,Scientific_47,77.8,,1.7,1.2,18.7,4.0,10,0.3,10,West India,Non-Veg,snack,Grilled,200,0,Synthetic_IFCT_schema,Synthetic_Variant
SYN00915,"Rice, raw, milled (raw)",Cereals and Millets,,,1448,6.8,0.5,78.2,0.2,10,0.7,,Pan India,Vegetarian,Breakfast,Baked,,0,Synthetic_IFCT_schema,Synthetic_Variant
SYN00916,Pomegranate (roasted),Fruits,,,347,1.7,1.2,18.7,4.0,,0.3,10,West India,Vegetarian,Main Course,Steamed,200,0,Synthetic_IFCT_schema,Synthetic_Variant
SYN00917,Pomegranate (raw),Fruits,,80.9,347,1.7,1.2,18.7,,10,0.3,10,Pan India,Vegetarian,Main Course,Fried,150,0,Synthetic_IFCT_schema,Synthetic_Variant
SYN00918,Pomegranate (steamed),Fruits,,88.9,347,1.7,1.2,18.7,4.0,10,0.3,10,West India,Vegetarian,Snack,Grilled,150,0,Synthetic_IFCT_schema,Synthetic_Variant
SYN00919,"Jackfruit, raw (roasted)",Fruits,,91.6,398,1.7,0.6,23.2,1.5,,,,South India,Vegetarian,Any,Baked,100,0,Synthetic_IFCT_schema,Synthetic_Variant
SYN00920,Pomegranate (roasted),Fruits,Scientific_45,77.4,347,1.7,1.2,18.7,4.0,10,0.3,,West India,Veg,breakfast,Roasted,N/A,0,Synthetic_IFCT_schema,Synthetic_Variant
SYN00921,Pomegranate (fried),Fruits,,84.5,347,1.7,1.2,18.7,4.0,10,0.3,10,West India,Vegetarian,Lunch,Steamed,100,0,Synthetic_IFCT_schema,Synthetic_Variant
SYN00922,Pomegranate (steamed),Fruits,,85.9,347,1.7,1.2,18.7,4.0,10,0.3,10,West India,Vegetarian,Breakfast,N/A,,0,Synthetic_IFCT_schema,Synthetic_Variant
SYN00923,Rajma (Kidney beans) (roasted),Pulses and Legumes,,347.7,1448,22.9,1.5,60.6,6.4,260,7.0,4,North India,Vegetarian,Any,N/A,N/A,0,Synthetic_IFCT_schema,Synthetic_Variant
SYN00924,Ragi (Finger millet) (fried),Cereals and Millets,Scientific_6,334.4,1373,7.3,1.5,66.8,3.6,344,3.9,0,South India,Vegetarian,Main Course,Boiled,N/A,0,Synthetic_IFCT_schema,Synthetic_Variant
SYN00925,Fenugreek leaves (Methi) (roasted),Vegetables,Scientific_28,48.5,205,4.4,0.9,6.0,1.1,,1.9,52,North India,Vegetarian,Dessert,Boiled,150,0,Synthetic_IFCT_schema,Synthetic_Variant
SYN00926,Pomegranate (raw),Fruits,,81.7,347,1.7,1.2,18.7,4.0,,0.3,10,West India,Vegetarian,breakfast,,,0,Synthetic_IFCT_schema,Synthetic_Variant
SYN00927,"Rice, raw, milled (boiled)",Cereals and Millets,,,1448,6.8,0.5,78.2,0.2,10,0.7,,Pan India,Vegetarian,Breakfast,Baked,,0,Synthetic_IFCT_schema,Synthetic_Variant
SYN00928,Pomegranate (fried),Fruits,Scientific_50,86.1,347,1.7,1.2,18.7,4.0,10,0.3,,North India,Veg,Beverage,Steamed,100,0,Synthetic_IFCT_schema,Synthetic_Variant
SYN00929,Okra (Bhindi) (raw),Vegetables,Scientific_26,33.9,138,2.1,0.2,7.0,2.5,82,0.8,21,Pan India,non-vegetarian,,Fried,150,0,Synthetic_IFCT_schema,Synthetic_Variant
SYN00930,Pomegranate (raw),Fruits,Scientific_50,77.7,347,1.7,1.2,18.7,4.0,10,0.3,,North India,Veg,Beverage,Steamed,100,0,Synthetic_IFCT_schema,Synthetic_Variant
SYN00931,Pomegranate (fried),Fruits,,88.3,347,1.7,1.2,18.7,,10,0.3,10,West India,Vegetarian,Dinner,Baked,100,0,Synthetic_IFCT_schema,Synthetic_Variant
SYN00932,Avial (raw),Composite Dishes,,109.8,481,2.8,6.5,12.0,3.0,,,,South India,Vegetarian,lunch,,100,1,Synthetic_IFCT_schema,Synthetic_Variant
SYN00933,Pomegranate (roasted),Fruits,,86.7,347,1.7,1.2,18.7,4.0,10,0.3,10,West India,Vegetarian,Dessert,N/A,100,0,Synthetic_IFCT_schema,Synthetic_Variant
SYN00934,Pomegranate (steamed),Fruits,,86.8,347,1.7,1.2,18.7,4.0,10,0.3,10,West India,Vegetarian,Main Course,Fried,,0,Synthetic_IFCT_schema,Synthetic_Variant
SYN00935,Banana (Cavendish) (roasted),Fruits,Scientific_32,86.2,372,1.1,0.3,23.0,2.6,5,0.3,8,South India,Vegetarian,Dinner,,100,0,Synthetic_IFCT_schema,Synthetic_Variant
SYN00936,"Soybean, raw (raw)",Pulses and Legumes,,420.5,1808,36.5,19.9,30.2,9.3,240,,,West India,Vegetarian,Any,Boiled,150,0,Synthetic_IFCT_schema,Synthetic_Variant
SYN00937,Pomegranate (fried),Fruits,,80.1,347,1.7,1.2,18.7,4.0,10,0.3,10,West India,Vegetarian,breakfast,,100,0,Synthetic_IFCT_schema,Synthetic_Variant
SYN00938,Pomegranate (roasted),Fruits,,88.6,347,1.7,1.2,18.7,4.0,10,0.3,10,West India,Vegetarian,Dessert,N/A,100,0,Synthetic_IFCT_schema,Synthetic_Variant
SYN00939,Pomegranate (steamed),Fruits,Scientific_73,83.0,347,1.7,1.2,18.7,4.0,10,0.3,10,West India,Vegetarian,snack,Cooked,100,0,Synthetic_IFCT_schema,Synthetic_Variant
SYN00940,"Papaya, ripe (fried)",Fruits,,41.6,180,0.5,0.1,10.8,1.7,20,0.1,62,South India,Vegetarian,snack,Fried,,0,Synthetic_IFCT_schema,Synthetic_Variant
SYN00941,Pomegranate (fried),Fruits,,79.8,347,1.7,1.2,18.7,,10,0.3,10,Pan India,Vegetarian,Main Course,Fried,150,0,Synthetic_IFCT_schema,Synthetic_Variant
SYN00942,Appam (raw),Composite Dishes,,128.5,502,2.5,2.8,22.0,0.5,,,,South India,Vegetarian,Beverage,N/A,100,1,Synthetic_IFCT_schema,Synthetic_Variant
SYN00943,Pomegranate (fried),Fruits,Scientific_63,88.2,347,1.7,1.2,18.7,4.0,10,0.3,10,West India,Vegetarian,Any,Baked,N/A,0,Synthetic_IFCT_schema,Synthetic_Variant
SYN00944,Pomegranate (boiled),Fruits,,77.6,347,1.7,1.2,18.7,4.0,10,0.3,10,West India,Vegetarian,Dessert,Steamed,150,0,Synthetic_IFCT_schema,Synthetic_Variant
SYN00945,Okra (Bhindi) (steamed),Vegetables,Scientific_26,30.6,138,2.1,0.2,7.0,2.5,82,0.8,21,Pan India,non-vegetarian,,Fried,150,0,Synthetic_IFCT_schema,Synthetic_Variant
SYN00946,Bamboo shoots (steamed),Vegetables,,25.0,113,2.6,0.3,5.2,2.2,,,,East India,Vegetarian,Dinner,Boiled,100,0,Synthetic_IFCT_schema,Synthetic_Variant
SYN00947,Rajma (Kidney beans) (roasted),Pulses and Legumes,,353.0,1448,22.9,1.5,60.6,6.4,260,7.0,4,North India,Vegetarian,Any,N/A,N/A,0,Synthetic_IFCT_schema,Synthetic_Variant
SYN00948,Pomegranate (fried),Fruits,,88.6,347,1.7,1.2,18.7,4.0,10,0.3,10,West India,Vegetarian,breakfast,,100,0,Synthetic_IFCT_schema,Synthetic_Variant
SYN00949,Pomegranate (fried),Fruits,,84.7,347,1.7,1.2,18.7,4.0,10,0.3,10,West India,Vegetarian,Breakfast,N/A,,0,Synthetic_IFCT_schema,Synthetic_Variant
SYN00950,Pomegranate (raw),Fruits,Scientific_66,88.8,347,1.7,1.2,18.7,4.0,10,0.3,10,West India,Vegetarian,Dessert,Raw,200,0,Synthetic_IFCT_schema,Synthetic_Variant
SYN00951,"Coconut, fresh (roasted)",Nuts and Oilseeds,Scientific_30,330.4,1482,3.3,33.5,15.2,9.0,14,1.9,3,South India,Vegetarian,Lunch,,200,0,Synthetic_IFCT_schema,Synthetic_Variant
SYN00952,Pomegranate (boiled),Fruits,,85.0,347,1.7,1.2,18.7,,10,0.3,10,Pan India,Vegetarian,Main Course,Fried,150,0,Synthetic_IFCT_schema,Synthetic_Variant
SYN00953,"Wheat flour, refined (fried)",Cereals and Millets,Scientific_3,369.9,1456,10.3,0.9,73.9,0.3,23,2.7,0,North India,Vegetarian,snack,,,0,Synthetic_IFCT_schema,Synthetic_Variant
SYN00954,Bamboo shoots (steamed),Vegetables,,28.3,113,2.6,0.3,5.2,2.2,,,,East India,Vegetarian,Dinner,Boiled,100,0,Synthetic_IFCT_schema,Synthetic_Variant
SYN00955,Pomegranate (fried),Fruits,Scientific_78,87.7,347,1.7,1.2,18.7,4.0,10,0.3,10,West India,Vegetarian,,,,0,Synthetic_IFCT_schema,Synthetic_Variant
SYN00956,Pomegranate (steamed),Fruits,,84.7,347,1.7,1.2,18.7,4.0,10,0.3,10,West India,non-vegetarian,,Roasted,100,0,Synthetic_IFCT_schema,Synthetic_Variant
SYN00957,Jowar (Sorghum) (boiled),Cereals and Millets,Scientific_5,348.8,,10.4,1.9,72.6,1.6,25,,0,Unknown,Vegetarian,Main Course,Fried,,0,Synthetic_IFCT_schema,Synthetic_Variant
SYN00958,Pomegranate (boiled),Fruits,Scientific_69,81.4,347,1.7,1.2,18.7,4.0,10,0.3,,West India,Vegetarian,Dinner,Fried,150,0,Synthetic_IFCT_schema,Synthetic_Variant
SYN00959,Pomegranate (boiled),Fruits,,89.6,347,1.7,1.2,18.7,4.0,10,0.3,10,West India,Vegetarian,Lunch,Steamed,100,0,Synthetic_IFCT_schema,Synthetic_Variant
SYN00960,Pomegranate (raw),Fruits,,84.2,347,1.7,1.2,18.7,,10,0.3,10,Pan India,Vegetarian,Main Course,Fried,150,0,Synthetic_IFCT_schema,Synthetic_Variant
SYN00961,Pomegranate (roasted),Fruits,Scientific_62,79.1,347,1.7,1.2,18.7,4.0,10,0.3,10,West India,non-vegetarian,snack,Fried,,0,Synthetic_IFCT_schema,Synthetic_Variant
SYN00962,Pomegranate (boiled),Fruits,Scientific_65,80.8,347,1.7,1.2,18.7,4.0,10,0.3,10,West India,Vegetarian,Main Course,Baked,N/A,0,Synthetic_IFCT_schema,Synthetic_Variant
SYN00963,Pomegranate (raw),Fruits,,87.9,347,1.7,1.2,18.7,4.0,10,0.3,10,Unknown,Vegetarian,Beverage,Steamed,N/A,0,Synthetic_IFCT_schema,Synthetic_Variant
SYN00964,"Onion, raw (fried)",Vegetables,,40.1,167,1.1,0.1,9.3,1.7,23,0.4,7,Pan India,Vegetarian,lunch,Cooked,200,0,Synthetic_IFCT_schema,Synthetic_Variant
SYN00965,Pomegranate (boiled),Fruits,Scientific_62,87.0,347,1.7,1.2,18.7,4.0,10,0.3,10,West India,non-vegetarian,snack,Fried,,0,Synthetic_IFCT_schema,Synthetic_Variant
SYN00966,Pomegranate (raw),Fruits,Scientific_53,79.3,347,1.7,1.2,18.7,4.0,10,0.3,10,West India,Vegetarian,Snack,Baked,100,0,Synthetic_IFCT_schema,Synthetic_Variant
SYN00967,Sabudana (Tapioca pearls) (boiled),Cereals and Millets,,338.8,1469,0.2,0.2,88.7,0.9,,,,West India,Vegetarian,Dinner,Steamed,100,0,Synthetic_IFCT_schema,Synthetic_Variant
SYN00968,"Papaya, ripe (boiled)",Fruits,,40.8,180,0.5,0.1,10.8,1.7,20,0.1,62,South India,Vegetarian,snack,Fried,,0,Synthetic_IFCT_schema,Synthetic_Variant
SYN00969,Banana (Cavendish) (raw),Fruits,Scientific_32,91.8,372,1.1,0.3,23.0,2.6,5,0.3,8,South India,Vegetarian,Dinner,,100,0,Synthetic_IFCT_schema,Synthetic_Variant
SYN00970,Pomegranate (boiled),Fruits,,80.3,347,1.7,1.2,18.7,4.0,10,0.3,10,West India,Vegetarian,Dessert,N/A,100,0,Synthetic_IFCT_schema,Synthetic_Variant
SYN00971,Ragi (Finger millet) (raw),Cereals and Millets,Scientific_6,311.0,1373,7.3,1.5,66.8,3.6,344,3.9,0,South India,Vegetarian,Main Course,Boiled,N/A,0,Synthetic_IFCT_schema,Synthetic_Variant
SYN00972,Banana (Cavendish) (roasted),Fruits,Scientific_32,84.9,372,1.1,0.3,23.0,2.6,5,0.3,8,South India,Vegetarian,Dinner,,100,0,Synthetic_IFCT_schema,Synthetic_Variant
SYN00973,Jowar (Sorghum) (raw),Cereals and Millets,Scientific_5,351.8,,10.4,1.9,72.6,1.6,25,,0,Unknown,Vegetarian,Main Course,Fried,,0,Synthetic_IFCT_schema,Synthetic_Variant
SYN00974,Pomegranate (roasted),Fruits,,80.3,347,1.7,1.2,18.7,4.0,10,0.3,10,West India,Vegetarian,Snack,Boiled,N/A,0,Synthetic_IFCT_schema,Synthetic_Variant
SYN00975,Sattu (roasted gram flour) (raw),Cereals and Millets,,395.6,1700,22.5,7.0,64.0,1.8,,,,East India,Vegetarian,snack,Grilled,100,0,Synthetic_IFCT_schema,Synthetic_Variant
SYN00976,Banana (Cavendish) (fried),Fruits,Scientific_32,90.4,372,1.1,0.3,23.0,2.6,5,0.3,8,South India,Vegetarian,Dinner,,100,0,Synthetic_IFCT_schema,Synthetic_Variant
SYN00977,Brinjal (Eggplant) (boiled),Vegetables,,23.7,105,1.4,0.3,5.5,3.4,18,0.3,2,Pan India,Vegetarian,lunch,Steamed,100,0,Synthetic_IFCT_schema,Synthetic_Variant
SYN00978,Methi thepla (roasted),Composite Dishes,,291.4,1193,7.5,12.0,38.0,3.0,,,,West India,Vegetarian,Beverage,Boiled,100,1,Synthetic_IFCT_schema,Synthetic_Variant
SYN00979,Pomegranate (roasted),Fruits,Scientific_67,86.0,347,1.7,1.2,18.7,4.0,10,0.3,10,West India,Non-Vegetarian,lunch,Roasted,200,0,Synthetic_IFCT_schema,Synthetic_Variant
SYN00980,Fenugreek leaves (Methi) (raw),Vegetables,Scientific_28,50.4,205,4.4,0.9,6.0,1.1,,1.9,52,North India,Vegetarian,Dessert,Boiled,150,0,Synthetic_IFCT_schema,Synthetic_Variant
SYN00981,Puttu (boiled),Composite Dishes,,175.8,733,3.5,1.2,38.0,1.5,,,,South India,Vegetarian,Main Course,,100,1,Synthetic_IFCT_schema,Synthetic_Variant
SYN00982,"Soya chunks, raw (roasted)",Pulses and Legumes,,361.4,1444,52.0,0.5,33.0,13.0,,,,Pan India,Vegetarian,snack,Baked,100,0,Synthetic_IFCT_schema,Synthetic_Variant
SYN00983,"Tofu, firm (fried)",Pulses and Legumes,,70.6,318,8.0,4.8,1.9,0.3,,,,West India,Vegetarian,Lunch,N/A,100,0,Synthetic_IFCT_schema,Synthetic_Variant
SYN00984,Sabudana (Tapioca pearls) (raw),Cereals and Millets,,359.6,1469,0.2,0.2,88.7,0.9,,,,West India,Vegetarian,Dinner,Steamed,100,0,Synthetic_IFCT_schema,Synthetic_Variant
SYN00985,"Cauliflower, raw (fried)",Vegetables,,23.9,105,1.9,0.4,4.9,2.5,22,0.4,,Western,Non-Veg,Breakfast,Steamed,200,0,Synthetic_IFCT_schema,Synthetic_Variant
SYN00986,Pomegranate (raw),Fruits,Scientific_78,83.5,347,1.7,1.2,18.7,4.0,10,0.3,10,West India,Vegetarian,,,,0,Synthetic_IFCT_schema,Synthetic_Variant
SYN00987,Pomegranate (steamed),Fruits,,78.9,347,1.7,1.2,18.7,,10,0.3,10,Pan India,Vegetarian,Main Course,Fried,150,0,Synthetic_IFCT_schema,Synthetic_Variant
SYN00988,Pomegranate (steamed),Fruits,,87.3,347,1.7,1.2,18.7,4.0,10,0.3,10,East,Vegetarian,snack,Grilled,100,0,Synthetic_IFCT_schema,Synthetic_Variant
SYN00989,"Mango, ripe (Alphonso) (steamed)",Fruits,Scientific_31,71.3,293,0.6,0.4,17.0,1.6,10,0.3,36,West India,Vegetarian,Lunch,N/A,N/A,0,Synthetic_IFCT_schema,Synthetic_Variant
SYN00990,Machher jhol (fried),Composite Dishes,,160.3,649,17.0,9.0,3.0,0.6,,,,East India,Non-Vegetarian,Dessert,Boiled,100,1,Synthetic_IFCT_schema,Synthetic_Variant
SYN00991,Guava (steamed),Fruits,,68.9,285,2.6,1.0,14.3,5.4,18,,228,Maharashtra,Vegetarian,Snack,Baked,N/A,0,Synthetic_IFCT_schema,Synthetic_Variant
SYN00992,Amla (Indian gooseberry) (roasted),Fruits,,45.0,184,0.9,0.6,10.2,4.3,50,1.2,600,Western,Vegetarian,breakfast,Roasted,150,0,Synthetic_IFCT_schema,Synthetic_Variant
SYN00993,"Tofu, firm (fried)",Pulses and Legumes,,76.5,318,8.0,4.8,1.9,0.3,,,,West India,Vegetarian,Lunch,N/A,100,0,Synthetic_IFCT_schema,Synthetic_Variant
SYN00994,"Wheat flour, whole (boiled)",Cereals and Millets,Scientific_2,325.6,1427,11.8,1.5,69.4,1.9,41,4.9,0,North India,Vegetarian,Beverage,Cooked,150,0,Synthetic_IFCT_schema,Synthetic_Variant
SYN00995,"Tomato, raw (steamed)",Vegetables,,,75,0.9,0.2,3.9,1.2,13,,27,Pan India,Vegetarian,Dessert,Roasted,100,0,Synthetic_IFCT_schema,Synthetic_Variant
SYN00996,Fenugreek leaves (Methi) (fried),Vegetables,Scientific_28,50.2,205,4.4,0.9,6.0,1.1,,1.9,52,North India,Vegetarian,Dessert,Boiled,150,0,Synthetic_IFCT_schema,Synthetic_Variant
SYN00997,Bajra (Pearl millet) (roasted),Cereals and Millets,,346.7,1519,11.6,5.0,67.5,1.2,42,8.0,0,West India,Vegetarian,Main Course,Cooked,150,0,Synthetic_IFCT_schema,Synthetic_Variant
SYN00998,"Papaya, ripe (steamed)",Fruits,,41.0,180,0.5,0.1,10.8,1.7,20,0.1,62,South India,Vegetarian,snack,Fried,,0,Synthetic_IFCT_schema,Synthetic_Variant
SYN00999,"Papaya, ripe (raw)",Fruits,,39.8,180,0.5,0.1,10.8,1.7,20,0.1,62,South India,Vegetarian,snack,Fried,,0,Synthetic_IFCT_schema,Synthetic_Variant
SYN01000,Bajra (Pearl millet) (fried),Cereals and Millets,,375.8,1519,11.6,5.0,67.5,1.2,42,8.0,0,West India,Vegetarian,Main Course,Cooked,150,0,Synthetic_IFCT_schema,Synthetic_Variant
SYN01001,Pomegranate (steamed),Fruits,,89.0,347,1.7,1.2,18.7,4.0,10,0.3,10,West India,Vegetarian,Lunch,Steamed,100,0,Synthetic_IFCT_schema,Synthetic_Variant
SYN01002,Pomegranate (raw),Fruits,,86.7,347,1.7,1.2,18.7,4.0,10,0.3,,West India,Vegetarian,Snack,Baked,200,0,Synthetic_IFCT_schema,Synthetic_Variant
SYN01003,Pomegranate (roasted),Fruits,Scientific_45,79.0,347,1.7,1.2,18.7,4.0,10,0.3,,West India,Veg,breakfast,Roasted,N/A,0,Synthetic_IFCT_schema,Synthetic_Variant
SYN01004,Amla (Indian gooseberry) (steamed),Fruits,,43.9,184,0.9,0.6,10.2,4.3,50,1.2,600,Western,Vegetarian,breakfast,Roasted,150,0,Synthetic_IFCT_schema,Synthetic_Variant
SYN01005,"Peanut, raw (roasted)",Nuts and Oilseeds,Scientific_19,554.0,,25.8,49.2,16.1,8.5,92,4.6,0,West India,Non-Vegetarian,Dinner,Cooked,,0,Synthetic_IFCT_schema,Synthetic_Variant
SYN01006,Pomegranate (boiled),Fruits,,77.3,347,1.7,1.2,18.7,4.0,10,0.3,10,West India,Vegetarian,Dessert,Steamed,150,0,Synthetic_IFCT_schema,Synthetic_Variant
SYN01007,Semolina (Rava) (raw),Cereals and Millets,,,1506,10.0,1.0,74.0,,16,4.7,0,Pan India,Veg,breakfast,Steamed,,0,Synthetic_IFCT_schema,Synthetic_Variant
SYN01008,Okra (Bhindi) (raw),Vegetables,Scientific_26,34.9,138,2.1,0.2,7.0,2.5,82,0.8,21,Pan India,non-vegetarian,,Fried,150,0,Synthetic_IFCT_schema,Synthetic_Variant
SYN01009,Jowar (Sorghum) (steamed),Cereals and Millets,Scientific_5,339.9,,10.4,1.9,72.6,1.6,25,,0,Unknown,Vegetarian,Main Course,Fried,,0,Synthetic_IFCT_schema,Synthetic_Variant
SYN01010,"Rice, raw, milled (roasted)",Cereals and Millets,,,1448,6.8,0.5,78.2,0.2,10,0.7,,Pan India,Vegetarian,Breakfast,Baked,,0,Synthetic_IFCT_schema,Synthetic_Variant
SYN01011,Pomegranate (raw),Fruits,Scientific_63,87.2,347,1.7,1.2,18.7,4.0,10,0.3,10,West India,Vegetarian,Any,Baked,N/A,0,Synthetic_IFCT_schema,Synthetic_Variant
SYN01012,Pomegranate (raw),Fruits,,86.4,347,1.7,1.2,18.7,4.0,10,0.3,10,West India,Vegetarian,Lunch,Steamed,100,0,Synthetic_IFCT_schema,Synthetic_Variant
SYN01013,Pomegranate (raw),Fruits,,86.5,347,1.7,1.2,18.7,4.0,10,0.3,10,West India,Vegetarian,Beverage,Steamed,,0,Synthetic_IFCT_schema,Synthetic_Variant
SYN01014,"Momos, veg (steamed) (raw)",Composite Dishes,,190.4,753,5.5,5.5,28.0,2.0,,,,East India,Vegetarian,lunch,Steamed,100,1,Synthetic_IFCT_schema,Synthetic_Variant
SYN01015,Pomegranate (boiled),Fruits,,77.4,347,1.7,1.2,18.7,4.0,,0.3,10,West India,Vegetarian,breakfast,,,0,Synthetic_IFCT_schema,Synthetic_Variant
SYN01016,Sattu (roasted gram flour) (fried),Cereals and Millets,,419.4,1700,22.5,7.0,64.0,1.8,,,,East India,Vegetarian,snack,Grilled,100,0,Synthetic_IFCT_schema,Synthetic_Variant
SYN01017,Pomegranate (roasted),Fruits,,82.1,347,1.7,1.2,18.7,4.0,10,0.3,,West India,Vegetarian,Snack,Baked,200,0,Synthetic_IFCT_schema,Synthetic_Variant
SYN01018,Pomegranate (boiled),Fruits,,87.5,,1.7,1.2,18.7,4.0,10,0.3,10,West India,Vegetarian,Dessert,Baked,150,0,Synthetic_IFCT_schema,Synthetic_Variant
SYN01019,Pomegranate (boiled),Fruits,,82.1,,1.7,1.2,18.7,4.0,10,0.3,10,West India,Vegetarian,Dessert,Baked,150,0,Synthetic_IFCT_schema,Synthetic_Variant
SYN01020,Brinjal (Eggplant) (boiled),Vegetables,,27.0,105,1.4,0.3,5.5,3.4,18,0.3,2,Pan India,Vegetarian,lunch,Steamed,100,0,Synthetic_IFCT_schema,Synthetic_Variant
SYN01021,Khandvi (raw),Composite Dishes,,127.6,544,4.5,4.8,18.0,1.2,,,,West India,Vegetarian,breakfast,Roasted,100,1,Synthetic_IFCT_schema,Synthetic_Variant
SYN01022,Dhokla (fried),Composite Dishes,,72.6,318,3.5,1.5,12.0,0.8,,,,West India,Vegetarian,Breakfast,N/A,100,1,Synthetic_IFCT_schema,Synthetic_Variant
SYN01023,"Chana dal, raw (steamed)",Pulses and Legumes,Scientific_12,361.5,1556,20.8,5.6,59.8,,56,4.9,1,North India,Vegetarian,breakfast,Cooked,100,0,Synthetic_IFCT_schema,Synthetic_Variant
SYN01024,Pomegranate (fried),Fruits,,81.4,347,1.7,1.2,18.7,4.0,10,0.3,10,West India,Vegetarian,Main Course,,N/A,0,Synthetic_IFCT_schema,Synthetic_Variant
SYN01025,Pomegranate (roasted),Fruits,Scientific_61,89.1,347,1.7,1.2,18.7,4.0,10,0.3,,West India,Vegetarian,Dessert,,100,0,Synthetic_IFCT_schema,Synthetic_Variant
SYN01026,Bajra (Pearl millet) (roasted),Cereals and Millets,,345.5,1519,11.6,5.0,67.5,1.2,42,8.0,0,West India,Vegetarian,Main Course,Cooked,150,0,Synthetic_IFCT_schema,Synthetic_Variant
SYN01027,"Mango, ripe (Alphonso) (fried)",Fruits,Scientific_31,65.7,293,0.6,0.4,17.0,1.6,10,0.3,36,West India,Vegetarian,Lunch,N/A,N/A,0,Synthetic_IFCT_schema,Synthetic_Variant
SYN01028,Pomegranate (boiled),Fruits,Scientific_71,76.4,347,1.7,1.2,18.7,4.0,10,0.3,10,West India,Vegetarian,Breakfast,Fried,100,0,Synthetic_IFCT_schema,Synthetic_Variant
SYN01029,Watermelon (fried),Fruits,,27.9,125,0.6,0.2,7.6,0.4,7,,8,Pan India,Vegetarian,Breakfast,,200,0,Synthetic_IFCT_schema,Synthetic_Variant
SYN01030,Pomegranate (fried),Fruits,,78.1,347,1.7,1.2,18.7,4.0,10,0.3,10,West India,Vegetarian,Dessert,N/A,100,0,Synthetic_IFCT_schema,Synthetic_Variant
SYN01031,Machher jhol (fried),Composite Dishes,,157.2,649,17.0,9.0,3.0,0.6,,,,East India,Non-Vegetarian,Dessert,Boiled,100,1,Synthetic_IFCT_schema,Synthetic_Variant
SYN01032,Guava (fried),Fruits,,63.4,285,2.6,1.0,14.3,5.4,18,,228,Maharashtra,Vegetarian,Snack,Baked,N/A,0,Synthetic_IFCT_schema,Synthetic_Variant
SYN01033,"Cauliflower, raw (fried)",Vegetables,,25.4,105,1.9,0.4,4.9,2.5,22,0.4,,Western,Non-Veg,Breakfast,Steamed,200,0,Synthetic_IFCT_schema,Synthetic_Variant
SYN01034,Bitter gourd (Karela) (raw),Vegetables,Scientific_27,17.1,,1.0,0.2,3.4,2.8,20,0.6,84,Pan India,Vegetarian,snack,,,0,Synthetic_IFCT_schema,Synthetic_Variant
SYN01035,Pomegranate (fried),Fruits,Scientific_62,84.4,347,1.7,1.2,18.7,4.0,10,0.3,10,West India,non-vegetarian,snack,Fried,,0,Synthetic_IFCT_schema,Synthetic_Variant
SYN01036,Pomegranate (fried),Fruits,Scientific_63,79.1,347,1.7,1.2,18.7,4.0,10,0.3,10,West India,Vegetarian,Any,Baked,N/A,0,Synthetic_IFCT_schema,Synthetic_Variant
SYN01037,Dhokla (fried),Composite Dishes,,72.9,318,3.5,1.5,12.0,0.8,,,,West India,Vegetarian,Breakfast,N/A,100,1,Synthetic_IFCT_schema,Synthetic_Variant
SYN01038,"Cauliflower, raw (roasted)",Vegetables,,25.5,105,1.9,0.4,4.9,2.5,22,0.4,,Western,Non-Veg,Breakfast,Steamed,200,0,Synthetic_IFCT_schema,Synthetic_Variant
SYN01039,Cowpea (Black-eyed pea) (roasted),Pulses and Legumes,,310.6,1351,23.4,1.8,54.5,,227,8.6,1,South India,Vegetarian,Lunch,Roasted,200,0,Synthetic_IFCT_schema,Synthetic_Variant
SYN01040,Oats (roasted),Cereals and Millets,,415.0,1628,16.9,6.9,66.3,,54,4.7,0,North India,Vegetarian,Breakfast,Cooked,100,0,Synthetic_IFCT_schema,Synthetic_Variant
SYN01041,"Toor dal, raw (steamed)",Pulses and Legumes,,336.5,,22.3,1.7,57.6,4.2,73,5.6,0,Pan India,Vegetarian,Dessert,Baked,100,0,Synthetic_IFCT_schema,Synthetic_Variant
SYN01042,"Onion, raw (roasted)",Vegetables,,39.8,167,1.1,0.1,9.3,1.7,23,0.4,7,Pan India,Vegetarian,lunch,Cooked,200,0,Synthetic_IFCT_schema,Synthetic_Variant
SYN01043,Pomegranate (roasted),Fruits,Scientific_71,85.8,347,1.7,1.2,18.7,4.0,10,0.3,10,West India,Vegetarian,Breakfast,Fried,100,0,Synthetic_IFCT_schema,Synthetic_Variant
SYN01044,Fenugreek leaves (Methi) (fried),Vegetables,Scientific_28,49.4,205,4.4,0.9,6.0,1.1,,1.9,52,North India,Vegetarian,Dessert,Boiled,150,0,Synthetic_IFCT_schema,Synthetic_Variant
SYN01045,"Urad dal, raw (raw)",Pulses and Legumes,Scientific_15,,1428,25.1,1.4,59.0,1.8,154,4.5,0,South India,Vegetarian,Main Course,Grilled,N/A,0,Synthetic_IFCT_schema,Synthetic_Variant
SYN01046,"Momos, veg (steamed) (raw)",Composite Dishes,,176.2,753,5.5,5.5,28.0,2.0,,,,East India,Vegetarian,lunch,Steamed,100,1,Synthetic_IFCT_schema,Synthetic_Variant
SYN01047,Pomegranate (roasted),Fruits,,89.0,347,1.7,1.2,18.7,4.0,10,0.3,10,West India,Vegetarian,Main Course,,N/A,0,Synthetic_IFCT_schema,Synthetic_Variant
SYN01048,Pomegranate (roasted),Fruits,,89.6,347,1.7,1.2,18.7,,10,0.3,10,Pan India,Vegetarian,Main Course,Fried,150,0,Synthetic_IFCT_schema,Synthetic_Variant
SYN01049,Ragi (Finger millet) (boiled),Cereals and Millets,Scientific_6,353.7,1373,7.3,1.5,66.8,3.6,344,3.9,0,South India,Vegetarian,Main Course,Boiled,N/A,0,Synthetic_IFCT_schema,Synthetic_Variant
SYN01050,Pomegranate (raw),Fruits,Scientific_79,78.5,347,1.7,1.2,18.7,,,0.3,,West India,Vegetarian,lunch,Fried,200,0,Synthetic_IFCT_schema,Synthetic_Variant
SYN01051,Litti chokha (raw),Composite Dishes,,323.7,1340,9.0,10.0,50.0,3.5,,,,East India,Vegetarian,Beverage,Fried,100,1,Synthetic_IFCT_schema,Synthetic_Variant
SYN01052,Pomegranate (fried),Fruits,Scientific_45,82.4,347,1.7,1.2,18.7,4.0,10,0.3,,West India,Veg,breakfast,Roasted,N/A,0,Synthetic_IFCT_schema,Synthetic_Variant
SYN01053,Pomegranate (raw),Fruits,Scientific_69,83.5,347,1.7,1.2,18.7,4.0,10,0.3,,West India,Vegetarian,Dinner,Fried,150,0,Synthetic_IFCT_schema,Synthetic_Variant
SYN01054,Pomegranate (fried),Fruits,,78.0,347,1.7,1.2,18.7,4.0,10,0.3,10,East,Vegetarian,snack,Grilled,100,0,Synthetic_IFCT_schema,Synthetic_Variant
SYN01055,Fenugreek leaves (Methi) (steamed),Vegetables,Scientific_28,45.9,205,4.4,0.9,6.0,1.1,,1.9,52,North India,Vegetarian,Dessert,Boiled,150,0,Synthetic_IFCT_schema,Synthetic_Variant
SYN01056,Puttu (boiled),Composite Dishes,,179.4,733,3.5,1.2,38.0,1.5,,,,South India,Vegetarian,Main Course,,100,1,Synthetic_IFCT_schema,Synthetic_Variant
SYN01057,Pomegranate (roasted),Fruits,,79.2,347,1.7,1.2,18.7,4.0,10,0.3,10,West India,non-vegetarian,,Roasted,100,0,Synthetic_IFCT_schema,Synthetic_Variant
SYN01058,Pomegranate (raw),Fruits,,85.9,347,1.7,1.2,18.7,4.0,10,0.3,10,West India,Vegetarian,Main Course,Fried,,0,Synthetic_IFCT_schema,Synthetic_Variant
SYN01059,Pomegranate (fried),Fruits,,84.8,,1.7,1.2,18.7,4.0,10,0.3,10,West India,Vegetarian,Dessert,Baked,150,0,Synthetic_IFCT_schema,Synthetic_Variant
SYN01060,Ragi (Finger millet) (steamed),Cereals and Millets,Scientific_6,341.0,1373,7.3,1.5,66.8,3.6,344,3.9,0,South India,Vegetarian,Main Course,Boiled,N/A,0,Synthetic_IFCT_schema,Synthetic_Variant
SYN01061,Pomegranate (fried),Fruits,Scientific_79,82.1,347,1.7,1.2,18.7,,,0.3,,West India,Vegetarian,lunch,Fried,200,0,Synthetic_IFCT_schema,Synthetic_Variant
SYN01062,"Soya chunks, raw (raw)",Pulses and Legumes,,335.4,1444,52.0,0.5,33.0,13.0,,,,Pan India,Vegetarian,snack,Baked,100,0,Synthetic_IFCT_schema,Synthetic_Variant
SYN01063,"Mango, ripe (Alphonso) (boiled)",Fruits,Scientific_31,66.3,293,0.6,0.4,17.0,1.6,10,0.3,36,West India,Vegetarian,Lunch,N/A,N/A,0,Synthetic_IFCT_schema,Synthetic_Variant
SYN01064,Ragi (Finger millet) (raw),Cereals and Millets,Scientific_6,351.5,1373,7.3,1.5,66.8,3.6,344,3.9,0,South India,Vegetarian,Main Course,Boiled,N/A,0,Synthetic_IFCT_schema,Synthetic_Variant
SYN01065,"Wheat flour, whole (roasted)",Cereals and Millets,Scientific_2,340.8,1427,11.8,1.5,69.4,1.9,41,4.9,0,North India,Vegetarian,Beverage,Cooked,150,0,Synthetic_IFCT_schema,Synthetic_Variant
SYN01066,Pomegranate (steamed),Fruits,Scientific_62,83.7,347,1.7,1.2,18.7,4.0,10,0.3,10,West India,non-vegetarian,snack,Fried,,0,Synthetic_IFCT_schema,Synthetic_Variant
SYN01067,Pomegranate (boiled),Fruits,,88.7,347,1.7,1.2,18.7,4.0,10,0.3,10,West India,non-vegetarian,,Roasted,100,0,Synthetic_IFCT_schema,Synthetic_Variant
SYN01068,Pomegranate (raw),Fruits,,81.5,347,1.7,1.2,18.7,4.0,10,0.3,10,East,Vegetarian,snack,Grilled,100,0,Synthetic_IFCT_schema,Synthetic_Variant
SYN01069,"Coconut, fresh (roasted)",Nuts and Oilseeds,Scientific_30,382.2,1482,3.3,33.5,15.2,9.0,14,1.9,3,South India,Vegetarian,Lunch,,200,0,Synthetic_IFCT_schema,Synthetic_Variant
SYN01070,Pomegranate (boiled),Fruits,Scientific_71,89.2,347,1.7,1.2,18.7,4.0,10,0.3,10,West India,Vegetarian,Breakfast,Fried,100,0,Synthetic_IFCT_schema,Synthetic_Variant
SYN01071,Rasam (fried),Composite Dishes,,30.7,125,1.2,0.8,4.5,,,,,South India,Vegetarian,Beverage,,100,1,Synthetic_IFCT_schema,Synthetic_Variant
SYN01072,Pomegranate (boiled),Fruits,Scientific_40,89.3,347,1.7,1.2,18.7,4.0,10,0.3,10,West India,Vegetarian,Any,Cooked,N/A,0,Synthetic_IFCT_schema,Synthetic_Variant
SYN01073,"Soybean, raw (raw)",Pulses and Legumes,,455.6,1808,36.5,19.9,30.2,9.3,240,,,West India,Vegetarian,Any,Boiled,150,0,Synthetic_IFCT_schema,Synthetic_Variant
SYN01074,"Onion, raw (raw)",Vegetables,,37.7,167,1.1,0.1,9.3,1.7,23,0.4,7,Pan India,Vegetarian,lunch,Cooked,200,0,Synthetic_IFCT_schema,Synthetic_Variant
SYN01075,Banana (Cavendish) (roasted),Fruits,Scientific_32,87.3,372,1.1,0.3,23.0,2.6,5,0.3,8,South India,Vegetarian,Dinner,,100,0,Synthetic_IFCT_schema,Synthetic_Variant
SYN01076,"Moong dal, raw (roasted)",Pulses and Legumes,,313.9,,24.0,1.3,59.9,4.1,75,6.7,7,Pan India,Vegetarian,,,,0,Synthetic_IFCT_schema,Synthetic_Variant
SYN01077,Methi thepla (raw),Composite Dishes,,300.4,1193,7.5,12.0,38.0,3.0,,,,West India,Vegetarian,Beverage,Boiled,100,1,Synthetic_IFCT_schema,Synthetic_Variant
SYN01078,Pomegranate (fried),Fruits,,76.9,347,1.7,1.2,18.7,4.0,10,0.3,,West India,Vegetarian,Snack,Baked,200,0,Synthetic_IFCT_schema,Synthetic_Variant
SYN01079,Pomegranate (fried),Fruits,,89.1,347,1.7,1.2,18.7,4.0,10,0.3,,West India,Veg,lunch,,,0,Synthetic_IFCT_schema,Synthetic_Variant
SYN01080,Brinjal (Eggplant) (fried),Vegetables,,23.9,105,1.4,0.3,5.5,3.4,18,0.3,2,Pan India,Vegetarian,lunch,Steamed,100,0,Synthetic_IFCT_schema,Synthetic_Variant
SYN01081,Pomegranate (steamed),Fruits,Scientific_67,84.9,347,1.7,1.2,18.7,4.0,10,0.3,10,West India,Non-Vegetarian,lunch,Roasted,200,0,Synthetic_IFCT_schema,Synthetic_Variant
SYN01082,Pomegranate (raw),Fruits,,87.3,347,1.7,1.2,18.7,4.0,10,0.3,10,West India,Vegetarian,Main Course,Fried,,0,Synthetic_IFCT_schema,Synthetic_Variant
SYN01083,"Tofu, firm (roasted)",Pulses and Legumes,,76.9,318,8.0,4.8,1.9,0.3,,,,West India,Vegetarian,Lunch,N/A,100,0,Synthetic_IFCT_schema,Synthetic_Variant
SYN01084,Pomegranate (fried),Fruits,,86.4,347,1.7,1.2,18.7,4.0,10,0.3,10,West India,Vegetarian,,Raw,N/A,0,Synthetic_IFCT_schema,Synthetic_Variant
SYN01085,Bitter gourd (Karela) (steamed),Vegetables,Scientific_27,16.0,,1.0,0.2,3.4,2.8,20,0.6,84,Pan India,Vegetarian,snack,,,0,Synthetic_IFCT_schema,Synthetic_Variant
SYN01086,"Tofu, firm (roasted)",Pulses and Legumes,,82.0,318,8.0,4.8,1.9,0.3,,,,West India,Vegetarian,Lunch,N/A,100,0,Synthetic_IFCT_schema,Synthetic_Variant
SYN01087,"Soya chunks, raw (boiled)",Pulses and Legumes,,351.8,1444,52.0,0.5,33.0,13.0,,,,Pan India,Vegetarian,snack,Baked,100,0,Synthetic_IFCT_schema,Synthetic_Variant
SYN01088,"Moong dal, raw (roasted)",Pulses and Legumes,,342.0,,24.0,1.3,59.9,4.1,75,6.7,7,Pan India,Vegetarian,,,,0,Synthetic_IFCT_schema,Synthetic_Variant
SYN01089,Pomegranate (roasted),Fruits,,77.4,347,1.7,1.2,18.7,4.0,10,0.3,10,West India,Vegetarian,Lunch,Roasted,200,0,Synthetic_IFCT_schema,Synthetic_Variant
SYN01090,Litti chokha (fried),Composite Dishes,,336.3,1340,9.0,10.0,50.0,3.5,,,,East India,Vegetarian,Beverage,Fried,100,1,Synthetic_IFCT_schema,Synthetic_Variant
SYN01091,Jowar (Sorghum) (fried),Cereals and Millets,Scientific_5,338.9,,10.4,1.9,72.6,1.6,25,,0,Unknown,Vegetarian,Main Course,Fried,,0,Synthetic_IFCT_schema,Synthetic_Variant
SYN01092,Puttu (steamed),Composite Dishes,,173.7,733,3.5,1.2,38.0,1.5,,,,South India,Vegetarian,Main Course,,100,1,Synthetic_IFCT_schema,Synthetic_Variant
SYN01093,Bamboo shoots (fried),Vegetables,,28.7,113,2.6,0.3,5.2,2.2,,,,East India,Vegetarian,Dinner,Boiled,100,0,Synthetic_IFCT_schema,Synthetic_Variant
SYN01094,Pomegranate (boiled),Fruits,Scientific_59,87.8,347,1.7,1.2,18.7,4.0,10,0.3,10,West India,Vegetarian,Dessert,Steamed,150,0,Synthetic_IFCT_schema,Synthetic_Variant
SYN01095,Pomegranate (boiled),Fruits,,80.1,347,1.7,1.2,18.7,4.0,10,0.3,,West India,Vegetarian,Snack,Baked,200,0,Synthetic_IFCT_schema,Synthetic_Variant
SYN01096,Pomegranate (steamed),Fruits,,,347,1.7,1.2,18.7,4.0,10,0.3,,West India,Vegetarian,breakfast,Fried,,0,Synthetic_IFCT_schema,Synthetic_Variant
SYN01097,Pomegranate (boiled),Fruits,Scientific_47,77.6,,1.7,1.2,18.7,4.0,10,0.3,10,West India,Non-Veg,snack,Grilled,200,0,Synthetic_IFCT_schema,Synthetic_Variant
SYN01098,"Soya chunks, raw (raw)",Pulses and Legumes,,334.3,1444,52.0,0.5,33.0,13.0,,,,Pan India,Vegetarian,snack,Baked,100,0,Synthetic_IFCT_schema,Synthetic_Variant
SYN01099,"Onion, raw (steamed)",Vegetables,,41.5,167,1.1,0.1,9.3,1.7,23,0.4,7,Pan India,Vegetarian,lunch,Cooked,200,0,Synthetic_IFCT_schema,Synthetic_Variant
SYN01100,Rasam (fried),Composite Dishes,,31.2,125,1.2,0.8,4.5,,,,,South India,Vegetarian,Beverage,,100,1,Synthetic_IFCT_schema,Synthetic_Variant
SYN01101,Pomegranate (fried),Fruits,,89.2,347,1.7,1.2,18.7,,10,0.3,10,Pan India,Vegetarian,Main Course,Fried,150,0,Synthetic_IFCT_schema,Synthetic_Variant
SYN01102,Ragi (Finger millet) (boiled),Cereals and Millets,Scientific_6,338.9,1373,7.3,1.5,66.8,3.6,344,3.9,0,South India,Vegetarian,Main Course,Boiled,N/A,0,Synthetic_IFCT_schema,Synthetic_Variant
SYN01103,Pomegranate (raw),Fruits,,80.7,347,1.7,1.2,18.7,4.0,10,0.3,10,East,Vegetarian,snack,Grilled,100,0,Synthetic_IFCT_schema,Synthetic_Variant
SYN01104,Machher jhol (boiled),Composite Dishes,,149.2,649,17.0,9.0,3.0,0.6,,,,East India,Non-Vegetarian,Dessert,Boiled,100,1,Synthetic_IFCT_schema,Synthetic_Variant
SYN01105,Pomegranate (roasted),Fruits,,88.4,347,1.7,1.2,18.7,4.0,10,0.3,10,West India,Vegetarian,Snack,Grilled,150,0,Synthetic_IFCT_schema,Synthetic_Variant
SYN01106,Guava (boiled),Fruits,,70.4,285,2.6,1.0,14.3,5.4,18,,228,Maharashtra,Vegetarian,Snack,Baked,N/A,0,Synthetic_IFCT_schema,Synthetic_Variant
SYN01107,"Mango, ripe (Alphonso) (boiled)",Fruits,Scientific_31,65.9,293,0.6,0.4,17.0,1.6,10,0.3,36,West India,Vegetarian,Lunch,N/A,N/A,0,Synthetic_IFCT_schema,Synthetic_Variant
SYN01108,"Jackfruit, raw (raw)",Fruits,,92.7,398,1.7,0.6,23.2,1.5,,,,South India,Vegetarian,Any,Baked,100,0,Synthetic_IFCT_schema,Synthetic_Variant
SYN01109,Pomegranate (boiled),Fruits,Scientific_63,81.5,347,1.7,1.2,18.7,4.0,10,0.3,10,West India,Vegetarian,Any,Baked,N/A,0,Synthetic_IFCT_schema,Synthetic_Variant
SYN01110,Pomegranate (raw),Fruits,,86.3,347,1.7,1.2,18.7,4.0,10,0.3,10,West India,Vegetarian,Dessert,N/A,100,0,Synthetic_IFCT_schema,Synthetic_Variant
SYN01111,Bottle gourd (Lauki) (roasted),Vegetables,,14.2,59,0.6,0.1,3.4,0.5,26,0.5,10,Pan India,Vegetarian,Beverage,Fried,150,0,Synthetic_IFCT_schema,Synthetic_Variant
SYN01112,Pomegranate (steamed),Fruits,,76.5,347,1.7,1.2,18.7,4.0,10,0.3,10,West India,Vegetarian,Snack,Boiled,N/A,0,Synthetic_IFCT_schema,Synthetic_Variant
SYN01113,"Peanut, raw (raw)",Nuts and Oilseeds,Scientific_19,585.9,,25.8,49.2,16.1,8.5,92,4.6,0,West India,Non-Vegetarian,Dinner,Cooked,,0,Synthetic_IFCT_schema,Synthetic_Variant
SYN01114,"Peanut, raw (steamed)",Nuts and Oilseeds,Scientific_19,528.7,,25.8,49.2,16.1,8.5,92,4.6,0,West India,Non-Vegetarian,Dinner,Cooked,,0,Synthetic_IFCT_schema,Synthetic_Variant
SYN01115,Pomegranate (fried),Fruits,,83.8,347,1.7,1.2,18.7,4.0,10,0.3,10,East,Vegetarian,snack,Grilled,100,0,Synthetic_IFCT_schema,Synthetic_Variant
SYN01116,Pomegranate (fried),Fruits,Scientific_70,,347,1.7,1.2,18.7,,10,0.3,10,West India,Veg,Main Course,Baked,200,0,Synthetic_IFCT_schema,Synthetic_Variant
SYN01117,"Masoor dal, raw (raw)",Pulses and Legumes,,323.2,1435,25.1,0.9,59.0,3.5,68,7.6,1,Southern,Vegetarian,lunch,Grilled,100,0,Synthetic_IFCT_schema,Synthetic_Variant
SYN01118,Khandvi (steamed),Composite Dishes,,123.6,544,4.5,4.8,18.0,1.2,,,,West India,Vegetarian,breakfast,Roasted,100,1,Synthetic_IFCT_schema,Synthetic_Variant
SYN01119,"Soybean, raw (roasted)",Pulses and Legumes,,458.6,1808,36.5,19.9,30.2,9.3,240,,,West India,Vegetarian,Any,Boiled,150,0,Synthetic_IFCT_schema,Synthetic_Variant
SYN01120,Kabuli chana (fried),Pulses and Legumes,,375.9,,20.1,5.3,60.9,7.6,202,4.9,3,North India,Vegetarian,Breakfast,Grilled,N/A,0,Synthetic_IFCT_schema,Synthetic_Variant
SYN01121,Pomegranate (steamed),Fruits,,89.6,347,1.7,1.2,18.7,4.0,10,0.3,10,East,Vegetarian,snack,Grilled,100,0,Synthetic_IFCT_schema,Synthetic_Variant
SYN01122,Pomegranate (boiled),Fruits,Scientific_45,88.3,347,1.7,1.2,18.7,4.0,10,0.3,,West India,Veg,breakfast,Roasted,N/A,0,Synthetic_IFCT_schema,Synthetic_Variant
SYN01123,Methi thepla (boiled),Composite Dishes,,265.1,1193,7.5,12.0,38.0,3.0,,,,West India,Vegetarian,Beverage,Boiled,100,1,Synthetic_IFCT_schema,Synthetic_Variant
SYN01124,Pomegranate (raw),Fruits,,85.8,347,1.7,1.2,18.7,4.0,10,0.3,10,West India,Vegetarian,Lunch,Roasted,200,0,Synthetic_IFCT_schema,Synthetic_Variant
SYN01125,Pomegranate (fried),Fruits,,81.6,347,1.7,1.2,18.7,4.0,10,0.3,10,West India,Vegetarian,Dessert,N/A,100,0,Synthetic_IFCT_schema,Synthetic_Variant
SYN01126,"Jackfruit, raw (steamed)",Fruits,,99.3,398,1.7,0.6,23.2,1.5,,,,South India,Vegetarian,Any,Baked,100,0,Synthetic_IFCT_schema,Synthetic_Variant
SYN01127,Pomegranate (steamed),Fruits,,88.1,347,1.7,1.2,18.7,4.0,10,0.3,10,West India,Vegetarian,Breakfast,N/A,,0,Synthetic_IFCT_schema,Synthetic_Variant
SYN01128,"Spinach (Palak), raw (steamed)",Vegetables,Scientific_23,,96,2.0,0.3,3.5,,99,1.8,28,Pan India,Vegetarian,breakfast,Fried,200,0,Synthetic_IFCT_schema,Synthetic_Variant
SYN01129,"Rice, cooked (steamed)",Cereals and Millets,,124.4,544,2.7,0.3,28.2,,3,0.2,0,Pan India,non-vegetarian,Snack,Baked,100,0,Synthetic_IFCT_schema,Synthetic_Variant
SYN01130,Ragi (Finger millet) (raw),Cereals and Millets,Scientific_6,304.9,1373,7.3,1.5,66.8,3.6,344,3.9,0,South India,Vegetarian,Main Course,Boiled,N/A,0,Synthetic_IFCT_schema,Synthetic_Variant
SYN01131,"Rice, raw, milled (boiled)",Cereals and Millets,,,1448,6.8,0.5,78.2,0.2,10,0.7,,Pan India,Vegetarian,Breakfast,Baked,,0,Synthetic_IFCT_schema,Synthetic_Variant
SYN01132,Pomegranate (raw),Fruits,,76.4,347,1.7,1.2,18.7,4.0,10,0.3,10,East,Vegetarian,snack,Grilled,100,0,Synthetic_IFCT_schema,Synthetic_Variant
SYN01133,Pomegranate (fried),Fruits,,78.1,347,1.7,1.2,18.7,4.0,10,0.3,10,Unknown,Vegetarian,Beverage,Steamed,N/A,0,Synthetic_IFCT_schema,Synthetic_Variant
SYN01134,Pomegranate (roasted),Fruits,Scientific_50,89.0,347,1.7,1.2,18.7,4.0,10,0.3,,North India,Veg,Beverage,Steamed,100,0,Synthetic_IFCT_schema,Synthetic_Variant
SYN01135,Fenugreek leaves (Methi) (roasted),Vegetables,Scientific_28,51.8,205,4.4,0.9,6.0,1.1,,1.9,52,North India,Vegetarian,Dessert,Boiled,150,0,Synthetic_IFCT_schema,Synthetic_Variant
SYN01136,Pomegranate (steamed),Fruits,Scientific_79,78.8,347,1.7,1.2,18.7,,,0.3,,West India,Vegetarian,lunch,Fried,200,0,Synthetic_IFCT_schema,Synthetic_Variant
SYN01137,Bitter gourd (Karela) (fried),Vegetables,Scientific_27,15.9,,1.0,0.2,3.4,2.8,20,0.6,84,Pan India,Vegetarian,snack,,,0,Synthetic_IFCT_schema,Synthetic_Variant
SYN01138,Pomegranate (steamed),Fruits,,77.5,347,1.7,1.2,18.7,,10,0.3,10,Pan India,Vegetarian,Main Course,Fried,150,0,Synthetic_IFCT_schema,Synthetic_Variant
SYN01139,Pomegranate (fried),Fruits,Scientific_71,79.1,347,1.7,1.2,18.7,4.0,10,0.3,10,West India,Vegetarian,Breakfast,Fried,100,0,Synthetic_IFCT_schema,Synthetic_Variant
SYN01140,Pomegranate (roasted),Fruits,Scientific_71,82.3,347,1.7,1.2,18.7,4.0,10,0.3,10,West India,Vegetarian,Breakfast,Fried,100,0,Synthetic_IFCT_schema,Synthetic_Variant
SYN01141,Sabudana (Tapioca pearls) (boiled),Cereals and Millets,,347.1,1469,0.2,0.2,88.7,0.9,,,,West India,Vegetarian,Dinner,Steamed,100,0,Synthetic_IFCT_schema,Synthetic_Variant
SYN01142,Pomegranate (fried),Fruits,Scientific_45,78.8,347,1.7,1.2,18.7,4.0,10,0.3,,West India,Veg,breakfast,Roasted,N/A,0,Synthetic_IFCT_schema,Synthetic_Variant
SYN01143,Rajma (Kidney beans) (steamed),Pulses and Legumes,,365.9,1448,22.9,1.5,60.6,6.4,260,7.0,4,North India,Vegetarian,Any,N/A,N/A,0,Synthetic_IFCT_schema,Synthetic_Variant
SYN01144,Dhokla (raw),Composite Dishes,,77.3,318,3.5,1.5,12.0,0.8,,,,West India,Vegetarian,Breakfast,N/A,100,1,Synthetic_IFCT_schema,Synthetic_Variant
SYN01145,Pomegranate (raw),Fruits,,79.3,347,1.7,1.2,18.7,4.0,10,0.3,10,West India,Vegetarian,Lunch,Roasted,200,0,Synthetic_IFCT_schema,Synthetic_Variant
SYN01146,Oats (steamed),Cereals and Millets,,378.3,1628,16.9,6.9,66.3,,54,4.7,0,North India,Vegetarian,Breakfast,Cooked,100,0,Synthetic_IFCT_schema,Synthetic_Variant
SYN01147,Pomegranate (roasted),Fruits,Scientific_47,80.7,,1.7,1.2,18.7,4.0,10,0.3,10,West India,Non-Veg,snack,Grilled,200,0,Synthetic_IFCT_schema,Synthetic_Variant
SYN01148,Pomegranate (roasted),Fruits,Scientific_66,84.3,347,1.7,1.2,18.7,4.0,10,0.3,10,West India,Vegetarian,Dessert,Raw,200,0,Synthetic_IFCT_schema,Synthetic_Variant
SYN01149,Semolina (Rava) (fried),Cereals and Millets,,,1506,10.0,1.0,74.0,,16,4.7,0,Pan India,Veg,breakfast,Steamed,,0,Synthetic_IFCT_schema,Synthetic_Variant
SYN01150,Pomegranate (steamed),Fruits,,83.4,347,1.7,1.2,18.7,4.0,10,0.3,,West India,Veg,lunch,,,0,Synthetic_IFCT_schema,Synthetic_Variant
SYN01151,Pomegranate (steamed),Fruits,Scientific_63,85.6,347,1.7,1.2,18.7,4.0,10,0.3,10,West India,Vegetarian,Any,Baked,N/A,0,Synthetic_IFCT_schema,Synthetic_Variant
SYN01152,Pomegranate (steamed),Fruits,,76.5,347,1.7,1.2,18.7,4.0,,0.3,10,West India,Vegetarian,Main Course,Grilled,,0,Synthetic_IFCT_schema,Synthetic_Variant
SYN01153,Pomegranate (raw),Fruits,,85.2,347,1.7,1.2,18.7,4.0,10,0.3,10,West India,Vegetarian,Main Course,Fried,,0,Synthetic_IFCT_schema,Synthetic_Variant
SYN01154,Appam (fried),Composite Dishes,,114.1,502,2.5,2.8,22.0,0.5,,,,South India,Vegetarian,Beverage,N/A,100,1,Synthetic_IFCT_schema,Synthetic_Variant
SYN01155,Shrikhand (roasted),Milk and Milk Products,,224.1,921,7.0,7.0,33.0,,,,,West India,Vegetarian,Dinner,Cooked,100,0,Synthetic_IFCT_schema,Synthetic_Variant
SYN01156,"Potato, raw (roasted)",Vegetables,Scientific_20,74.7,322,1.9,0.1,17.8,1.8,11,0.7,13,Pan India,Vegetarian,lunch,Cooked,150,0,Synthetic_IFCT_schema,Synthetic_Variant
SYN01157,Avial (boiled),Composite Dishes,,110.7,481,2.8,6.5,12.0,3.0,,,,South India,Vegetarian,lunch,,100,1,Synthetic_IFCT_schema,Synthetic_Variant
SYN01158,Pomegranate (boiled),Fruits,,88.8,347,1.7,1.2,18.7,4.0,10,0.3,10,West India,Vegetarian,Snack,Grilled,150,0,Synthetic_IFCT_schema,Synthetic_Variant
SYN01159,Shrikhand (roasted),Milk and Milk Products,,218.3,921,7.0,7.0,33.0,,,,,West India,Vegetarian,Dinner,Cooked,100,0,Synthetic_IFCT_schema,Synthetic_Variant
SYN01160,"Mango, ripe (Alphonso) (raw)",Fruits,Scientific_31,69.2,293,0.6,0.4,17.0,1.6,10,0.3,36,West India,Vegetarian,Lunch,N/A,N/A,0,Synthetic_IFCT_schema,Synthetic_Variant
SYN01161,Cowpea (Black-eyed pea) (raw),Pulses and Legumes,,338.8,1351,23.4,1.8,54.5,,227,8.6,1,South India,Vegetarian,Lunch,Roasted,200,0,Synthetic_IFCT_schema,Synthetic_Variant
SYN01162,Pomegranate (roasted),Fruits,,80.2,347,1.7,1.2,18.7,4.0,10,0.3,,West India,Vegetarian,Snack,Baked,200,0,Synthetic_IFCT_schema,Synthetic_Variant
SYN01163,Pomegranate (boiled),Fruits,,83.9,,1.7,1.2,18.7,4.0,10,0.3,10,West India,Vegetarian,Dessert,Baked,150,0,Synthetic_IFCT_schema,Synthetic_Variant
SYN01164,"Masoor dal, raw (roasted)",Pulses and Legumes,,328.4,1435,25.1,0.9,59.0,3.5,68,7.6,1,Southern,Vegetarian,lunch,Grilled,100,0,Synthetic_IFCT_schema,Synthetic_Variant
SYN01165,Pomegranate (boiled),Fruits,Scientific_62,84.2,347,1.7,1.2,18.7,4.0,10,0.3,10,West India,non-vegetarian,snack,Fried,,0,Synthetic_IFCT_schema,Synthetic_Variant
SYN01166,Pomegranate (roasted),Fruits,,83.3,347,1.7,1.2,18.7,4.0,10,0.3,,West India,Vegetarian,Snack,Baked,200,0,Synthetic_IFCT_schema,Synthetic_Variant
SYN01167,Maize flour (fried),Cereals and Millets,Scientific_7,337.4,1485,8.7,3.6,70.0,2.7,9,2.3,,Pan India,Vegetarian,Main Course,N/A,N/A,0,Synthetic_IFCT_schema,Synthetic_Variant
SYN01168,Pomegranate (fried),Fruits,,79.5,347,1.7,1.2,18.7,4.0,10,0.3,10,West India,Vegetarian,Breakfast,N/A,,0,Synthetic_IFCT_schema,Synthetic_Variant
SYN01169,Pomegranate (roasted),Fruits,Scientific_67,85.0,347,1.7,1.2,18.7,4.0,10,0.3,10,West India,Non-Vegetarian,lunch,Roasted,200,0,Synthetic_IFCT_schema,Synthetic_Variant
SYN01170,Pomegranate (raw),Fruits,Scientific_71,78.6,347,1.7,1.2,18.7,4.0,10,0.3,10,West India,Vegetarian,Breakfast,Fried,100,0,Synthetic_IFCT_schema,Synthetic_Variant
SYN01171,"Coconut, fresh (boiled)",Nuts and Oilseeds,Scientific_30,338.1,1482,3.3,33.5,15.2,9.0,14,1.9,3,South India,Vegetarian,Lunch,,200,0,Synthetic_IFCT_schema,Synthetic_Variant
SYN01172,Pomegranate (roasted),Fruits,Scientific_65,89.2,347,1.7,1.2,18.7,4.0,10,0.3,10,West India,Vegetarian,Main Course,Baked,N/A,0,Synthetic_IFCT_schema,Synthetic_Variant
SYN01173,Rasam (fried),Composite Dishes,,31.7,125,1.2,0.8,4.5,,,,,South India,Vegetarian,Beverage,,100,1,Synthetic_IFCT_schema,Synthetic_Variant
SYN01174,"Moong dal, raw (boiled)",Pulses and Legumes,,314.9,,24.0,1.3,59.9,4.1,75,6.7,7,Pan India,Vegetarian,,,,0,Synthetic_IFCT_schema,Synthetic_Variant
SYN01175,Guava (fried),Fruits,,66.5,285,2.6,1.0,14.3,5.4,18,,228,Maharashtra,Vegetarian,Snack,Baked,N/A,0,Synthetic_IFCT_schema,Synthetic_Variant
SYN01176,Sattu (roasted gram flour) (fried),Cereals and Millets,,379.6,1700,22.5,7.0,64.0,1.8,,,,East India,Vegetarian,snack,Grilled,100,0,Synthetic_IFCT_schema,Synthetic_Variant
SYN01177,Pomegranate (steamed),Fruits,,84.2,347,1.7,1.2,18.7,4.0,10,0.3,,West India,Veg,lunch,,,0,Synthetic_IFCT_schema,Synthetic_Variant
SYN01178,Jowar (Sorghum) (roasted),Cereals and Millets,Scientific_5,324.5,,10.4,1.9,72.6,1.6,25,,0,Unknown,Vegetarian,Main Course,Fried,,0,Synthetic_IFCT_schema,Synthetic_Variant
SYN01179,Appam (raw),Composite Dishes,,111.1,502,2.5,2.8,22.0,0.5,,,,South India,Vegetarian,Beverage,N/A,100,1,Synthetic_IFCT_schema,Synthetic_Variant
SYN01180,Pomegranate (steamed),Fruits,,80.5,347,1.7,1.2,18.7,4.0,10,0.3,10,Unknown,Vegetarian,Beverage,Steamed,N/A,0,Synthetic_IFCT_schema,Synthetic_Variant
SYN01181,Pomegranate (raw),Fruits,,80.4,347,1.7,1.2,18.7,4.0,10,0.3,10,West India,Vegetarian,Main Course,Fried,,0,Synthetic_IFCT_schema,Synthetic_Variant
SYN01182,Pomegranate (raw),Fruits,,80.3,347,1.7,1.2,18.7,4.0,10,0.3,10,West India,Vegetarian,Dessert,Steamed,150,0,Synthetic_IFCT_schema,Synthetic_Variant
SYN01183,"Urad dal, raw (roasted)",Pulses and Legumes,Scientific_15,,1428,25.1,1.4,59.0,1.8,154,4.5,0,South India,Vegetarian,Main Course,Grilled,N/A,0,Synthetic_IFCT_schema,Synthetic_Variant
SYN01184,Dhokla (boiled),Composite Dishes,,78.6,318,3.5,1.5,12.0,0.8,,,,West India,Vegetarian,Breakfast,N/A,100,1,Synthetic_IFCT_schema,Synthetic_Variant
SYN01185,Pomegranate (boiled),Fruits,,79.1,347,1.7,1.2,18.7,4.0,10,0.3,10,West India,non-vegetarian,,Roasted,100,0,Synthetic_IFCT_schema,Synthetic_Variant
SYN01186,Pomegranate (boiled),Fruits,Scientific_80,,347,1.7,1.2,18.7,4.0,10,0.3,10,West India,Vegetarian,lunch,Cooked,200,0,Synthetic_IFCT_schema,Synthetic_Variant
SYN01187,"Mango, ripe (Alphonso) (raw)",Fruits,Scientific_31,74.6,293,0.6,0.4,17.0,1.6,10,0.3,36,West India,Vegetarian,Lunch,N/A,N/A,0,Synthetic_IFCT_schema,Synthetic_Variant
SYN01188,Bitter gourd (Karela) (steamed),Vegetables,Scientific_27,16.2,,1.0,0.2,3.4,2.8,20,0.6,84,Pan India,Vegetarian,snack,,,0,Synthetic_IFCT_schema,Synthetic_Variant
SYN01189,Pomegranate (steamed),Fruits,,87.8,347,1.7,1.2,18.7,4.0,,0.3,10,West India,Vegetarian,breakfast,,,0,Synthetic_IFCT_schema,Synthetic_Variant
SYN01190,Pomegranate (roasted),Fruits,Scientific_59,84.0,347,1.7,1.2,18.7,4.0,10,0.3,10,West India,Vegetarian,Dessert,Steamed,150,0,Synthetic_IFCT_schema,Synthetic_Variant
SYN01191,Pomegranate (fried),Fruits,Scientific_65,85.6,347,1.7,1.2,18.7,4.0,10,0.3,10,West India,Vegetarian,Main Course,Baked,N/A,0,Synthetic_IFCT_schema,Synthetic_Variant
SYN01192,Pomegranate (boiled),Fruits,,86.1,,1.7,1.2,18.7,4.0,10,0.3,10,West India,Vegetarian,Dessert,Baked,150,0,Synthetic_IFCT_schema,Synthetic_Variant
SYN01193,Semolina (Rava) (steamed),Cereals and Millets,,,1506,10.0,1.0,74.0,,16,4.7,0,Pan India,Veg,breakfast,Steamed,,0,Synthetic_IFCT_schema,Synthetic_Variant
SYN01194,Litti chokha (roasted),Composite Dishes,,317.4,1340,9.0,10.0,50.0,3.5,,,,East India,Vegetarian,Beverage,Fried,100,1,Synthetic_IFCT_schema,Synthetic_Variant
SYN01195,Litti chokha (steamed),Composite Dishes,,336.1,1340,9.0,10.0,50.0,3.5,,,,East India,Vegetarian,Beverage,Fried,100,1,Synthetic_IFCT_schema,Synthetic_Variant
SYN01196,Pomegranate (fried),Fruits,Scientific_53,84.9,347,1.7,1.2,18.7,4.0,10,0.3,10,West India,Vegetarian,Snack,Baked,100,0,Synthetic_IFCT_schema,Synthetic_Variant
SYN01197,Puttu (raw),Composite Dishes,,171.5,733,3.5,1.2,38.0,1.5,,,,South India,Vegetarian,Main Course,,100,1,Synthetic_IFCT_schema,Synthetic_Variant
SYN01198,Sattu (roasted gram flour) (raw),Cereals and Millets,,387.9,1700,22.5,7.0,64.0,1.8,,,,East India,Vegetarian,snack,Grilled,100,0,Synthetic_IFCT_schema,Synthetic_Variant
SYN01199,Pomegranate (boiled),Fruits,Scientific_63,80.2,347,1.7,1.2,18.7,4.0,10,0.3,10,West India,Vegetarian,Any,Baked,N/A,0,Synthetic_IFCT_schema,Synthetic_Variant
SYN01200,Pomegranate (raw),Fruits,,88.2,347,1.7,1.2,18.7,4.0,10,,10,West India,Vegetarian,Snack,N/A,150,0,Synthetic_IFCT_schema,Synthetic_Variant
SYN01201,Pomegranate (boiled),Fruits,Scientific_45,84.2,347,1.7,1.2,18.7,4.0,10,0.3,,West India,Veg,breakfast,Roasted,N/A,0,Synthetic_IFCT_schema,Synthetic_Variant
SYN01202,Khandvi (boiled),Composite Dishes,,124.1,544,4.5,4.8,18.0,1.2,,,,West India,Vegetarian,breakfast,Roasted,100,1,Synthetic_IFCT_schema,Synthetic_Variant
SYN01203,Pomegranate (raw),Fruits,,79.2,347,1.7,1.2,18.7,4.0,,0.3,10,West India,Vegetarian,Main Course,Grilled,,0,Synthetic_IFCT_schema,Synthetic_Variant
SYN01204,Maize flour (fried),Cereals and Millets,Scientific_7,382.1,1485,8.7,3.6,70.0,2.7,9,2.3,,Pan India,Vegetarian,Main Course,N/A,N/A,0,Synthetic_IFCT_schema,Synthetic_Variant
SYN01205,Methi thepla (raw),Composite Dishes,,281.6,1193,7.5,12.0,38.0,3.0,,,,West India,Vegetarian,Beverage,Boiled,100,1,Synthetic_IFCT_schema,Synthetic_Variant
SYN01206,Pomegranate (fried),Fruits,Scientific_67,87.0,347,1.7,1.2,18.7,4.0,10,0.3,10,West India,Non-Vegetarian,lunch,Roasted,200,0,Synthetic_IFCT_schema,Synthetic_Variant
SYN01207,Pomegranate (fried),Fruits,Scientific_65,77.0,347,1.7,1.2,18.7,4.0,10,0.3,10,West India,Vegetarian,Main Course,Baked,N/A,0,Synthetic_IFCT_schema,Synthetic_Variant
SYN01208,Sabudana (Tapioca pearls) (fried),Cereals and Millets,,365.6,1469,0.2,0.2,88.7,0.9,,,,West India,Vegetarian,Dinner,Steamed,100,0,Synthetic_IFCT_schema,Synthetic_Variant
SYN01209,Pomegranate (raw),Fruits,Scientific_69,85.1,347,1.7,1.2,18.7,4.0,10,0.3,,West India,Vegetarian,Dinner,Fried,150,0,Synthetic_IFCT_schema,Synthetic_Variant
SYN01210,Pomegranate (steamed),Fruits,,82.7,347,1.7,1.2,18.7,4.0,10,0.3,10,West India,Vegetarian,Dessert,N/A,100,0,Synthetic_IFCT_schema,Synthetic_Variant
SYN01211,"Wheat flour, whole (raw)",Cereals and Millets,Scientific_2,337.4,1427,11.8,1.5,69.4,1.9,41,4.9,0,North India,Vegetarian,Beverage,Cooked,150,0,Synthetic_IFCT_schema,Synthetic_Variant
SYN01212,Puttu (roasted),Composite Dishes,,170.7,733,3.5,1.2,38.0,1.5,,,,South India,Vegetarian,Main Course,,100,1,Synthetic_IFCT_schema,Synthetic_Variant
SYN01213,Machher jhol (steamed),Composite Dishes,,163.8,649,17.0,9.0,3.0,0.6,,,,East India,Non-Vegetarian,Dessert,Boiled,100,1,Synthetic_IFCT_schema,Synthetic_Variant
SYN01214,"Tofu, firm (steamed)",Pulses and Legumes,,72.4,318,8.0,4.8,1.9,0.3,,,,West India,Vegetarian,Lunch,N/A,100,0,Synthetic_IFCT_schema,Synthetic_Variant
SYN01215,Pomegranate (roasted),Fruits,Scientific_59,88.2,347,1.7,1.2,18.7,4.0,10,0.3,10,West India,Vegetarian,Dessert,Steamed,150,0,Synthetic_IFCT_schema,Synthetic_Variant
SYN01216,Guava (roasted),Fruits,,67.1,285,2.6,1.0,14.3,5.4,18,,228,Maharashtra,Vegetarian,Snack,Baked,N/A,0,Synthetic_IFCT_schema,Synthetic_Variant
SYN01217,Amla (Indian gooseberry) (raw),Fruits,,40.9,184,0.9,0.6,10.2,4.3,50,1.2,600,Western,Vegetarian,breakfast,Roasted,150,0,Synthetic_IFCT_schema,Synthetic_Variant
SYN01218,Pomegranate (raw),Fruits,,88.5,347,1.7,1.2,18.7,4.0,10,0.3,10,West India,Vegetarian,breakfast,,100,0,Synthetic_IFCT_schema,Synthetic_Variant
SYN01219,Appam (steamed),Composite Dishes,,120.4,502,2.5,2.8,22.0,0.5,,,,South India,Vegetarian,Beverage,N/A,100,1,Synthetic_IFCT_schema,Synthetic_Variant
SYN01220,Bottle gourd (Lauki) (roasted),Vegetables,,14.9,59,0.6,0.1,3.4,0.5,26,0.5,10,Pan India,Vegetarian,Beverage,Fried,150,0,Synthetic_IFCT_schema,Synthetic_Variant
SYN01221,Pomegranate (fried),Fruits,Scientific_40,78.4,347,1.7,1.2,18.7,4.0,10,0.3,10,West India,Vegetarian,Any,Cooked,N/A,0,Synthetic_IFCT_schema,Synthetic_Variant
SYN01222,Banana (Cavendish) (fried),Fruits,Scientific_32,87.7,372,1.1,0.3,23.0,2.6,5,0.3,8,South India,Vegetarian,Dinner,,100,0,Synthetic_IFCT_schema,Synthetic_Variant
SYN01223,"Wheat flour, refined (raw)",Cereals and Millets,Scientific_3,342.3,1456,10.3,0.9,73.9,0.3,23,2.7,0,North India,Vegetarian,snack,,,0,Synthetic_IFCT_schema,Synthetic_Variant
SYN01224,"Soybean, raw (boiled)",Pulses and Legumes,,403.3,1808,36.5,19.9,30.2,9.3,240,,,West India,Vegetarian,Any,Boiled,150,0,Synthetic_IFCT_schema,Synthetic_Variant
SYN01225,Pomegranate (roasted),Fruits,Scientific_59,86.0,347,1.7,1.2,18.7,4.0,10,0.3,10,West India,Vegetarian,Dessert,Steamed,150,0,Synthetic_IFCT_schema,Synthetic_Variant
SYN01226,Fenugreek leaves (Methi) (steamed),Vegetables,Scientific_28,49.8,205,4.4,0.9,6.0,1.1,,1.9,52,North India,Vegetarian,Dessert,Boiled,150,0,Synthetic_IFCT_schema,Synthetic_Variant
SYN01227,Guava (boiled),Fruits,,65.6,285,2.6,1.0,14.3,5.4,18,,228,Maharashtra,Vegetarian,Snack,Baked,N/A,0,Synthetic_IFCT_schema,Synthetic_Variant
SYN01228,"Peanut, raw (boiled)",Nuts and Oilseeds,Scientific_19,589.0,,25.8,49.2,16.1,8.5,92,4.6,0,West India,Non-Vegetarian,Dinner,Cooked,,0,Synthetic_IFCT_schema,Synthetic_Variant
SYN01229,Watermelon (steamed),Fruits,,30.9,125,0.6,0.2,7.6,0.4,7,,8,Pan India,Vegetarian,Breakfast,,200,0,Synthetic_IFCT_schema,Synthetic_Variant
SYN01230,Pomegranate (boiled),Fruits,Scientific_70,,347,1.7,1.2,18.7,,10,0.3,10,West India,Veg,Main Course,Baked,200,0,Synthetic_IFCT_schema,Synthetic_Variant
SYN01231,Avial (fried),Composite Dishes,,107.6,481,2.8,6.5,12.0,3.0,,,,South India,Vegetarian,lunch,,100,1,Synthetic_IFCT_schema,Synthetic_Variant
SYN01232,"Tofu, firm (fried)",Pulses and Legumes,,76.2,318,8.0,4.8,1.9,0.3,,,,West India,Vegetarian,Lunch,N/A,100,0,Synthetic_IFCT_schema,Synthetic_Variant
SYN01233,Pomegranate (boiled),Fruits,,88.7,347,1.7,1.2,18.7,4.0,10,0.3,10,West India,Vegetarian,Lunch,Steamed,100,0,Synthetic_IFCT_schema,Synthetic_Variant
SYN01234,Pomegranate (steamed),Fruits,Scientific_45,80.4,347,1.7,1.2,18.7,4.0,10,0.3,,West India,Veg,breakfast,Roasted,N/A,0,Synthetic_IFCT_schema,Synthetic_Variant
SYN01235,Pomegranate (raw),Fruits,,76.8,347,1.7,1.2,18.7,4.0,10,0.3,10,West India,Vegetarian,Dessert,N/A,100,0,Synthetic_IFCT_schema,Synthetic_Variant
SYN01236,Watermelon (roasted),Fruits,,30.6,125,0.6,0.2,7.6,0.4,7,,8,Pan India,Vegetarian,Breakfast,,200,0,Synthetic_IFCT_schema,Synthetic_Variant
SYN01237,"Papaya, ripe (steamed)",Fruits,,40.7,180,0.5,0.1,10.8,1.7,20,0.1,62,South India,Vegetarian,snack,Fried,,0,Synthetic_IFCT_schema,Synthetic_Variant
SYN01238,Watermelon (roasted),Fruits,,29.2,125,0.6,0.2,7.6,0.4,7,,8,Pan India,Vegetarian,Breakfast,,200,0,Synthetic_IFCT_schema,Synthetic_Variant
SYN01239,"Moong dal, raw (boiled)",Pulses and Legumes,,314.2,,24.0,1.3,59.9,4.1,75,6.7,7,Pan India,Vegetarian,,,,0,Synthetic_IFCT_schema,Synthetic_Variant
SYN01240,"Masoor dal, raw (raw)",Pulses and Legumes,,333.3,1435,25.1,0.9,59.0,3.5,68,7.6,1,Southern,Vegetarian,lunch,Grilled,100,0,Synthetic_IFCT_schema,Synthetic_Variant
SYN01241,Pomegranate (fried),Fruits,,80.3,347,1.7,1.2,18.7,4.0,10,,10,West India,Vegetarian,Snack,N/A,150,0,Synthetic_IFCT_schema,Synthetic_Variant
SYN01242,"Jackfruit, raw (steamed)",Fruits,,87.7,398,1.7,0.6,23.2,1.5,,,,South India,Vegetarian,Any,Baked,100,0,Synthetic_IFCT_schema,Synthetic_Variant
SYN01243,Pomegranate (roasted),Fruits,,83.9,347,1.7,1.2,18.7,4.0,10,0.3,10,Unknown,Vegetarian,Beverage,Steamed,N/A,0,Synthetic_IFCT_schema,Synthetic_Variant
SYN01244,Pomegranate (roasted),Fruits,Scientific_53,87.3,347,1.7,1.2,18.7,4.0,10,0.3,10,West India,Vegetarian,Snack,Baked,100,0,Synthetic_IFCT_schema,Synthetic_Variant
SYN01245,"Tofu, firm (boiled)",Pulses and Legumes,,79.7,318,8.0,4.8,1.9,0.3,,,,West India,Vegetarian,Lunch,N/A,100,0,Synthetic_IFCT_schema,Synthetic_Variant
SYN01246,Pomegranate (raw),Fruits,Scientific_65,77.8,347,1.7,1.2,18.7,4.0,10,0.3,10,West India,Vegetarian,Main Course,Baked,N/A,0,Synthetic_IFCT_schema,Synthetic_Variant
SYN01247,Pomegranate (roasted),Fruits,Scientific_73,76.6,347,1.7,1.2,18.7,4.0,10,0.3,10,West India,Vegetarian,snack,Cooked,100,0,Synthetic_IFCT_schema,Synthetic_Variant
SYN01248,Pomegranate (boiled),Fruits,,83.0,347,1.7,1.2,18.7,4.0,10,0.3,10,West India,Vegetarian,Dessert,Steamed,150,0,Synthetic_IFCT_schema,Synthetic_Variant
SYN01249,Bitter gourd (Karela) (steamed),Vegetables,Scientific_27,17.2,,1.0,0.2,3.4,2.8,20,0.6,84,Pan India,Vegetarian,snack,,,0,Synthetic_IFCT_schema,Synthetic_Variant
SYN01250,Pomegranate (raw),Fruits,,87.9,347,1.7,1.2,18.7,4.0,10,0.3,,West India,Veg,lunch,,,0,Synthetic_IFCT_schema,Synthetic_Variant
SYN01251,Pomegranate (fried),Fruits,Scientific_40,89.4,347,1.7,1.2,18.7,4.0,10,0.3,10,West India,Vegetarian,Any,Cooked,N/A,0,Synthetic_IFCT_schema,Synthetic_Variant
SYN01252,"Masoor dal, raw (raw)",Pulses and Legumes,,341.4,1435,25.1,0.9,59.0,3.5,68,7.6,1,Southern,Vegetarian,lunch,Grilled,100,0,Synthetic_IFCT_schema,Synthetic_Variant
SYN01253,Pomegranate (roasted),Fruits,,77.7,347,1.7,1.2,18.7,4.0,10,0.3,10,West India,Vegetarian,Lunch,Steamed,100,0,Synthetic_IFCT_schema,Synthetic_Variant
SYN01254,Pomegranate (roasted),Fruits,,83.2,347,1.7,1.2,18.7,4.0,,0.3,10,West India,Vegetarian,Main Course,Grilled,,0,Synthetic_IFCT_schema,Synthetic_Variant
SYN01255,"Moong dal, raw (boiled)",Pulses and Legumes,,355.3,,24.0,1.3,59.9,4.1,75,6.7,7,Pan India,Vegetarian,,,,0,Synthetic_IFCT_schema,Synthetic_Variant
SYN01256,Pomegranate (fried),Fruits,,88.4,347,1.7,1.2,18.7,4.0,10,0.3,10,West India,non-vegetarian,,Roasted,100,0,Synthetic_IFCT_schema,Synthetic_Variant
SYN01257,Pomegranate (fried),Fruits,,77.5,347,1.7,1.2,18.7,4.0,10,0.3,10,West India,Vegetarian,Breakfast,N/A,,0,Synthetic_IFCT_schema,Synthetic_Variant
SYN01258,Pomegranate (boiled),Fruits,,84.2,347,1.7,1.2,18.7,4.0,10,0.3,,West India,Vegetarian,Snack,Baked,200,0,Synthetic_IFCT_schema,Synthetic_Variant
SYN01259,Pomegranate (boiled),Fruits,,87.9,347,1.7,1.2,18.7,,10,0.3,10,Pan India,Vegetarian,Main Course,Fried,150,0,Synthetic_IFCT_schema,Synthetic_Variant
SYN01260,Okra (Bhindi) (roasted),Vegetables,Scientific_26,32.0,138,2.1,0.2,7.0,2.5,82,0.8,21,Pan India,non-vegetarian,,Fried,150,0,Synthetic_IFCT_schema,Synthetic_Variant
SYN01261,"Potato, raw (steamed)",Vegetables,Scientific_20,80.3,322,1.9,0.1,17.8,1.8,11,0.7,13,Pan India,Vegetarian,lunch,Cooked,150,0,Synthetic_IFCT_schema,Synthetic_Variant
SYN01262,Okra (Bhindi) (steamed),Vegetables,Scientific_26,33.3,138,2.1,0.2,7.0,2.5,82,0.8,21,Pan India,non-vegetarian,,Fried,150,0,Synthetic_IFCT_schema,Synthetic_Variant
SYN01263,Oats (raw),Cereals and Millets,,393.0,1628,16.9,6.9,66.3,,54,4.7,0,North India,Vegetarian,Breakfast,Cooked,100,0,Synthetic_IFCT_schema,Synthetic_Variant
SYN01264,Pomegranate (raw),Fruits,,81.5,347,1.7,1.2,18.7,4.0,10,0.3,10,West India,Vegetarian,,Raw,N/A,0,Synthetic_IFCT_schema,Synthetic_Variant
SYN01265,Pomegranate (roasted),Fruits,Scientific_66,89.6,347,1.7,1.2,18.7,4.0,10,0.3,10,West India,Vegetarian,Dessert,Raw,200,0,Synthetic_IFCT_schema,Synthetic_Variant
SYN01266,"Onion, raw (fried)",Vegetables,,36.8,167,1.1,0.1,9.3,1.7,23,0.4,7,Pan India,Vegetarian,lunch,Cooked,200,0,Synthetic_IFCT_schema,Synthetic_Variant
SYN01267,Pomegranate (fried),Fruits,,85.0,347,1.7,1.2,18.7,4.0,10,0.3,10,West India,Vegetarian,Dessert,N/A,100,0,Synthetic_IFCT_schema,Synthetic_Variant
SYN01268,"Peanut, raw (fried)",Nuts and Oilseeds,Scientific_19,599.5,,25.8,49.2,16.1,8.5,92,4.6,0,West India,Non-Vegetarian,Dinner,Cooked,,0,Synthetic_IFCT_schema,Synthetic_Variant
SYN01269,"Soybean, raw (fried)",Pulses and Legumes,,461.0,1808,36.5,19.9,30.2,9.3,240,,,West India,Vegetarian,Any,Boiled,150,0,Synthetic_IFCT_schema,Synthetic_Variant
SYN01270,"Soybean, raw (boiled)",Pulses and Legumes,,460.0,1808,36.5,19.9,30.2,9.3,240,,,West India,Vegetarian,Any,Boiled,150,0,Synthetic_IFCT_schema,Synthetic_Variant
SYN01271,Pomegranate (roasted),Fruits,,81.5,347,1.7,1.2,18.7,4.0,10,0.3,10,West India,Vegetarian,,Raw,N/A,0,Synthetic_IFCT_schema,Synthetic_Variant
SYN01272,Pomegranate (raw),Fruits,Scientific_78,83.6,347,1.7,1.2,18.7,4.0,10,0.3,10,West India,Vegetarian,,,,0,Synthetic_IFCT_schema,Synthetic_Variant
SYN01273,Pomegranate (roasted),Fruits,,85.4,347,1.7,1.2,18.7,,10,0.3,10,West India,Vegetarian,Dinner,Baked,100,0,Synthetic_IFCT_schema,Synthetic_Variant
SYN01274,Pomegranate (raw),Fruits,,80.1,347,1.7,1.2,18.7,4.0,10,0.3,10,West India,Vegetarian,Lunch,Steamed,100,0,Synthetic_IFCT_schema,Synthetic_Variant
SYN01275,"Masoor dal, raw (fried)",Pulses and Legumes,,336.3,1435,25.1,0.9,59.0,3.5,68,7.6,1,Southern,Vegetarian,lunch,Grilled,100,0,Synthetic_IFCT_schema,Synthetic_Variant
SYN01276,Amla (Indian gooseberry) (roasted),Fruits,,46.0,184,0.9,0.6,10.2,4.3,50,1.2,600,Western,Vegetarian,breakfast,Roasted,150,0,Synthetic_IFCT_schema,Synthetic_Variant
SYN01277,Pomegranate (fried),Fruits,,78.4,347,1.7,1.2,18.7,4.0,10,0.3,10,West India,Vegetarian,Main Course,,N/A,0,Synthetic_IFCT_schema,Synthetic_Variant
SYN01278,Pomegranate (raw),Fruits,,84.7,347,1.7,1.2,18.7,4.0,10,0.3,10,West India,Vegetarian,Dessert,Steamed,150,0,Synthetic_IFCT_schema,Synthetic_Variant
SYN01279,Appam (boiled),Composite Dishes,,117.1,502,2.5,2.8,22.0,0.5,,,,South India,Vegetarian,Beverage,N/A,100,1,Synthetic_IFCT_schema,Synthetic_Variant
SYN01280,Fenugreek leaves (Methi) (fried),Vegetables,Scientific_28,47.3,205,4.4,0.9,6.0,1.1,,1.9,52,North India,Vegetarian,Dessert,Boiled,150,0,Synthetic_IFCT_schema,Synthetic_Variant
SYN01281,Sabudana (Tapioca pearls) (roasted),Cereals and Millets,,373.5,1469,0.2,0.2,88.7,0.9,,,,West India,Vegetarian,Dinner,Steamed,100,0,Synthetic_IFCT_schema,Synthetic_Variant
SYN01282,Pomegranate (steamed),Fruits,Scientific_62,78.4,347,1.7,1.2,18.7,4.0,10,0.3,10,West India,non-vegetarian,snack,Fried,,0,Synthetic_IFCT_schema,Synthetic_Variant
SYN01283,Pomegranate (boiled),Fruits,,85.1,347,1.7,1.2,18.7,4.0,10,0.3,10,East,Vegetarian,snack,Grilled,100,0,Synthetic_IFCT_schema,Synthetic_Variant
SYN01284,Pomegranate (raw),Fruits,Scientific_79,88.4,347,1.7,1.2,18.7,,,0.3,,West India,Vegetarian,lunch,Fried,200,0,Synthetic_IFCT_schema,Synthetic_Variant
SYN01285,Semolina (Rava) (boiled),Cereals and Millets,,,1506,10.0,1.0,74.0,,16,4.7,0,Pan India,Veg,breakfast,Steamed,,0,Synthetic_IFCT_schema,Synthetic_Variant
SYN01286,"Rice, raw, milled (boiled)",Cereals and Millets,,,1448,6.8,0.5,78.2,0.2,10,0.7,,Pan India,Vegetarian,Breakfast,Baked,,0,Synthetic_IFCT_schema,Synthetic_Variant
SYN01287,Puttu (boiled),Composite Dishes,,183.9,733,3.5,1.2,38.0,1.5,,,,South India,Vegetarian,Main Course,,100,1,Synthetic_IFCT_schema,Synthetic_Variant
SYN01288,"Masoor dal, raw (roasted)",Pulses and Legumes,,329.4,1435,25.1,0.9,59.0,3.5,68,7.6,1,Southern,Vegetarian,lunch,Grilled,100,0,Synthetic_IFCT_schema,Synthetic_Variant
SYN01289,Okra (Bhindi) (raw),Vegetables,Scientific_26,32.1,138,2.1,0.2,7.0,2.5,82,0.8,21,Pan India,non-vegetarian,,Fried,150,0,Synthetic_IFCT_schema,Synthetic_Variant
SYN01290,Amla (Indian gooseberry) (steamed),Fruits,,41.9,184,0.9,0.6,10.2,4.3,50,1.2,600,Western,Vegetarian,breakfast,Roasted,150,0,Synthetic_IFCT_schema,Synthetic_Variant
SYN01291,Dhokla (fried),Composite Dishes,,74.9,318,3.5,1.5,12.0,0.8,,,,West India,Vegetarian,Breakfast,N/A,100,1,Synthetic_IFCT_schema,Synthetic_Variant
SYN01292,Pomegranate (boiled),Fruits,Scientific_45,82.0,347,1.7,1.2,18.7,4.0,10,0.3,,West India,Veg,breakfast,Roasted,N/A,0,Synthetic_IFCT_schema,Synthetic_Variant
SYN01293,Pomegranate (roasted),Fruits,,88.6,347,1.7,1.2,18.7,,10,0.3,10,Pan India,Vegetarian,Main Course,Fried,150,0,Synthetic_IFCT_schema,Synthetic_Variant
SYN01294,"Rice, cooked (boiled)",Cereals and Millets,,122.7,544,2.7,0.3,28.2,,3,0.2,0,Pan India,non-vegetarian,Snack,Baked,100,0,Synthetic_IFCT_schema,Synthetic_Variant
SYN01295,"Tofu, firm (roasted)",Pulses and Legumes,,78.6,318,8.0,4.8,1.9,0.3,,,,West India,Vegetarian,Lunch,N/A,100,0,Synthetic_IFCT_schema,Synthetic_Variant
SYN01296,Brinjal (Eggplant) (boiled),Vegetables,,26.5,105,1.4,0.3,5.5,3.4,18,0.3,2,Pan India,Vegetarian,lunch,Steamed,100,0,Synthetic_IFCT_schema,Synthetic_Variant
SYN01297,"Potato, raw (raw)",Vegetables,Scientific_20,82.9,322,1.9,0.1,17.8,1.8,11,0.7,13,Pan India,Vegetarian,lunch,Cooked,150,0,Synthetic_IFCT_schema,Synthetic_Variant
SYN01298,Pomegranate (boiled),Fruits,Scientific_65,80.7,347,1.7,1.2,18.7,4.0,10,0.3,10,West India,Vegetarian,Main Course,Baked,N/A,0,Synthetic_IFCT_schema,Synthetic_Variant
SYN01299,Pomegranate (steamed),Fruits,Scientific_79,85.1,347,1.7,1.2,18.7,,,0.3,,West India,Vegetarian,lunch,Fried,200,0,Synthetic_IFCT_schema,Synthetic_Variant
SYN01300,"Peanut, raw (raw)",Nuts and Oilseeds,Scientific_19,526.4,,25.8,49.2,16.1,8.5,92,4.6,0,West India,Non-Vegetarian,Dinner,Cooked,,0,Synthetic_IFCT_schema,Synthetic_Variant
SYN01301,Watermelon (fried),Fruits,,31.3,125,0.6,0.2,7.6,0.4,7,,8,Pan India,Vegetarian,Breakfast,,200,0,Synthetic_IFCT_schema,Synthetic_Variant
SYN01302,"Wheat flour, refined (roasted)",Cereals and Millets,Scientific_3,337.7,1456,10.3,0.9,73.9,0.3,23,2.7,0,North India,Vegetarian,snack,,,0,Synthetic_IFCT_schema,Synthetic_Variant
SYN01303,Cowpea (Black-eyed pea) (steamed),Pulses and Legumes,,302.7,1351,23.4,1.8,54.5,,227,8.6,1,South India,Vegetarian,Lunch,Roasted,200,0,Synthetic_IFCT_schema,Synthetic_Variant
SYN01304,Banana (Cavendish) (roasted),Fruits,Scientific_32,88.9,372,1.1,0.3,23.0,2.6,5,0.3,8,South India,Vegetarian,Dinner,,100,0,Synthetic_IFCT_schema,Synthetic_Variant
SYN01305,"Cauliflower, raw (boiled)",Vegetables,,23.5,105,1.9,0.4,4.9,2.5,22,0.4,,Western,Non-Veg,Breakfast,Steamed,200,0,Synthetic_IFCT_schema,Synthetic_Variant
SYN01306,"Wheat flour, refined (fried)",Cereals and Millets,Scientific_3,328.9,1456,10.3,0.9,73.9,0.3,23,2.7,0,North India,Vegetarian,snack,,,0,Synthetic_IFCT_schema,Synthetic_Variant
SYN01307,Appam (fried),Composite Dishes,,115.1,502,2.5,2.8,22.0,0.5,,,,South India,Vegetarian,Beverage,N/A,100,1,Synthetic_IFCT_schema,Synthetic_Variant
SYN01308,Pomegranate (raw),Fruits,Scientific_78,88.6,347,1.7,1.2,18.7,4.0,10,0.3,10,West India,Vegetarian,,,,0,Synthetic_IFCT_schema,Synthetic_Variant
SYN01309,"Rice, raw, milled (fried)",Cereals and Millets,,,1448,6.8,0.5,78.2,0.2,10,0.7,,Pan India,Vegetarian,Breakfast,Baked,,0,Synthetic_IFCT_schema,Synthetic_Variant
SYN01310,Pomegranate (steamed),Fruits,,85.0,347,1.7,1.2,18.7,4.0,10,0.3,10,West India,Vegetarian,Snack,Boiled,N/A,0,Synthetic_IFCT_schema,Synthetic_Variant
SYN01311,"Tomato, raw (steamed)",Vegetables,,,75,0.9,0.2,3.9,1.2,13,,27,Pan India,Vegetarian,Dessert,Roasted,100,0,Synthetic_IFCT_schema,Synthetic_Variant
SYN01312,"Chana dal, raw (boiled)",Pulses and Legumes,Scientific_12,360.1,1556,20.8,5.6,59.8,,56,4.9,1,North India,Vegetarian,breakfast,Cooked,100,0,Synthetic_IFCT_schema,Synthetic_Variant
SYN01313,Pomegranate (steamed),Fruits,,83.6,,1.7,1.2,18.7,4.0,10,0.3,10,West India,Vegetarian,Dessert,Baked,150,0,Synthetic_IFCT_schema,Synthetic_Variant
SYN01314,Pomegranate (fried),Fruits,,80.3,347,1.7,1.2,18.7,4.0,10,0.3,10,West India,Vegetarian,Main Course,Fried,,0,Synthetic_IFCT_schema,Synthetic_Variant
SYN01315,Pomegranate (boiled),Fruits,Scientific_68,80.3,347,1.7,1.2,18.7,4.0,10,0.3,10,Northern,Veg,dinner,Steamed,N/A,0,Synthetic_IFCT_schema,Synthetic_Variant
SYN01316,"Chana dal, raw (fried)",Pulses and Legumes,Scientific_12,368.4,1556,20.8,5.6,59.8,,56,4.9,1,North India,Vegetarian,breakfast,Cooked,100,0,Synthetic_IFCT_schema,Synthetic_Variant
SYN01317,Pomegranate (boiled),Fruits,,76.8,347,1.7,1.2,18.7,4.0,10,0.3,10,Unknown,Vegetarian,Beverage,Steamed,N/A,0,Synthetic_IFCT_schema,Synthetic_Variant
SYN01318,Pomegranate (raw),Fruits,Scientific_50,89.2,347,1.7,1.2,18.7,4.0,10,0.3,,North India,Veg,Beverage,Steamed,100,0,Synthetic_IFCT_schema,Synthetic_Variant
SYN01319,"Rice, raw, milled (steamed)",Cereals and Millets,,,1448,6.8,0.5,78.2,0.2,10,0.7,,Pan India,Vegetarian,Breakfast,Baked,,0,Synthetic_IFCT_schema,Synthetic_Variant
SYN01320,Khandvi (raw),Composite Dishes,,129.4,544,4.5,4.8,18.0,1.2,,,,West India,Vegetarian,breakfast,Roasted,100,1,Synthetic_IFCT_schema,Synthetic_Variant
SYN01321,"Spinach (Palak), raw (fried)",Vegetables,Scientific_23,,96,2.0,0.3,3.5,,99,1.8,28,Pan India,Vegetarian,breakfast,Fried,200,0,Synthetic_IFCT_schema,Synthetic_Variant
SYN01322,Pomegranate (roasted),Fruits,Scientific_61,87.8,347,1.7,1.2,18.7,4.0,10,0.3,,West India,Vegetarian,Dessert,,100,0,Synthetic_IFCT_schema,Synthetic_Variant
SYN01323,Brinjal (Eggplant) (roasted),Vegetables,,26.0,105,1.4,0.3,5.5,3.4,18,0.3,2,Pan India,Vegetarian,lunch,Steamed,100,0,Synthetic_IFCT_schema,Synthetic_Variant
SYN01324,Pomegranate (fried),Fruits,Scientific_68,78.2,347,1.7,1.2,18.7,4.0,10,0.3,10,Northern,Veg,dinner,Steamed,N/A,0,Synthetic_IFCT_schema,Synthetic_Variant
SYN01325,Methi thepla (fried),Composite Dishes,,294.9,1193,7.5,12.0,38.0,3.0,,,,West India,Vegetarian,Beverage,Boiled,100,1,Synthetic_IFCT_schema,Synthetic_Variant
SYN01326,Pomegranate (fried),Fruits,Scientific_62,77.0,347,1.7,1.2,18.7,4.0,10,0.3,10,West India,non-vegetarian,snack,Fried,,0,Synthetic_IFCT_schema,Synthetic_Variant
SYN01327,Kabuli chana (steamed),Pulses and Legumes,,335.0,,20.1,5.3,60.9,7.6,202,4.9,3,North India,Vegetarian,Breakfast,Grilled,N/A,0,Synthetic_IFCT_schema,Synthetic_Variant
SYN01328,Jowar (Sorghum) (fried),Cereals and Millets,Scientific_5,345.2,,10.4,1.9,72.6,1.6,25,,0,Unknown,Vegetarian,Main Course,Fried,,0,Synthetic_IFCT_schema,Synthetic_Variant
SYN01329,"Momos, veg (steamed) (raw)",Composite Dishes,,178.5,753,5.5,5.5,28.0,2.0,,,,East India,Vegetarian,lunch,Steamed,100,1,Synthetic_IFCT_schema,Synthetic_Variant
SYN01330,Pomegranate (roasted),Fruits,,86.3,347,1.7,1.2,18.7,4.0,10,0.3,10,West India,Vegetarian,Lunch,Roasted,200,0,Synthetic_IFCT_schema,Synthetic_Variant
SYN01331,Rasam (raw),Composite Dishes,,29.4,125,1.2,0.8,4.5,,,,,South India,Vegetarian,Beverage,,100,1,Synthetic_IFCT_schema,Synthetic_Variant
SYN01332,Okra (Bhindi) (steamed),Vegetables,Scientific_26,31.0,138,2.1,0.2,7.0,2.5,82,0.8,21,Pan India,non-vegetarian,,Fried,150,0,Synthetic_IFCT_schema,Synthetic_Variant
SYN01333,Pomegranate (boiled),Fruits,Scientific_66,86.8,347,1.7,1.2,18.7,4.0,10,0.3,10,West India,Vegetarian,Dessert,Raw,200,0,Synthetic_IFCT_schema,Synthetic_Variant
SYN01334,Pomegranate (fried),Fruits,Scientific_53,80.7,347,1.7,1.2,18.7,4.0,10,0.3,10,West India,Vegetarian,Snack,Baked,100,0,Synthetic_IFCT_schema,Synthetic_Variant
SYN01335,"Rice, raw, milled (fried)",Cereals and Millets,,,1448,6.8,0.5,78.2,0.2,10,0.7,,Pan India,Vegetarian,Breakfast,Baked,,0,Synthetic_IFCT_schema,Synthetic_Variant
SYN01336,Brinjal (Eggplant) (raw),Vegetables,,23.8,105,1.4,0.3,5.5,3.4,18,0.3,2,Pan India,Vegetarian,lunch,Steamed,100,0,Synthetic_IFCT_schema,Synthetic_Variant
SYN01337,Pomegranate (steamed),Fruits,,89.3,347,1.7,1.2,18.7,4.0,10,0.3,10,West India,Vegetarian,Dessert,N/A,100,0,Synthetic_IFCT_schema,Synthetic_Variant
SYN01338,Bottle gourd (Lauki) (boiled),Vegetables,,14.4,59,0.6,0.1,3.4,0.5,26,0.5,10,Pan India,Vegetarian,Beverage,Fried,150,0,Synthetic_IFCT_schema,Synthetic_Variant
SYN01339,"Mango, ripe (Alphonso) (roasted)",Fruits,Scientific_31,67.5,293,0.6,0.4,17.0,1.6,10,0.3,36,West India,Vegetarian,Lunch,N/A,N/A,0,Synthetic_IFCT_schema,Synthetic_Variant
SYN01340,"Spinach (Palak), raw (boiled)",Vegetables,Scientific_23,,96,2.0,0.3,3.5,,99,1.8,28,Pan India,Vegetarian,breakfast,Fried,200,0,Synthetic_IFCT_schema,Synthetic_Variant
SYN01341,"Rice, cooked (steamed)",Cereals and Millets,,134.8,544,2.7,0.3,28.2,,3,0.2,0,Pan India,non-vegetarian,Snack,Baked,100,0,Synthetic_IFCT_schema,Synthetic_Variant
SYN01342,"Peanut, raw (roasted)",Nuts and Oilseeds,Scientific_19,589.7,,25.8,49.2,16.1,8.5,92,4.6,0,West India,Non-Vegetarian,Dinner,Cooked,,0,Synthetic_IFCT_schema,Synthetic_Variant
SYN01343,Pomegranate (raw),Fruits,Scientific_62,86.7,347,1.7,1.2,18.7,4.0,10,0.3,10,West India,non-vegetarian,snack,Fried,,0,Synthetic_IFCT_schema,Synthetic_Variant
SYN01344,Dhokla (boiled),Composite Dishes,,81.7,318,3.5,1.5,12.0,0.8,,,,West India,Vegetarian,Breakfast,N/A,100,1,Synthetic_IFCT_schema,Synthetic_Variant
SYN01345,Pomegranate (steamed),Fruits,,77.2,347,1.7,1.2,18.7,4.0,10,0.3,10,East,Vegetarian,snack,Grilled,100,0,Synthetic_IFCT_schema,Synthetic_Variant
SYN01346,"Coconut, fresh (fried)",Nuts and Oilseeds,Scientific_30,336.9,1482,3.3,33.5,15.2,9.0,14,1.9,3,South India,Vegetarian,Lunch,,200,0,Synthetic_IFCT_schema,Synthetic_Variant
SYN01347,"Soybean, raw (raw)",Pulses and Legumes,,425.1,1808,36.5,19.9,30.2,9.3,240,,,West India,Vegetarian,Any,Boiled,150,0,Synthetic_IFCT_schema,Synthetic_Variant
SYN01348,Pomegranate (boiled),Fruits,Scientific_45,76.9,347,1.7,1.2,18.7,4.0,10,0.3,,West India,Veg,breakfast,Roasted,N/A,0,Synthetic_IFCT_schema,Synthetic_Variant
SYN01349,Pomegranate (raw),Fruits,Scientific_70,,347,1.7,1.2,18.7,,10,0.3,10,West India,Veg,Main Course,Baked,200,0,Synthetic_IFCT_schema,Synthetic_Variant
SYN01350,Pomegranate (steamed),Fruits,Scientific_73,80.2,347,1.7,1.2,18.7,4.0,10,0.3,10,West India,Vegetarian,snack,Cooked,100,0,Synthetic_IFCT_schema,Synthetic_Variant
SYN01351,Pomegranate (steamed),Fruits,Scientific_47,89.3,,1.7,1.2,18.7,4.0,10,0.3,10,West India,Non-Veg,snack,Grilled,200,0,Synthetic_IFCT_schema,Synthetic_Variant
SYN01352,Pomegranate (boiled),Fruits,Scientific_47,88.7,,1.7,1.2,18.7,4.0,10,0.3,10,West India,Non-Veg,snack,Grilled,200,0,Synthetic_IFCT_schema,Synthetic_Variant
SYN01353,Kabuli chana (raw),Pulses and Legumes,,348.6,,20.1,5.3,60.9,7.6,202,4.9,3,North India,Vegetarian,Breakfast,Grilled,N/A,0,Synthetic_IFCT_schema,Synthetic_Variant
SYN01354,Guava (boiled),Fruits,,69.8,285,2.6,1.0,14.3,5.4,18,,228,Maharashtra,Vegetarian,Snack,Baked,N/A,0,Synthetic_IFCT_schema,Synthetic_Variant
SYN01355,"Soya chunks, raw (roasted)",Pulses and Legumes,,343.9,1444,52.0,0.5,33.0,13.0,,,,Pan India,Vegetarian,snack,Baked,100,0,Synthetic_IFCT_schema,Synthetic_Variant
SYN01356,Ragi (Finger millet) (raw),Cereals and Millets,Scientific_6,318.4,1373,7.3,1.5,66.8,3.6,344,3.9,0,South India,Vegetarian,Main Course,Boiled,N/A,0,Synthetic_IFCT_schema,Synthetic_Variant
SYN01357,Shrikhand (raw),Milk and Milk Products,,228.4,921,7.0,7.0,33.0,,,,,West India,Vegetarian,Dinner,Cooked,100,0,Synthetic_IFCT_schema,Synthetic_Variant
SYN01358,Pomegranate (roasted),Fruits,,,347,1.7,1.2,18.7,4.0,10,0.3,,West India,Vegetarian,breakfast,Fried,,0,Synthetic_IFCT_schema,Synthetic_Variant
SYN01359,Pomegranate (fried),Fruits,Scientific_65,78.6,347,1.7,1.2,18.7,4.0,10,0.3,10,West India,Vegetarian,Main Course,Baked,N/A,0,Synthetic_IFCT_schema,Synthetic_Variant
SYN01360,Jowar (Sorghum) (raw),Cereals and Millets,Scientific_5,335.4,,10.4,1.9,72.6,1.6,25,,0,Unknown,Vegetarian,Main Course,Fried,,0,Synthetic_IFCT_schema,Synthetic_Variant
SYN01361,Pomegranate (fried),Fruits,Scientific_40,86.2,347,1.7,1.2,18.7,4.0,10,0.3,10,West India,Vegetarian,Any,Cooked,N/A,0,Synthetic_IFCT_schema,Synthetic_Variant
SYN01362,Pomegranate (fried),Fruits,Scientific_78,81.9,347,1.7,1.2,18.7,4.0,10,0.3,10,West India,Vegetarian,,,,0,Synthetic_IFCT_schema,Synthetic_Variant
SYN01363,Pomegranate (steamed),Fruits,,84.4,347,1.7,1.2,18.7,4.0,10,0.3,10,West India,Vegetarian,Snack,Boiled,N/A,0,Synthetic_IFCT_schema,Synthetic_Variant
SYN01364,"Masoor dal, raw (boiled)",Pulses and Legumes,,329.7,1435,25.1,0.9,59.0,3.5,68,7.6,1,Southern,Vegetarian,lunch,Grilled,100,0,Synthetic_IFCT_schema,Synthetic_Variant
SYN01365,Methi thepla (steamed),Composite Dishes,,288.2,1193,7.5,12.0,38.0,3.0,,,,West India,Vegetarian,Beverage,Boiled,100,1,Synthetic_IFCT_schema,Synthetic_Variant
SYN01366,"Spinach (Palak), raw (raw)",Vegetables,Scientific_23,,96,2.0,0.3,3.5,,99,1.8,28,Pan India,Vegetarian,breakfast,Fried,200,0,Synthetic_IFCT_schema,Synthetic_Variant
SYN01367,Pomegranate (boiled),Fruits,,78.3,347,1.7,1.2,18.7,4.0,10,0.3,10,West India,non-vegetarian,,Roasted,100,0,Synthetic_IFCT_schema,Synthetic_Variant
SYN01368,Pomegranate (fried),Fruits,Scientific_65,78.2,347,1.7,1.2,18.7,4.0,10,0.3,10,West India,Vegetarian,Main Course,Baked,N/A,0,Synthetic_IFCT_schema,Synthetic_Variant
SYN01369,Bajra (Pearl millet) (raw),Cereals and Millets,,363.4,1519,11.6,5.0,67.5,1.2,42,8.0,0,West India,Vegetarian,Main Course,Cooked,150,0,Synthetic_IFCT_schema,Synthetic_Variant
SYN01370,Bamboo shoots (raw),Vegetables,,28.5,113,2.6,0.3,5.2,2.2,,,,East India,Vegetarian,Dinner,Boiled,100,0,Synthetic_IFCT_schema,Synthetic_Variant
SYN01371,Pomegranate (boiled),Fruits,Scientific_66,81.5,347,1.7,1.2,18.7,4.0,10,0.3,10,West India,Vegetarian,Dessert,Raw,200,0,Synthetic_IFCT_schema,Synthetic_Variant
SYN01372,Khandvi (steamed),Composite Dishes,,128.2,544,4.5,4.8,18.0,1.2,,,,West India,Vegetarian,breakfast,Roasted,100,1,Synthetic_IFCT_schema,Synthetic_Variant
SYN01373,Rajma (Kidney beans) (roasted),Pulses and Legumes,,342.0,1448,22.9,1.5,60.6,6.4,260,7.0,4,North India,Vegetarian,Any,N/A,N/A,0,Synthetic_IFCT_schema,Synthetic_Variant
SYN01374,Pomegranate (boiled),Fruits,,87.8,347,1.7,1.2,18.7,4.0,10,0.3,,West India,Veg,lunch,,,0,Synthetic_IFCT_schema,Synthetic_Variant
SYN01375,Pomegranate (boiled),Fruits,,80.2,347,1.7,1.2,18.7,4.0,10,0.3,10,East,Vegetarian,snack,Grilled,100,0,Synthetic_IFCT_schema,Synthetic_Variant
SYN01376,Pomegranate (roasted),Fruits,,76.7,347,1.7,1.2,18.7,4.0,10,0.3,10,West India,Vegetarian,breakfast,,100,0,Synthetic_IFCT_schema,Synthetic_Variant
SYN01377,Pomegranate (boiled),Fruits,Scientific_69,79.3,347,1.7,1.2,18.7,4.0,10,0.3,,West India,Vegetarian,Dinner,Fried,150,0,Synthetic_IFCT_schema,Synthetic_Variant
SYN01378,"Momos, veg (steamed) (boiled)",Composite Dishes,,170.3,753,5.5,5.5,28.0,2.0,,,,East India,Vegetarian,lunch,Steamed,100,1,Synthetic_IFCT_schema,Synthetic_Variant
SYN01379,Bamboo shoots (raw),Vegetables,,27.1,113,2.6,0.3,5.2,2.2,,,,East India,Vegetarian,Dinner,Boiled,100,0,Synthetic_IFCT_schema,Synthetic_Variant
SYN01380,Cowpea (Black-eyed pea) (boiled),Pulses and Legumes,,347.6,1351,23.4,1.8,54.5,,227,8.6,1,South India,Vegetarian,Lunch,Roasted,200,0,Synthetic_IFCT_schema,Synthetic_Variant
SYN01381,Pomegranate (roasted),Fruits,Scientific_63,77.2,347,1.7,1.2,18.7,4.0,10,0.3,10,West India,Vegetarian,Any,Baked,N/A,0,Synthetic_IFCT_schema,Synthetic_Variant
SYN01382,Pomegranate (fried),Fruits,,86.7,347,1.7,1.2,18.7,4.0,10,0.3,,West India,Vegetarian,Snack,Baked,200,0,Synthetic_IFCT_schema,Synthetic_Variant
SYN01383,Pomegranate (roasted),Fruits,,,347,1.7,1.2,18.7,4.0,10,0.3,10,North,Vegetarian,Snack,Roasted,,0,Synthetic_IFCT_schema,Synthetic_Variant
SYN01384,Pomegranate (steamed),Fruits,,83.0,347,1.7,1.2,18.7,4.0,10,0.3,10,West India,Vegetarian,breakfast,,100,0,Synthetic_IFCT_schema,Synthetic_Variant
SYN01385,Pomegranate (boiled),Fruits,Scientific_71,83.4,347,1.7,1.2,18.7,4.0,10,0.3,10,West India,Vegetarian,Breakfast,Fried,100,0,Synthetic_IFCT_schema,Synthetic_Variant
SYN01386,"Wheat flour, whole (boiled)",Cereals and Millets,Scientific_2,361.9,1427,11.8,1.5,69.4,1.9,41,4.9,0,North India,Vegetarian,Beverage,Cooked,150,0,Synthetic_IFCT_schema,Synthetic_Variant
SYN01387,Okra (Bhindi) (roasted),Vegetables,Scientific_26,33.5,138,2.1,0.2,7.0,2.5,82,0.8,21,Pan India,non-vegetarian,,Fried,150,0,Synthetic_IFCT_schema,Synthetic_Variant
SYN01388,Methi thepla (steamed),Composite Dishes,,284.1,1193,7.5,12.0,38.0,3.0,,,,West India,Vegetarian,Beverage,Boiled,100,1,Synthetic_IFCT_schema,Synthetic_Variant
SYN01389,Cowpea (Black-eyed pea) (fried),Pulses and Legumes,,344.0,1351,23.4,1.8,54.5,,227,8.6,1,South India,Vegetarian,Lunch,Roasted,200,0,Synthetic_IFCT_schema,Synthetic_Variant
SYN01390,"Masoor dal, raw (raw)",Pulses and Legumes,,357.3,1435,25.1,0.9,59.0,3.5,68,7.6,1,Southern,Vegetarian,lunch,Grilled,100,0,Synthetic_IFCT_schema,Synthetic_Variant
SYN01391,Semolina (Rava) (steamed),Cereals and Millets,,,1506,10.0,1.0,74.0,,16,4.7,0,Pan India,Veg,breakfast,Steamed,,0,Synthetic_IFCT_schema,Synthetic_Variant
SYN01392,Pomegranate (steamed),Fruits,,85.5,347,1.7,1.2,18.7,4.0,10,0.3,10,Unknown,Vegetarian,Beverage,Steamed,N/A,0,Synthetic_IFCT_schema,Synthetic_Variant
SYN01393,Litti chokha (steamed),Composite Dishes,,313.3,1340,9.0,10.0,50.0,3.5,,,,East India,Vegetarian,Beverage,Fried,100,1,Synthetic_IFCT_schema,Synthetic_Variant
SYN01394,Pomegranate (raw),Fruits,,81.7,347,1.7,1.2,18.7,4.0,10,0.3,10,West India,Vegetarian,Dessert,N/A,100,0,Synthetic_IFCT_schema,Synthetic_Variant
SYN01395,Pomegranate (steamed),Fruits,,80.7,347,1.7,1.2,18.7,4.0,10,0.3,10,West India,Vegetarian,Main Course,,N/A,0,Synthetic_IFCT_schema,Synthetic_Variant
SYN01396,Pomegranate (raw),Fruits,Scientific_79,78.4,347,1.7,1.2,18.7,,,0.3,,West India,Vegetarian,lunch,Fried,200,0,Synthetic_IFCT_schema,Synthetic_Variant
SYN01397,"Masoor dal, raw (raw)",Pulses and Legumes,,329.3,1435,25.1,0.9,59.0,3.5,68,7.6,1,Southern,Vegetarian,lunch,Grilled,100,0,Synthetic_IFCT_schema,Synthetic_Variant
SYN01398,Khandvi (steamed),Composite Dishes,,128.5,544,4.5,4.8,18.0,1.2,,,,West India,Vegetarian,breakfast,Roasted,100,1,Synthetic_IFCT_schema,Synthetic_Variant
SYN01399,Pomegranate (raw),Fruits,Scientific_73,84.4,347,1.7,1.2,18.7,4.0,10,0.3,10,West India,Vegetarian,snack,Cooked,100,0,Synthetic_IFCT_schema,Synthetic_Variant
SYN01400,Pomegranate (roasted),Fruits,,87.1,347,1.7,1.2,18.7,4.0,,0.3,10,West India,Vegetarian,breakfast,,,0,Synthetic_IFCT_schema,Synthetic_Variant
SYN01401,Pomegranate (raw),Fruits,,78.1,347,1.7,1.2,18.7,4.0,10,0.3,10,West India,Vegetarian,Breakfast,N/A,,0,Synthetic_IFCT_schema,Synthetic_Variant
SYN01402,Cowpea (Black-eyed pea) (raw),Pulses and Legumes,,346.5,1351,23.4,1.8,54.5,,227,8.6,1,South India,Vegetarian,Lunch,Roasted,200,0,Synthetic_IFCT_schema,Synthetic_Variant
SYN01403,"Peanut, raw (fried)",Nuts and Oilseeds,Scientific_19,551.9,,25.8,49.2,16.1,8.5,92,4.6,0,West India,Non-Vegetarian,Dinner,Cooked,,0,Synthetic_IFCT_schema,Synthetic_Variant
SYN01404,Oats (roasted),Cereals and Millets,,392.9,1628,16.9,6.9,66.3,,54,4.7,0,North India,Vegetarian,Breakfast,Cooked,100,0,Synthetic_IFCT_schema,Synthetic_Variant
SYN01405,Pomegranate (fried),Fruits,,86.9,347,1.7,1.2,18.7,4.0,10,0.3,,West India,Vegetarian,Snack,Baked,200,0,Synthetic_IFCT_schema,Synthetic_Variant
SYN01406,Pomegranate (raw),Fruits,Scientific_80,,347,1.7,1.2,18.7,4.0,10,0.3,10,West India,Vegetarian,lunch,Cooked,200,0,Synthetic_IFCT_schema,Synthetic_Variant
SYN01407,Pomegranate (steamed),Fruits,,79.3,347,1.7,1.2,18.7,4.0,10,0.3,10,West India,Vegetarian,Main Course,Fried,,0,Synthetic_IFCT_schema,Synthetic_Variant
SYN01408,"Rice, cooked (raw)",Cereals and Millets,,127.0,544,2.7,0.3,28.2,,3,0.2,0,Pan India,non-vegetarian,Snack,Baked,100,0,Synthetic_IFCT_schema,Synthetic_Variant
SYN01409,"Papaya, ripe (raw)",Fruits,,44.5,180,0.5,0.1,10.8,1.7,20,0.1,62,South India,Vegetarian,snack,Fried,,0,Synthetic_IFCT_schema,Synthetic_Variant
SYN01410,Pomegranate (boiled),Fruits,,82.0,347,1.7,1.2,18.7,4.0,10,0.3,10,West India,Vegetarian,Lunch,Roasted,200,0,Synthetic_IFCT_schema,Synthetic_Variant
SYN01411,Pomegranate (roasted),Fruits,Scientific_62,78.3,347,1.7,1.2,18.7,4.0,10,0.3,10,West India,non-vegetarian,snack,Fried,,0,Synthetic_IFCT_schema,Synthetic_Variant
SYN01412,Cowpea (Black-eyed pea) (fried),Pulses and Legumes,,335.2,1351,23.4,1.8,54.5,,227,8.6,1,South India,Vegetarian,Lunch,Roasted,200,0,Synthetic_IFCT_schema,Synthetic_Variant
SYN01413,"Urad dal, raw (boiled)",Pulses and Legumes,Scientific_15,,1428,25.1,1.4,59.0,1.8,154,4.5,0,South India,Vegetarian,Main Course,Grilled,N/A,0,Synthetic_IFCT_schema,Synthetic_Variant
SYN01414,Pomegranate (fried),Fruits,,82.6,347,1.7,1.2,18.7,4.0,10,0.3,10,West India,Vegetarian,breakfast,,100,0,Synthetic_IFCT_schema,Synthetic_Variant
SYN01415,Pomegranate (raw),Fruits,Scientific_66,87.9,347,1.7,1.2,18.7,4.0,10,0.3,10,West India,Vegetarian,Dessert,Raw,200,0,Synthetic_IFCT_schema,Synthetic_Variant
SYN01416,Pomegranate (fried),Fruits,Scientific_67,88.8,347,1.7,1.2,18.7,4.0,10,0.3,10,West India,Non-Vegetarian,lunch,Roasted,200,0,Synthetic_IFCT_schema,Synthetic_Variant
SYN01417,"Peanut, raw (boiled)",Nuts and Oilseeds,Scientific_19,538.8,,25.8,49.2,16.1,8.5,92,4.6,0,West India,Non-Vegetarian,Dinner,Cooked,,0,Synthetic_IFCT_schema,Synthetic_Variant
SYN01418,Pomegranate (steamed),Fruits,,,347,1.7,1.2,18.7,4.0,10,0.3,10,North,Vegetarian,Snack,Roasted,,0,Synthetic_IFCT_schema,Synthetic_Variant
SYN01419,Pomegranate (steamed),Fruits,,82.8,347,1.7,1.2,18.7,,10,0.3,10,West India,Vegetarian,Dinner,Baked,100,0,Synthetic_IFCT_schema,Synthetic_Variant
SYN01420,Bajra (Pearl millet) (raw),Cereals and Millets,,338.6,1519,11.6,5.0,67.5,1.2,42,8.0,0,West India,Vegetarian,Main Course,Cooked,150,0,Synthetic_IFCT_schema,Synthetic_Variant
SYN01421,"Wheat flour, refined (roasted)",Cereals and Millets,Scientific_3,338.0,1456,10.3,0.9,73.9,0.3,23,2.7,0,North India,Vegetarian,snack,,,0,Synthetic_IFCT_schema,Synthetic_Variant
SYN01422,Pomegranate (fried),Fruits,,80.3,347,1.7,1.2,18.7,4.0,,0.3,10,West India,Vegetarian,breakfast,,,0,Synthetic_IFCT_schema,Synthetic_Variant
SYN01423,Pomegranate (steamed),Fruits,,87.8,347,1.7,1.2,18.7,4.0,10,0.3,10,West India,Vegetarian,Lunch,Steamed,100,0,Synthetic_IFCT_schema,Synthetic_Variant
SYN01424,Pomegranate (steamed),Fruits,,78.0,347,1.7,1.2,18.7,4.0,10,0.3,10,West India,Vegetarian,breakfast,,100,0,Synthetic_IFCT_schema,Synthetic_Variant
SYN01425,Pomegranate (boiled),Fruits,Scientific_47,87.3,,1.7,1.2,18.7,4.0,10,0.3,10,West India,Non-Veg,snack,Grilled,200,0,Synthetic_IFCT_schema,Synthetic_Variant
SYN01426,Okra (Bhindi) (roasted),Vegetables,Scientific_26,30.9,138,2.1,0.2,7.0,2.5,82,0.8,21,Pan India,non-vegetarian,,Fried,150,0,Synthetic_IFCT_schema,Synthetic_Variant
SYN01427,Sattu (roasted gram flour) (steamed),Cereals and Millets,,374.6,1700,22.5,7.0,64.0,1.8,,,,East India,Vegetarian,snack,Grilled,100,0,Synthetic_IFCT_schema,Synthetic_Variant
SYN01428,Pomegranate (boiled),Fruits,,81.7,347,1.7,1.2,18.7,,10,0.3,10,Pan India,Vegetarian,Main Course,Fried,150,0,Synthetic_IFCT_schema,Synthetic_Variant
SYN01429,Pomegranate (steamed),Fruits,,83.6,347,1.7,1.2,18.7,4.0,10,0.3,10,West India,Vegetarian,Lunch,Roasted,200,0,Synthetic_IFCT_schema,Synthetic_Variant
SYN01430,Pomegranate (fried),Fruits,Scientific_47,82.9,,1.7,1.2,18.7,4.0,10,0.3,10,West India,Non-Veg,snack,Grilled,200,0,Synthetic_IFCT_schema,Synthetic_Variant
SYN01431,Rajma (Kidney beans) (raw),Pulses and Legumes,,367.5,1448,22.9,1.5,60.6,6.4,260,7.0,4,North India,Vegetarian,Any,N/A,N/A,0,Synthetic_IFCT_schema,Synthetic_Variant
SYN01432,Pomegranate (boiled),Fruits,Scientific_40,89.4,347,1.7,1.2,18.7,4.0,10,0.3,10,West India,Vegetarian,Any,Cooked,N/A,0,Synthetic_IFCT_schema,Synthetic_Variant
SYN01433,Pomegranate (fried),Fruits,Scientific_59,78.2,347,1.7,1.2,18.7,4.0,10,0.3,10,West India,Vegetarian,Dessert,Steamed,150,0,Synthetic_IFCT_schema,Synthetic_Variant
SYN01434,"Peanut, raw (fried)",Nuts and Oilseeds,Scientific_19,565.7,,25.8,49.2,16.1,8.5,92,4.6,0,West India,Non-Vegetarian,Dinner,Cooked,,0,Synthetic_IFCT_schema,Synthetic_Variant
SYN01435,"Tomato, raw (steamed)",Vegetables,,,75,0.9,0.2,3.9,1.2,13,,27,Pan India,Vegetarian,Dessert,Roasted,100,0,Synthetic_IFCT_schema,Synthetic_Variant
SYN01436,Pomegranate (fried),Fruits,,85.0,347,1.7,1.2,18.7,4.0,10,0.3,10,West India,Vegetarian,Breakfast,N/A,,0,Synthetic_IFCT_schema,Synthetic_Variant
SYN01437,Methi thepla (fried),Composite Dishes,,290.2,1193,7.5,12.0,38.0,3.0,,,,West India,Vegetarian,Beverage,Boiled,100,1,Synthetic_IFCT_schema,Synthetic_Variant
SYN01438,Maize flour (roasted),Cereals and Millets,Scientific_7,352.4,1485,8.7,3.6,70.0,2.7,9,2.3,,Pan India,Vegetarian,Main Course,N/A,N/A,0,Synthetic_IFCT_schema,Synthetic_Variant
SYN01439,Amla (Indian gooseberry) (raw),Fruits,,43.7,184,0.9,0.6,10.2,4.3,50,1.2,600,Western,Vegetarian,breakfast,Roasted,150,0,Synthetic_IFCT_schema,Synthetic_Variant
SYN01440,Pomegranate (raw),Fruits,,82.0,347,1.7,1.2,18.7,4.0,10,0.3,,West India,Vegetarian,Snack,Baked,200,0,Synthetic_IFCT_schema,Synthetic_Variant
SYN01441,Fenugreek leaves (Methi) (steamed),Vegetables,Scientific_28,52.5,205,4.4,0.9,6.0,1.1,,1.9,52,North India,Vegetarian,Dessert,Boiled,150,0,Synthetic_IFCT_schema,Synthetic_Variant
SYN01442,Pomegranate (boiled),Fruits,,85.2,347,1.7,1.2,18.7,4.0,10,0.3,10,West India,Vegetarian,breakfast,,100,0,Synthetic_IFCT_schema,Synthetic_Variant
SYN01443,Pomegranate (raw),Fruits,Scientific_69,89.6,347,1.7,1.2,18.7,4.0,10,0.3,,West India,Vegetarian,Dinner,Fried,150,0,Synthetic_IFCT_schema,Synthetic_Variant
SYN01444,Cowpea (Black-eyed pea) (fried),Pulses and Legumes,,300.7,1351,23.4,1.8,54.5,,227,8.6,1,South India,Vegetarian,Lunch,Roasted,200,0,Synthetic_IFCT_schema,Synthetic_Variant
SYN01445,Guava (raw),Fruits,,72.2,285,2.6,1.0,14.3,5.4,18,,228,Maharashtra,Vegetarian,Snack,Baked,N/A,0,Synthetic_IFCT_schema,Synthetic_Variant
SYN01446,Pomegranate (steamed),Fruits,Scientific_59,82.5,347,1.7,1.2,18.7,4.0,10,0.3,10,West India,Vegetarian,Dessert,Steamed,150,0,Synthetic_IFCT_schema,Synthetic_Variant
SYN01447,"Toor dal, raw (raw)",Pulses and Legumes,,340.2,,22.3,1.7,57.6,4.2,73,5.6,0,Pan India,Vegetarian,Dessert,Baked,100,0,Synthetic_IFCT_schema,Synthetic_Variant
SYN01448,Sattu (roasted gram flour) (roasted),Cereals and Millets,,428.0,1700,22.5,7.0,64.0,1.8,,,,East India,Vegetarian,snack,Grilled,100,0,Synthetic_IFCT_schema,Synthetic_Variant
SYN01449,Kabuli chana (roasted),Pulses and Legumes,,377.7,,20.1,5.3,60.9,7.6,202,4.9,3,North India,Vegetarian,Breakfast,Grilled,N/A,0,Synthetic_IFCT_schema,Synthetic_Variant
SYN01450,"Masoor dal, raw (raw)",Pulses and Legumes,,320.7,1435,25.1,0.9,59.0,3.5,68,7.6,1,Southern,Vegetarian,lunch,Grilled,100,0,Synthetic_IFCT_schema,Synthetic_Variant
SYN01451,Cowpea (Black-eyed pea) (raw),Pulses and Legumes,,302.1,1351,23.4,1.8,54.5,,227,8.6,1,South India,Vegetarian,Lunch,Roasted,200,0,Synthetic_IFCT_schema,Synthetic_Variant
SYN01452,Sattu (roasted gram flour) (roasted),Cereals and Millets,,387.7,1700,22.5,7.0,64.0,1.8,,,,East India,Vegetarian,snack,Grilled,100,0,Synthetic_IFCT_schema,Synthetic_Variant
SYN01453,Cowpea (Black-eyed pea) (boiled),Pulses and Legumes,,326.1,1351,23.4,1.8,54.5,,227,8.6,1,South India,Vegetarian,Lunch,Roasted,200,0,Synthetic_IFCT_schema,Synthetic_Variant
SYN01454,Pomegranate (boiled),Fruits,Scientific_79,88.8,347,1.7,1.2,18.7,,,0.3,,West India,Vegetarian,lunch,Fried,200,0,Synthetic_IFCT_schema,Synthetic_Variant
SYN01455,"Chana dal, raw (boiled)",Pulses and Legumes,Scientific_12,380.7,1556,20.8,5.6,59.8,,56,4.9,1,North India,Vegetarian,breakfast,Cooked,100,0,Synthetic_IFCT_schema,Synthetic_Variant
SYN01456,"Urad dal, raw (roasted)",Pulses and Legumes,Scientific_15,,1428,25.1,1.4,59.0,1.8,154,4.5,0,South India,Vegetarian,Main Course,Grilled,N/A,0,Synthetic_IFCT_schema,Synthetic_Variant
SYN01457,Pomegranate (steamed),Fruits,Scientific_71,81.9,347,1.7,1.2,18.7,4.0,10,0.3,10,West India,Vegetarian,Breakfast,Fried,100,0,Synthetic_IFCT_schema,Synthetic_Variant
SYN01458,Pomegranate (boiled),Fruits,Scientific_50,81.9,347,1.7,1.2,18.7,4.0,10,0.3,,North India,Veg,Beverage,Steamed,100,0,Synthetic_IFCT_schema,Synthetic_Variant
SYN01459,Pomegranate (raw),Fruits,,80.3,347,1.7,1.2,18.7,,10,0.3,10,West India,Vegetarian,Dinner,Baked,100,0,Synthetic_IFCT_schema,Synthetic_Variant
SYN01460,Sabudana (Tapioca pearls) (raw),Cereals and Millets,,375.3,1469,0.2,0.2,88.7,0.9,,,,West India,Vegetarian,Dinner,Steamed,100,0,Synthetic_IFCT_schema,Synthetic_Variant
SYN01461,Pomegranate (roasted),Fruits,Scientific_50,83.6,347,1.7,1.2,18.7,4.0,10,0.3,,North India,Veg,Beverage,Steamed,100,0,Synthetic_IFCT_schema,Synthetic_Variant
SYN01462,"Soybean, raw (raw)",Pulses and Legumes,,439.2,1808,36.5,19.9,30.2,9.3,240,,,West India,Vegetarian,Any,Boiled,150,0,Synthetic_IFCT_schema,Synthetic_Variant
SYN01463,Pomegranate (boiled),Fruits,,80.8,347,1.7,1.2,18.7,4.0,10,0.3,10,West India,Vegetarian,Dessert,Steamed,150,0,Synthetic_IFCT_schema,Synthetic_Variant
SYN01464,Pomegranate (fried),Fruits,Scientific_80,,347,1.7,1.2,18.7,4.0,10,0.3,10,West India,Vegetarian,lunch,Cooked,200,0,Synthetic_IFCT_schema,Synthetic_Variant
SYN01465,"Papaya, ripe (boiled)",Fruits,,40.2,180,0.5,0.1,10.8,1.7,20,0.1,62,South India,Vegetarian,snack,Fried,,0,Synthetic_IFCT_schema,Synthetic_Variant
SYN01466,"Tomato, raw (boiled)",Vegetables,,,75,0.9,0.2,3.9,1.2,13,,27,Pan India,Vegetarian,Dessert,Roasted,100,0,Synthetic_IFCT_schema,Synthetic_Variant
SYN01467,"Rice, raw, milled (steamed)",Cereals and Millets,,,1448,6.8,0.5,78.2,0.2,10,0.7,,Pan India,Vegetarian,Breakfast,Baked,,0,Synthetic_IFCT_schema,Synthetic_Variant
SYN01468,Pomegranate (boiled),Fruits,,,347,1.7,1.2,18.7,4.0,,0.3,10,West India,Vegetarian,Main Course,Steamed,200,0,Synthetic_IFCT_schema,Synthetic_Variant
SYN01469,"Potato, raw (raw)",Vegetables,Scientific_20,76.3,322,1.9,0.1,17.8,1.8,11,0.7,13,Pan India,Vegetarian,lunch,Cooked,150,0,Synthetic_IFCT_schema,Synthetic_Variant
SYN01470,"Wheat flour, whole (raw)",Cereals and Millets,Scientific_2,343.7,1427,11.8,1.5,69.4,1.9,41,4.9,0,North India,Vegetarian,Beverage,Cooked,150,0,Synthetic_IFCT_schema,Synthetic_Variant
SYN01471,Pomegranate (boiled),Fruits,,,347,1.7,1.2,18.7,4.0,10,0.3,10,North,Vegetarian,Snack,Roasted,,0,Synthetic_IFCT_schema,Synthetic_Variant
SYN01472,Appam (raw),Composite Dishes,,111.5,502,2.5,2.8,22.0,0.5,,,,South India,Vegetarian,Beverage,N/A,100,1,Synthetic_IFCT_schema,Synthetic_Variant
SYN01473,"Soybean, raw (fried)",Pulses and Legumes,,464.2,1808,36.5,19.9,30.2,9.3,240,,,West India,Vegetarian,Any,Boiled,150,0,Synthetic_IFCT_schema,Synthetic_Variant
SYN01474,Pomegranate (raw),Fruits,,85.0,347,1.7,1.2,18.7,4.0,10,0.3,10,West India,Vegetarian,,Raw,N/A,0,Synthetic_IFCT_schema,Synthetic_Variant
SYN01475,Pomegranate (fried),Fruits,Scientific_40,80.2,347,1.7,1.2,18.7,4.0,10,0.3,10,West India,Vegetarian,Any,Cooked,N/A,0,Synthetic_IFCT_schema,Synthetic_Variant
SYN01476,"Soybean, raw (roasted)",Pulses and Legumes,,436.6,1808,36.5,19.9,30.2,9.3,240,,,West India,Vegetarian,Any,Boiled,150,0,Synthetic_IFCT_schema,Synthetic_Variant
SYN01477,"Soybean, raw (roasted)",Pulses and Legumes,,407.2,1808,36.5,19.9,30.2,9.3,240,,,West India,Vegetarian,Any,Boiled,150,0,Synthetic_IFCT_schema,Synthetic_Variant
SYN01478,Cowpea (Black-eyed pea) (roasted),Pulses and Legumes,,309.4,1351,23.4,1.8,54.5,,227,8.6,1,South India,Vegetarian,Lunch,Roasted,200,0,Synthetic_IFCT_schema,Synthetic_Variant
SYN01479,Brinjal (Eggplant) (boiled),Vegetables,,26.3,105,1.4,0.3,5.5,3.4,18,0.3,2,Pan India,Vegetarian,lunch,Steamed,100,0,Synthetic_IFCT_schema,Synthetic_Variant
SYN01480,Bitter gourd (Karela) (raw),Vegetables,Scientific_27,17.2,,1.0,0.2,3.4,2.8,20,0.6,84,Pan India,Vegetarian,snack,,,0,Synthetic_IFCT_schema,Synthetic_Variant
SYN01481,Pomegranate (steamed),Fruits,,82.6,347,1.7,1.2,18.7,4.0,10,0.3,10,West India,Vegetarian,Lunch,Roasted,200,0,Synthetic_IFCT_schema,Synthetic_Variant
SYN01482,Pomegranate (roasted),Fruits,,76.4,347,1.7,1.2,18.7,4.0,10,0.3,10,West India,non-vegetarian,,Roasted,100,0,Synthetic_IFCT_schema,Synthetic_Variant
SYN01483,Pomegranate (fried),Fruits,Scientific_53,85.8,347,1.7,1.2,18.7,4.0,10,0.3,10,West India,Vegetarian,Snack,Baked,100,0,Synthetic_IFCT_schema,Synthetic_Variant
SYN01484,Guava (roasted),Fruits,,72.7,285,2.6,1.0,14.3,5.4,18,,228,Maharashtra,Vegetarian,Snack,Baked,N/A,0,Synthetic_IFCT_schema,Synthetic_Variant
SYN01485,"Wheat flour, refined (roasted)",Cereals and Millets,Scientific_3,367.7,1456,10.3,0.9,73.9,0.3,23,2.7,0,North India,Vegetarian,snack,,,0,Synthetic_IFCT_schema,Synthetic_Variant
SYN01486,Rajma (Kidney beans) (roasted),Pulses and Legumes,,365.8,1448,22.9,1.5,60.6,6.4,260,7.0,4,North India,Vegetarian,Any,N/A,N/A,0,Synthetic_IFCT_schema,Synthetic_Variant
SYN01487,Sabudana (Tapioca pearls) (fried),Cereals and Millets,,347.0,1469,0.2,0.2,88.7,0.9,,,,West India,Vegetarian,Dinner,Steamed,100,0,Synthetic_IFCT_schema,Synthetic_Variant
SYN01488,"Masoor dal, raw (roasted)",Pulses and Legumes,,341.2,1435,25.1,0.9,59.0,3.5,68,7.6,1,Southern,Vegetarian,lunch,Grilled,100,0,Synthetic_IFCT_schema,Synthetic_Variant
SYN01489,"Soya chunks, raw (roasted)",Pulses and Legumes,,337.7,1444,52.0,0.5,33.0,13.0,,,,Pan India,Vegetarian,snack,Baked,100,0,Synthetic_IFCT_schema,Synthetic_Variant
SYN01490,"Urad dal, raw (boiled)",Pulses and Legumes,Scientific_15,,1428,25.1,1.4,59.0,1.8,154,4.5,0,South India,Vegetarian,Main Course,Grilled,N/A,0,Synthetic_IFCT_schema,Synthetic_Variant
SYN01491,Machher jhol (steamed),Composite Dishes,,152.6,649,17.0,9.0,3.0,0.6,,,,East India,Non-Vegetarian,Dessert,Boiled,100,1,Synthetic_IFCT_schema,Synthetic_Variant
SYN01492,Pomegranate (raw),Fruits,,88.5,347,1.7,1.2,18.7,4.0,10,0.3,,West India,Vegetarian,Snack,Baked,200,0,Synthetic_IFCT_schema,Synthetic_Variant
SYN01493,Pomegranate (raw),Fruits,,83.0,347,1.7,1.2,18.7,4.0,10,0.3,10,West India,Vegetarian,,Raw,N/A,0,Synthetic_IFCT_schema,Synthetic_Variant
SYN01494,Pomegranate (boiled),Fruits,Scientific_68,87.6,347,1.7,1.2,18.7,4.0,10,0.3,10,Northern,Veg,dinner,Steamed,N/A,0,Synthetic_IFCT_schema,Synthetic_Variant
SYN01495,Pomegranate (steamed),Fruits,Scientific_62,86.5,347,1.7,1.2,18.7,4.0,10,0.3,10,West India,non-vegetarian,snack,Fried,,0,Synthetic_IFCT_schema,Synthetic_Variant
SYN01496,Rajma (Kidney beans) (boiled),Pulses and Legumes,,337.7,1448,22.9,1.5,60.6,6.4,260,7.0,4,North India,Vegetarian,Any,N/A,N/A,0,Synthetic_IFCT_schema,Synthetic_Variant
SYN01497,Machher jhol (fried),Composite Dishes,,159.8,649,17.0,9.0,3.0,0.6,,,,East India,Non-Vegetarian,Dessert,Boiled,100,1,Synthetic_IFCT_schema,Synthetic_Variant
SYN01498,"Urad dal, raw (fried)",Pulses and Legumes,Scientific_15,,1428,25.1,1.4,59.0,1.8,154,4.5,0,South India,Vegetarian,Main Course,Grilled,N/A,0,Synthetic_IFCT_schema,Synthetic_Variant
SYN01499,Cowpea (Black-eyed pea) (raw),Pulses and Legumes,,343.3,1351,23.4,1.8,54.5,,227,8.6,1,South India,Vegetarian,Lunch,Roasted,200,0,Synthetic_IFCT_schema,Synthetic_Variant
SYN01500,Semolina (Rava) (fried),Cereals and Millets,,,1506,10.0,1.0,74.0,,16,4.7,0,Pan India,Veg,breakfast,Steamed,,0,Synthetic_IFCT_schema,Synthetic_Variant
SYN01501,Pomegranate (steamed),Fruits,Scientific_80,,347,1.7,1.2,18.7,4.0,10,0.3,10,West India,Vegetarian,lunch,Cooked,200,0,Synthetic_IFCT_schema,Synthetic_Variant
SYN01502,"Jackfruit, raw (raw)",Fruits,,101.2,398,1.7,0.6,23.2,1.5,,,,South India,Vegetarian,Any,Baked,100,0,Synthetic_IFCT_schema,Synthetic_Variant
SYN01503,Pomegranate (fried),Fruits,,79.5,347,1.7,1.2,18.7,4.0,10,0.3,,West India,Vegetarian,Snack,Baked,200,0,Synthetic_IFCT_schema,Synthetic_Variant
SYN01504,Pomegranate (raw),Fruits,,83.6,347,1.7,1.2,18.7,4.0,,0.3,10,West India,Vegetarian,breakfast,,,0,Synthetic_IFCT_schema,Synthetic_Variant
SYN01505,Pomegranate (roasted),Fruits,,80.1,347,1.7,1.2,18.7,4.0,10,0.3,10,West India,Vegetarian,Lunch,Roasted,200,0,Synthetic_IFCT_schema,Synthetic_Variant
SYN01506,"Mango, ripe (Alphonso) (boiled)",Fruits,Scientific_31,67.8,293,0.6,0.4,17.0,1.6,10,0.3,36,West India,Vegetarian,Lunch,N/A,N/A,0,Synthetic_IFCT_schema,Synthetic_Variant
SYN01507,"Peanut, raw (fried)",Nuts and Oilseeds,Scientific_19,539.5,,25.8,49.2,16.1,8.5,92,4.6,0,West India,Non-Vegetarian,Dinner,Cooked,,0,Synthetic_IFCT_schema,Synthetic_Variant
SYN01508,Pomegranate (boiled),Fruits,,79.8,347,1.7,1.2,18.7,4.0,10,0.3,10,West India,Vegetarian,Dessert,N/A,100,0,Synthetic_IFCT_schema,Synthetic_Variant
SYN01509,"Tomato, raw (raw)",Vegetables,,,75,0.9,0.2,3.9,1.2,13,,27,Pan India,Vegetarian,Dessert,Roasted,100,0,Synthetic_IFCT_schema,Synthetic_Variant
SYN01510,Pomegranate (roasted),Fruits,Scientific_80,,347,1.7,1.2,18.7,4.0,10,0.3,10,West India,Vegetarian,lunch,Cooked,200,0,Synthetic_IFCT_schema,Synthetic_Variant
SYN01511,Pomegranate (fried),Fruits,,82.4,347,1.7,1.2,18.7,4.0,10,0.3,10,West India,Vegetarian,Main Course,Fried,,0,Synthetic_IFCT_schema,Synthetic_Variant
SYN01512,Pomegranate (boiled),Fruits,Scientific_50,88.3,347,1.7,1.2,18.7,4.0,10,0.3,,North India,Veg,Beverage,Steamed,100,0,Synthetic_IFCT_schema,Synthetic_Variant
SYN01513,Pomegranate (roasted),Fruits,Scientific_45,81.1,347,1.7,1.2,18.7,4.0,10,0.3,,West India,Veg,breakfast,Roasted,N/A,0,Synthetic_IFCT_schema,Synthetic_Variant
SYN01514,"Rice, raw, milled (roasted)",Cereals and Millets,,,1448,6.8,0.5,78.2,0.2,10,0.7,,Pan India,Vegetarian,Breakfast,Baked,,0,Synthetic_IFCT_schema,Synthetic_Variant
SYN01515,Pomegranate (fried),Fruits,Scientific_79,82.4,347,1.7,1.2,18.7,,,0.3,,West India,Vegetarian,lunch,Fried,200,0,Synthetic_IFCT_schema,Synthetic_Variant
SYN01516,"Masoor dal, raw (steamed)",Pulses and Legumes,,366.4,1435,25.1,0.9,59.0,3.5,68,7.6,1,Southern,Vegetarian,lunch,Grilled,100,0,Synthetic_IFCT_schema,Synthetic_Variant
SYN01517,"Peanut, raw (steamed)",Nuts and Oilseeds,Scientific_19,552.8,,25.8,49.2,16.1,8.5,92,4.6,0,West India,Non-Vegetarian,Dinner,Cooked,,0,Synthetic_IFCT_schema,Synthetic_Variant
SYN01518,"Rice, raw, milled (fried)",Cereals and Millets,,,1448,6.8,0.5,78.2,0.2,10,0.7,,Pan India,Vegetarian,Breakfast,Baked,,0,Synthetic_IFCT_schema,Synthetic_Variant
SYN01519,"Cauliflower, raw (steamed)",Vegetables,,23.9,105,1.9,0.4,4.9,2.5,22,0.4,,Western,Non-Veg,Breakfast,Steamed,200,0,Synthetic_IFCT_schema,Synthetic_Variant
SYN01520,"Rice, raw, milled (boiled)",Cereals and Millets,,,1448,6.8,0.5,78.2,0.2,10,0.7,,Pan India,Vegetarian,Breakfast,Baked,,0,Synthetic_IFCT_schema,Synthetic_Variant
SYN01521,Pomegranate (boiled),Fruits,,87.7,347,1.7,1.2,18.7,,10,0.3,10,West India,Vegetarian,Dinner,Baked,100,0,Synthetic_IFCT_schema,Synthetic_Variant
SYN01522,Watermelon (fried),Fruits,,30.1,125,0.6,0.2,7.6,0.4,7,,8,Pan India,Vegetarian,Breakfast,,200,0,Synthetic_IFCT_schema,Synthetic_Variant
SYN01523,Pomegranate (boiled),Fruits,,86.3,347,1.7,1.2,18.7,,10,0.3,10,West India,Vegetarian,Dinner,Baked,100,0,Synthetic_IFCT_schema,Synthetic_Variant
SYN01524,Pomegranate (fried),Fruits,,87.7,347,1.7,1.2,18.7,4.0,10,0.3,10,West India,Vegetarian,Beverage,Steamed,,0,Synthetic_IFCT_schema,Synthetic_Variant
SYN01525,"Onion, raw (boiled)",Vegetables,,39.6,167,1.1,0.1,9.3,1.7,23,0.4,7,Pan India,Vegetarian,lunch,Cooked,200,0,Synthetic_IFCT_schema,Synthetic_Variant
SYN01526,"Tomato, raw (raw)",Vegetables,,,75,0.9,0.2,3.9,1.2,13,,27,Pan India,Vegetarian,Dessert,Roasted,100,0,Synthetic_IFCT_schema,Synthetic_Variant
SYN01527,Pomegranate (boiled),Fruits,,82.3,347,1.7,1.2,18.7,4.0,10,0.3,10,West India,Vegetarian,breakfast,,100,0,Synthetic_IFCT_schema,Synthetic_Variant
SYN01528,Pomegranate (steamed),Fruits,,85.8,347,1.7,1.2,18.7,4.0,10,0.3,10,West India,Vegetarian,,Raw,N/A,0,Synthetic_IFCT_schema,Synthetic_Variant
SYN01529,Pomegranate (fried),Fruits,,,347,1.7,1.2,18.7,4.0,10,0.3,,West India,Vegetarian,breakfast,Fried,,0,Synthetic_IFCT_schema,Synthetic_Variant
SYN01530,Pomegranate (roasted),Fruits,Scientific_69,83.3,347,1.7,1.2,18.7,4.0,10,0.3,,West India,Vegetarian,Dinner,Fried,150,0,Synthetic_IFCT_schema,Synthetic_Variant
SYN01531,"Mango, ripe (Alphonso) (boiled)",Fruits,Scientific_31,69.5,293,0.6,0.4,17.0,1.6,10,0.3,36,West India,Vegetarian,Lunch,N/A,N/A,0,Synthetic_IFCT_schema,Synthetic_Variant
SYN01532,Pomegranate (fried),Fruits,Scientific_62,83.2,347,1.7,1.2,18.7,4.0,10,0.3,10,West India,non-vegetarian,snack,Fried,,0,Synthetic_IFCT_schema,Synthetic_Variant
SYN01533,Kabuli chana (steamed),Pulses and Legumes,,385.1,,20.1,5.3,60.9,7.6,202,4.9,3,North India,Vegetarian,Breakfast,Grilled,N/A,0,Synthetic_IFCT_schema,Synthetic_Variant
SYN01534,"Peanut, raw (steamed)",Nuts and Oilseeds,Scientific_19,579.7,,25.8,49.2,16.1,8.5,92,4.6,0,West India,Non-Vegetarian,Dinner,Cooked,,0,Synthetic_IFCT_schema,Synthetic_Variant
SYN01535,"Papaya, ripe (boiled)",Fruits,,39.7,180,0.5,0.1,10.8,1.7,20,0.1,62,South India,Vegetarian,snack,Fried,,0,Synthetic_IFCT_schema,Synthetic_Variant
SYN01536,"Rice, raw, milled (steamed)",Cereals and Millets,,,1448,6.8,0.5,78.2,0.2,10,0.7,,Pan India,Vegetarian,Breakfast,Baked,,0,Synthetic_IFCT_schema,Synthetic_Variant
SYN01537,Pomegranate (fried),Fruits,,77.1,347,1.7,1.2,18.7,4.0,10,0.3,10,West India,Vegetarian,,Raw,N/A,0,Synthetic_IFCT_schema,Synthetic_Variant
SYN01538,"Potato, raw (boiled)",Vegetables,Scientific_20,71.3,322,1.9,0.1,17.8,1.8,11,0.7,13,Pan India,Vegetarian,lunch,Cooked,150,0,Synthetic_IFCT_schema,Synthetic_Variant
SYN01539,"Papaya, ripe (fried)",Fruits,,39.8,180,0.5,0.1,10.8,1.7,20,0.1,62,South India,Vegetarian,snack,Fried,,0,Synthetic_IFCT_schema,Synthetic_Variant
SYN01540,Pomegranate (raw),Fruits,,85.9,347,1.7,1.2,18.7,4.0,,0.3,10,West India,Vegetarian,breakfast,,,0,Synthetic_IFCT_schema,Synthetic_Variant
SYN01541,Pomegranate (raw),Fruits,,80.8,347,1.7,1.2,18.7,4.0,10,0.3,10,East,Vegetarian,snack,Grilled,100,0,Synthetic_IFCT_schema,Synthetic_Variant
SYN01542,"Moong dal, raw (fried)",Pulses and Legumes,,316.6,,24.0,1.3,59.9,4.1,75,6.7,7,Pan India,Vegetarian,,,,0,Synthetic_IFCT_schema,Synthetic_Variant
SYN01543,Machher jhol (boiled),Composite Dishes,,162.1,649,17.0,9.0,3.0,0.6,,,,East India,Non-Vegetarian,Dessert,Boiled,100,1,Synthetic_IFCT_schema,Synthetic_Variant
SYN01544,Cowpea (Black-eyed pea) (steamed),Pulses and Legumes,,307.2,1351,23.4,1.8,54.5,,227,8.6,1,South India,Vegetarian,Lunch,Roasted,200,0,Synthetic_IFCT_schema,Synthetic_Variant
SYN01545,Pomegranate (raw),Fruits,Scientific_59,82.3,347,1.7,1.2,18.7,4.0,10,0.3,10,West India,Vegetarian,Dessert,Steamed,150,0,Synthetic_IFCT_schema,Synthetic_Variant
SYN01546,Pomegranate (roasted),Fruits,Scientific_78,87.9,347,1.7,1.2,18.7,4.0,10,0.3,10,West India,Vegetarian,,,,0,Synthetic_IFCT_schema,Synthetic_Variant
SYN01547,"Mango, ripe (Alphonso) (fried)",Fruits,Scientific_31,65.5,293,0.6,0.4,17.0,1.6,10,0.3,36,West India,Vegetarian,Lunch,N/A,N/A,0,Synthetic_IFCT_schema,Synthetic_Variant
SYN01548,"Moong dal, raw (steamed)",Pulses and Legumes,,335.2,,24.0,1.3,59.9,4.1,75,6.7,7,Pan India,Vegetarian,,,,0,Synthetic_IFCT_schema,Synthetic_Variant
SYN01549,"Toor dal, raw (boiled)",Pulses and Legumes,,339.7,,22.3,1.7,57.6,4.2,73,5.6,0,Pan India,Vegetarian,Dessert,Baked,100,0,Synthetic_IFCT_schema,Synthetic_Variant
SYN01550,Pomegranate (steamed),Fruits,,88.6,347,1.7,1.2,18.7,4.0,10,0.3,10,East,Vegetarian,snack,Grilled,100,0,Synthetic_IFCT_schema,Synthetic_Variant
SYN01551,Pomegranate (steamed),Fruits,Scientific_71,86.6,347,1.7,1.2,18.7,4.0,10,0.3,10,West India,Vegetarian,Breakfast,Fried,100,0,Synthetic_IFCT_schema,Synthetic_Variant
SYN01552,Pomegranate (steamed),Fruits,Scientific_80,,347,1.7,1.2,18.7,4.0,10,0.3,10,West India,Vegetarian,lunch,Cooked,200,0,Synthetic_IFCT_schema,Synthetic_Variant
SYN01553,"Urad dal, raw (fried)",Pulses and Legumes,Scientific_15,,1428,25.1,1.4,59.0,1.8,154,4.5,0,South India,Vegetarian,Main Course,Grilled,N/A,0,Synthetic_IFCT_schema,Synthetic_Variant
SYN01554,Machher jhol (raw),Composite Dishes,,147.9,649,17.0,9.0,3.0,0.6,,,,East India,Non-Vegetarian,Dessert,Boiled,100,1,Synthetic_IFCT_schema,Synthetic_Variant
SYN01555,"Soybean, raw (fried)",Pulses and Legumes,,455.2,1808,36.5,19.9,30.2,9.3,240,,,West India,Vegetarian,Any,Boiled,150,0,Synthetic_IFCT_schema,Synthetic_Variant
SYN01556,Pomegranate (boiled),Fruits,,81.4,347,1.7,1.2,18.7,4.0,10,0.3,10,West India,Vegetarian,Lunch,Steamed,100,0,Synthetic_IFCT_schema,Synthetic_Variant
SYN01557,Pomegranate (fried),Fruits,Scientific_73,88.6,347,1.7,1.2,18.7,4.0,10,0.3,10,West India,Vegetarian,snack,Cooked,100,0,Synthetic_IFCT_schema,Synthetic_Variant
SYN01558,Banana (Cavendish) (roasted),Fruits,Scientific_32,89.2,372,1.1,0.3,23.0,2.6,5,0.3,8,South India,Vegetarian,Dinner,,100,0,Synthetic_IFCT_schema,Synthetic_Variant
SYN01559,Litti chokha (roasted),Composite Dishes,,340.0,1340,9.0,10.0,50.0,3.5,,,,East India,Vegetarian,Beverage,Fried,100,1,Synthetic_IFCT_schema,Synthetic_Variant
SYN01560,Pomegranate (boiled),Fruits,,77.8,347,1.7,1.2,18.7,4.0,10,0.3,10,West India,Vegetarian,Dessert,Steamed,150,0,Synthetic_IFCT_schema,Synthetic_Variant
SYN01561,Avial (steamed),Composite Dishes,,114.2,481,2.8,6.5,12.0,3.0,,,,South India,Vegetarian,lunch,,100,1,Synthetic_IFCT_schema,Synthetic_Variant
SYN01562,Avial (raw),Composite Dishes,,122.1,481,2.8,6.5,12.0,3.0,,,,South India,Vegetarian,lunch,,100,1,Synthetic_IFCT_schema,Synthetic_Variant
SYN01563,Pomegranate (steamed),Fruits,,89.3,347,1.7,1.2,18.7,4.0,10,0.3,10,West India,Vegetarian,Snack,Grilled,150,0,Synthetic_IFCT_schema,Synthetic_Variant
SYN01564,Pomegranate (steamed),Fruits,Scientific_80,,347,1.7,1.2,18.7,4.0,10,0.3,10,West India,Vegetarian,lunch,Cooked,200,0,Synthetic_IFCT_schema,Synthetic_Variant
SYN01565,Pomegranate (fried),Fruits,,88.1,347,1.7,1.2,18.7,4.0,10,0.3,10,West India,Vegetarian,breakfast,,100,0,Synthetic_IFCT_schema,Synthetic_Variant
SYN01566,Jowar (Sorghum) (raw),Cereals and Millets,Scientific_5,335.9,,10.4,1.9,72.6,1.6,25,,0,Unknown,Vegetarian,Main Course,Fried,,0,Synthetic_IFCT_schema,Synthetic_Variant
SYN01567,Rajma (Kidney beans) (fried),Pulses and Legumes,,329.6,1448,22.9,1.5,60.6,6.4,260,7.0,4,North India,Vegetarian,Any,N/A,N/A,0,Synthetic_IFCT_schema,Synthetic_Variant
SYN01568,Pomegranate (raw),Fruits,Scientific_47,84.7,,1.7,1.2,18.7,4.0,10,0.3,10,West India,Non-Veg,snack,Grilled,200,0,Synthetic_IFCT_schema,Synthetic_Variant
SYN01569,Pomegranate (boiled),Fruits,,77.1,347,1.7,1.2,18.7,4.0,10,0.3,10,West India,Vegetarian,Snack,Boiled,N/A,0,Synthetic_IFCT_schema,Synthetic_Variant
SYN01570,Pomegranate (fried),Fruits,,82.4,347,1.7,1.2,18.7,4.0,10,0.3,10,West India,Vegetarian,Lunch,Roasted,200,0,Synthetic_IFCT_schema,Synthetic_Variant
SYN01571,Pomegranate (fried),Fruits,Scientific_65,87.0,347,1.7,1.2,18.7,4.0,10,0.3,10,West India,Vegetarian,Main Course,Baked,N/A,0,Synthetic_IFCT_schema,Synthetic_Variant
SYN01572,Amla (Indian gooseberry) (steamed),Fruits,,44.8,184,0.9,0.6,10.2,4.3,50,1.2,600,Western,Vegetarian,breakfast,Roasted,150,0,Synthetic_IFCT_schema,Synthetic_Variant
SYN01573,Watermelon (boiled),Fruits,,32.3,125,0.6,0.2,7.6,0.4,7,,8,Pan India,Vegetarian,Breakfast,,200,0,Synthetic_IFCT_schema,Synthetic_Variant
SYN01574,Fenugreek leaves (Methi) (steamed),Vegetables,Scientific_28,47.5,205,4.4,0.9,6.0,1.1,,1.9,52,North India,Vegetarian,Dessert,Boiled,150,0,Synthetic_IFCT_schema,Synthetic_Variant
SYN01575,"Soya chunks, raw (boiled)",Pulses and Legumes,,364.5,1444,52.0,0.5,33.0,13.0,,,,Pan India,Vegetarian,snack,Baked,100,0,Synthetic_IFCT_schema,Synthetic_Variant
SYN01576,Bitter gourd (Karela) (raw),Vegetables,Scientific_27,17.8,,1.0,0.2,3.4,2.8,20,0.6,84,Pan India,Vegetarian,snack,,,0,Synthetic_IFCT_schema,Synthetic_Variant
SYN01577,Pomegranate (roasted),Fruits,Scientific_65,77.5,347,1.7,1.2,18.7,4.0,10,0.3,10,West India,Vegetarian,Main Course,Baked,N/A,0,Synthetic_IFCT_schema,Synthetic_Variant
SYN01578,Pomegranate (boiled),Fruits,,81.5,347,1.7,1.2,18.7,4.0,10,0.3,10,West India,Vegetarian,Dessert,Steamed,150,0,Synthetic_IFCT_schema,Synthetic_Variant
SYN01579,Pomegranate (steamed),Fruits,Scientific_50,84.6,347,1.7,1.2,18.7,4.0,10,0.3,,North India,Veg,Beverage,Steamed,100,0,Synthetic_IFCT_schema,Synthetic_Variant
SYN01580,Pomegranate (raw),Fruits,Scientific_66,84.4,347,1.7,1.2,18.7,4.0,10,0.3,10,West India,Vegetarian,Dessert,Raw,200,0,Synthetic_IFCT_schema,Synthetic_Variant
SYN01581,Sattu (roasted gram flour) (boiled),Cereals and Millets,,423.2,1700,22.5,7.0,64.0,1.8,,,,East India,Vegetarian,snack,Grilled,100,0,Synthetic_IFCT_schema,Synthetic_Variant
SYN01582,Dhokla (roasted),Composite Dishes,,72.7,318,3.5,1.5,12.0,0.8,,,,West India,Vegetarian,Breakfast,N/A,100,1,Synthetic_IFCT_schema,Synthetic_Variant
SYN01583,Brinjal (Eggplant) (raw),Vegetables,,24.9,105,1.4,0.3,5.5,3.4,18,0.3,2,Pan India,Vegetarian,lunch,Steamed,100,0,Synthetic_IFCT_schema,Synthetic_Variant
SYN01584,"Tofu, firm (steamed)",Pulses and Legumes,,73.0,318,8.0,4.8,1.9,0.3,,,,West India,Vegetarian,Lunch,N/A,100,0,Synthetic_IFCT_schema,Synthetic_Variant
SYN01585,"Rice, cooked (roasted)",Cereals and Millets,,135.3,544,2.7,0.3,28.2,,3,0.2,0,Pan India,non-vegetarian,Snack,Baked,100,0,Synthetic_IFCT_schema,Synthetic_Variant
SYN01586,Methi thepla (steamed),Composite Dishes,,263.3,1193,7.5,12.0,38.0,3.0,,,,West India,Vegetarian,Beverage,Boiled,100,1,Synthetic_IFCT_schema,Synthetic_Variant
SYN01587,Pomegranate (roasted),Fruits,,81.6,,1.7,1.2,18.7,4.0,10,0.3,10,West India,Vegetarian,Dessert,Baked,150,0,Synthetic_IFCT_schema,Synthetic_Variant
SYN01588,"Tomato, raw (roasted)",Vegetables,,,75,0.9,0.2,3.9,1.2,13,,27,Pan India,Vegetarian,Dessert,Roasted,100,0,Synthetic_IFCT_schema,Synthetic_Variant
SYN01589,"Papaya, ripe (boiled)",Fruits,,42.4,180,0.5,0.1,10.8,1.7,20,0.1,62,South India,Vegetarian,snack,Fried,,0,Synthetic_IFCT_schema,Synthetic_Variant
SYN01590,Shrikhand (raw),Milk and Milk Products,,216.6,921,7.0,7.0,33.0,,,,,West India,Vegetarian,Dinner,Cooked,100,0,Synthetic_IFCT_schema,Synthetic_Variant
SYN01591,Ragi (Finger millet) (raw),Cereals and Millets,Scientific_6,306.0,1373,7.3,1.5,66.8,3.6,344,3.9,0,South India,Vegetarian,Main Course,Boiled,N/A,0,Synthetic_IFCT_schema,Synthetic_Variant
SYN01592,Pomegranate (boiled),Fruits,,79.3,347,1.7,1.2,18.7,4.0,10,0.3,10,West India,Vegetarian,Snack,Boiled,N/A,0,Synthetic_IFCT_schema,Synthetic_Variant
SYN01593,Pomegranate (raw),Fruits,,,347,1.7,1.2,18.7,4.0,,0.3,10,West India,Vegetarian,Main Course,Steamed,200,0,Synthetic_IFCT_schema,Synthetic_Variant
SYN01594,Pomegranate (steamed),Fruits,Scientific_78,87.5,347,1.7,1.2,18.7,4.0,10,0.3,10,West India,Vegetarian,,,,0,Synthetic_IFCT_schema,Synthetic_Variant
SYN01595,Machher jhol (steamed),Composite Dishes,,148.6,649,17.0,9.0,3.0,0.6,,,,East India,Non-Vegetarian,Dessert,Boiled,100,1,Synthetic_IFCT_schema,Synthetic_Variant
SYN01596,Pomegranate (fried),Fruits,,86.4,347,1.7,1.2,18.7,4.0,10,0.3,,West India,Veg,lunch,,,0,Synthetic_IFCT_schema,Synthetic_Variant
SYN01597,Dhokla (raw),Composite Dishes,,77.5,318,3.5,1.5,12.0,0.8,,,,West India,Vegetarian,Breakfast,N/A,100,1,Synthetic_IFCT_schema,Synthetic_Variant
SYN01598,Sattu (roasted gram flour) (boiled),Cereals and Millets,,389.5,1700,22.5,7.0,64.0,1.8,,,,East India,Vegetarian,snack,Grilled,100,0,Synthetic_IFCT_schema,Synthetic_Variant
SYN01599,Pomegranate (fried),Fruits,,83.9,347,1.7,1.2,18.7,4.0,10,0.3,10,West India,Vegetarian,Snack,Boiled,N/A,0,Synthetic_IFCT_schema,Synthetic_Variant
SYN01600,"Spinach (Palak), raw (boiled)",Vegetables,Scientific_23,,96,2.0,0.3,3.5,,99,1.8,28,Pan India,Vegetarian,breakfast,Fried,200,0,Synthetic_IFCT_schema,Synthetic_Variant
SYN01601,"Tofu, firm (fried)",Pulses and Legumes,,75.0,318,8.0,4.8,1.9,0.3,,,,West India,Vegetarian,Lunch,N/A,100,0,Synthetic_IFCT_schema,Synthetic_Variant
SYN01602,Pomegranate (steamed),Fruits,Scientific_65,87.8,347,1.7,1.2,18.7,4.0,10,0.3,10,West India,Vegetarian,Main Course,Baked,N/A,0,Synthetic_IFCT_schema,Synthetic_Variant
SYN01603,"Jackfruit, raw (steamed)",Fruits,,92.7,398,1.7,0.6,23.2,1.5,,,,South India,Vegetarian,Any,Baked,100,0,Synthetic_IFCT_schema,Synthetic_Variant
SYN01604,Shrikhand (raw),Milk and Milk Products,,234.7,921,7.0,7.0,33.0,,,,,West India,Vegetarian,Dinner,Cooked,100,0,Synthetic_IFCT_schema,Synthetic_Variant
SYN01605,Pomegranate (raw),Fruits,,77.3,347,1.7,1.2,18.7,4.0,10,0.3,10,West India,Vegetarian,Breakfast,N/A,,0,Synthetic_IFCT_schema,Synthetic_Variant
SYN01606,Pomegranate (fried),Fruits,Scientific_59,81.1,347,1.7,1.2,18.7,4.0,10,0.3,10,West India,Vegetarian,Dessert,Steamed,150,0,Synthetic_IFCT_schema,Synthetic_Variant
SYN01607,Pomegranate (boiled),Fruits,Scientific_47,82.5,,1.7,1.2,18.7,4.0,10,0.3,10,West India,Non-Veg,snack,Grilled,200,0,Synthetic_IFCT_schema,Synthetic_Variant
SYN01608,Pomegranate (raw),Fruits,Scientific_53,86.7,347,1.7,1.2,18.7,4.0,10,0.3,10,West India,Vegetarian,Snack,Baked,100,0,Synthetic_IFCT_schema,Synthetic_Variant
SYN01609,Semolina (Rava) (raw),Cereals and Millets,,,1506,10.0,1.0,74.0,,16,4.7,0,Pan India,Veg,breakfast,Steamed,,0,Synthetic_IFCT_schema,Synthetic_Variant
SYN01610,Pomegranate (fried),Fruits,Scientific_59,79.9,347,1.7,1.2,18.7,4.0,10,0.3,10,West India,Vegetarian,Dessert,Steamed,150,0,Synthetic_IFCT_schema,Synthetic_Variant
SYN01611,Khandvi (boiled),Composite Dishes,,135.9,544,4.5,4.8,18.0,1.2,,,,West India,Vegetarian,breakfast,Roasted,100,1,Synthetic_IFCT_schema,Synthetic_Variant
SYN01612,Pomegranate (steamed),Fruits,Scientific_67,82.0,347,1.7,1.2,18.7,4.0,10,0.3,10,West India,Non-Vegetarian,lunch,Roasted,200,0,Synthetic_IFCT_schema,Synthetic_Variant
SYN01613,"Coconut, fresh (steamed)",Nuts and Oilseeds,Scientific_30,365.5,1482,3.3,33.5,15.2,9.0,14,1.9,3,South India,Vegetarian,Lunch,,200,0,Synthetic_IFCT_schema,Synthetic_Variant
SYN01614,Pomegranate (raw),Fruits,,83.3,347,1.7,1.2,18.7,,10,0.3,10,Pan India,Vegetarian,Main Course,Fried,150,0,Synthetic_IFCT_schema,Synthetic_Variant
SYN01615,"Rice, cooked (fried)",Cereals and Millets,,136.4,544,2.7,0.3,28.2,,3,0.2,0,Pan India,non-vegetarian,Snack,Baked,100,0,Synthetic_IFCT_schema,Synthetic_Variant
SYN01616,"Soya chunks, raw (fried)",Pulses and Legumes,,360.8,1444,52.0,0.5,33.0,13.0,,,,Pan India,Vegetarian,snack,Baked,100,0,Synthetic_IFCT_schema,Synthetic_Variant
SYN01617,"Chana dal, raw (fried)",Pulses and Legumes,Scientific_12,358.5,1556,20.8,5.6,59.8,,56,4.9,1,North India,Vegetarian,breakfast,Cooked,100,0,Synthetic_IFCT_schema,Synthetic_Variant
SYN01618,Fenugreek leaves (Methi) (roasted),Vegetables,Scientific_28,46.5,205,4.4,0.9,6.0,1.1,,1.9,52,North India,Vegetarian,Dessert,Boiled,150,0,Synthetic_IFCT_schema,Synthetic_Variant
SYN01619,Pomegranate (steamed),Fruits,,81.2,347,1.7,1.2,18.7,4.0,10,0.3,10,West India,Vegetarian,Main Course,,N/A,0,Synthetic_IFCT_schema,Synthetic_Variant
SYN01620,Methi thepla (boiled),Composite Dishes,,294.2,1193,7.5,12.0,38.0,3.0,,,,West India,Vegetarian,Beverage,Boiled,100,1,Synthetic_IFCT_schema,Synthetic_Variant
SYN01621,"Spinach (Palak), raw (raw)",Vegetables,Scientific_23,,96,2.0,0.3,3.5,,99,1.8,28,Pan India,Vegetarian,breakfast,Fried,200,0,Synthetic_IFCT_schema,Synthetic_Variant
SYN01622,Pomegranate (steamed),Fruits,Scientific_68,81.0,347,1.7,1.2,18.7,4.0,10,0.3,10,Northern,Veg,dinner,Steamed,N/A,0,Synthetic_IFCT_schema,Synthetic_Variant
SYN01623,Pomegranate (roasted),Fruits,Scientific_70,,347,1.7,1.2,18.7,,10,0.3,10,West India,Veg,Main Course,Baked,200,0,Synthetic_IFCT_schema,Synthetic_Variant
SYN01624,Pomegranate (steamed),Fruits,,83.1,347,1.7,1.2,18.7,4.0,10,0.3,,West India,Veg,lunch,,,0,Synthetic_IFCT_schema,Synthetic_Variant
SYN01625,Pomegranate (boiled),Fruits,,77.1,347,1.7,1.2,18.7,4.0,10,0.3,10,West India,Vegetarian,Lunch,Roasted,200,0,Synthetic_IFCT_schema,Synthetic_Variant
SYN01626,Pomegranate (steamed),Fruits,Scientific_71,86.2,347,1.7,1.2,18.7,4.0,10,0.3,10,West India,Vegetarian,Breakfast,Fried,100,0,Synthetic_IFCT_schema,Synthetic_Variant
SYN01627,Bitter gourd (Karela) (raw),Vegetables,Scientific_27,17.2,,1.0,0.2,3.4,2.8,20,0.6,84,Pan India,Vegetarian,snack,,,0,Synthetic_IFCT_schema,Synthetic_Variant
SYN01628,Brinjal (Eggplant) (fried),Vegetables,,24.1,105,1.4,0.3,5.5,3.4,18,0.3,2,Pan India,Vegetarian,lunch,Steamed,100,0,Synthetic_IFCT_schema,Synthetic_Variant
SYN01629,Pomegranate (raw),Fruits,Scientific_53,85.4,347,1.7,1.2,18.7,4.0,10,0.3,10,West India,Vegetarian,Snack,Baked,100,0,Synthetic_IFCT_schema,Synthetic_Variant
SYN01630,Watermelon (steamed),Fruits,,32.3,125,0.6,0.2,7.6,0.4,7,,8,Pan India,Vegetarian,Breakfast,,200,0,Synthetic_IFCT_schema,Synthetic_Variant
SYN01631,Pomegranate (boiled),Fruits,Scientific_62,81.8,347,1.7,1.2,18.7,4.0,10,0.3,10,West India,non-vegetarian,snack,Fried,,0,Synthetic_IFCT_schema,Synthetic_Variant
SYN01632,Methi thepla (fried),Composite Dishes,,284.2,1193,7.5,12.0,38.0,3.0,,,,West India,Vegetarian,Beverage,Boiled,100,1,Synthetic_IFCT_schema,Synthetic_Variant
SYN01633,Pomegranate (steamed),Fruits,Scientific_65,87.6,347,1.7,1.2,18.7,4.0,10,0.3,10,West India,Vegetarian,Main Course,Baked,N/A,0,Synthetic_IFCT_schema,Synthetic_Variant
SYN01634,Pomegranate (roasted),Fruits,,77.5,347,1.7,1.2,18.7,4.0,10,0.3,10,West India,Vegetarian,Snack,Boiled,N/A,0,Synthetic_IFCT_schema,Synthetic_Variant
SYN01635,"Toor dal, raw (steamed)",Pulses and Legumes,,321.3,,22.3,1.7,57.6,4.2,73,5.6,0,Pan India,Vegetarian,Dessert,Baked,100,0,Synthetic_IFCT_schema,Synthetic_Variant
SYN01636,Pomegranate (boiled),Fruits,,78.9,347,1.7,1.2,18.7,4.0,10,0.3,10,West India,Vegetarian,Main Course,,N/A,0,Synthetic_IFCT_schema,Synthetic_Variant
SYN01637,Bajra (Pearl millet) (raw),Cereals and Millets,,341.7,1519,11.6,5.0,67.5,1.2,42,8.0,0,West India,Vegetarian,Main Course,Cooked,150,0,Synthetic_IFCT_schema,Synthetic_Variant
SYN01638,Dhokla (raw),Composite Dishes,,70.7,318,3.5,1.5,12.0,0.8,,,,West India,Vegetarian,Breakfast,N/A,100,1,Synthetic_IFCT_schema,Synthetic_Variant
SYN01639,Ragi (Finger millet) (fried),Cereals and Millets,Scientific_6,327.7,1373,7.3,1.5,66.8,3.6,344,3.9,0,South India,Vegetarian,Main Course,Boiled,N/A,0,Synthetic_IFCT_schema,Synthetic_Variant
SYN01640,Khandvi (raw),Composite Dishes,,128.7,544,4.5,4.8,18.0,1.2,,,,West India,Vegetarian,breakfast,Roasted,100,1,Synthetic_IFCT_schema,Synthetic_Variant
SYN01641,Pomegranate (boiled),Fruits,,84.4,347,1.7,1.2,18.7,4.0,,0.3,10,West India,Vegetarian,breakfast,,,0,Synthetic_IFCT_schema,Synthetic_Variant
SYN01642,Pomegranate (boiled),Fruits,Scientific_69,84.3,347,1.7,1.2,18.7,4.0,10,0.3,,West India,Vegetarian,Dinner,Fried,150,0,Synthetic_IFCT_schema,Synthetic_Variant
SYN01643,"Moong dal, raw (roasted)",Pulses and Legumes,,337.2,,24.0,1.3,59.9,4.1,75,6.7,7,Pan India,Vegetarian,,,,0,Synthetic_IFCT_schema,Synthetic_Variant
SYN01644,Pomegranate (steamed),Fruits,Scientific_79,76.8,347,1.7,1.2,18.7,,,0.3,,West India,Vegetarian,lunch,Fried,200,0,Synthetic_IFCT_schema,Synthetic_Variant
SYN01645,Pomegranate (roasted),Fruits,Scientific_69,78.4,347,1.7,1.2,18.7,4.0,10,0.3,,West India,Vegetarian,Dinner,Fried,150,0,Synthetic_IFCT_schema,Synthetic_Variant
SYN01646,"Wheat flour, whole (raw)",Cereals and Millets,Scientific_2,316.0,1427,11.8,1.5,69.4,1.9,41,4.9,0,North India,Vegetarian,Beverage,Cooked,150,0,Synthetic_IFCT_schema,Synthetic_Variant
SYN01647,Pomegranate (raw),Fruits,,83.7,347,1.7,1.2,18.7,,10,0.3,10,Pan India,Vegetarian,Main Course,Fried,150,0,Synthetic_IFCT_schema,Synthetic_Variant
SYN01648,Semolina (Rava) (roasted),Cereals and Millets,,,1506,10.0,1.0,74.0,,16,4.7,0,Pan India,Veg,breakfast,Steamed,,0,Synthetic_IFCT_schema,Synthetic_Variant
SYN01649,Sabudana (Tapioca pearls) (raw),Cereals and Millets,,340.2,1469,0.2,0.2,88.7,0.9,,,,West India,Vegetarian,Dinner,Steamed,100,0,Synthetic_IFCT_schema,Synthetic_Variant
SYN01650,Okra (Bhindi) (raw),Vegetables,Scientific_26,35.4,138,2.1,0.2,7.0,2.5,82,0.8,21,Pan India,non-vegetarian,,Fried,150,0,Synthetic_IFCT_schema,Synthetic_Variant
SYN01651,Oats (raw),Cereals and Millets,,419.6,1628,16.9,6.9,66.3,,54,4.7,0,North India,Vegetarian,Breakfast,Cooked,100,0,Synthetic_IFCT_schema,Synthetic_Variant
SYN01652,"Soya chunks, raw (steamed)",Pulses and Legumes,,363.5,1444,52.0,0.5,33.0,13.0,,,,Pan India,Vegetarian,snack,Baked,100,0,Synthetic_IFCT_schema,Synthetic_Variant
SYN01653,"Rice, raw, milled (boiled)",Cereals and Millets,,,1448,6.8,0.5,78.2,0.2,10,0.7,,Pan India,Vegetarian,Breakfast,Baked,,0,Synthetic_IFCT_schema,Synthetic_Variant
SYN01654,Pomegranate (fried),Fruits,,83.9,347,1.7,1.2,18.7,4.0,10,0.3,10,West India,Vegetarian,Main Course,Fried,,0,Synthetic_IFCT_schema,Synthetic_Variant
SYN01655,Pomegranate (boiled),Fruits,,89.3,,1.7,1.2,18.7,4.0,10,0.3,10,West India,Vegetarian,Dessert,Baked,150,0,Synthetic_IFCT_schema,Synthetic_Variant
SYN01656,Semolina (Rava) (roasted),Cereals and Millets,,,1506,10.0,1.0,74.0,,16,4.7,0,Pan India,Veg,breakfast,Steamed,,0,Synthetic_IFCT_schema,Synthetic_Variant
SYN01657,"Moong dal, raw (fried)",Pulses and Legumes,,310.6,,24.0,1.3,59.9,4.1,75,6.7,7,Pan India,Vegetarian,,,,0,Synthetic_IFCT_schema,Synthetic_Variant
SYN01658,Pomegranate (raw),Fruits,Scientific_67,83.7,347,1.7,1.2,18.7,4.0,10,0.3,10,West India,Non-Vegetarian,lunch,Roasted,200,0,Synthetic_IFCT_schema,Synthetic_Variant
SYN01659,Pomegranate (roasted),Fruits,,86.6,347,1.7,1.2,18.7,4.0,10,0.3,10,West India,Vegetarian,Dessert,N/A,100,0,Synthetic_IFCT_schema,Synthetic_Variant
SYN01660,Cowpea (Black-eyed pea) (raw),Pulses and Legumes,,322.2,1351,23.4,1.8,54.5,,227,8.6,1,South India,Vegetarian,Lunch,Roasted,200,0,Synthetic_IFCT_schema,Synthetic_Variant
SYN01661,Pomegranate (fried),Fruits,Scientific_47,83.6,,1.7,1.2,18.7,4.0,10,0.3,10,West India,Non-Veg,snack,Grilled,200,0,Synthetic_IFCT_schema,Synthetic_Variant
SYN01662,Okra (Bhindi) (steamed),Vegetables,Scientific_26,33.2,138,2.1,0.2,7.0,2.5,82,0.8,21,Pan India,non-vegetarian,,Fried,150,0,Synthetic_IFCT_schema,Synthetic_Variant
SYN01663,"Rice, cooked (raw)",Cereals and Millets,,132.6,544,2.7,0.3,28.2,,3,0.2,0,Pan India,non-vegetarian,Snack,Baked,100,0,Synthetic_IFCT_schema,Synthetic_Variant
SYN01664,Pomegranate (raw),Fruits,,78.3,347,1.7,1.2,18.7,4.0,10,0.3,10,West India,Vegetarian,Snack,Grilled,150,0,Synthetic_IFCT_schema,Synthetic_Variant
SYN01665,Pomegranate (raw),Fruits,Scientific_40,82.2,347,1.7,1.2,18.7,4.0,10,0.3,10,West India,Vegetarian,Any,Cooked,N/A,0,Synthetic_IFCT_schema,Synthetic_Variant
SYN01666,Pomegranate (raw),Fruits,,84.2,347,1.7,1.2,18.7,4.0,10,0.3,10,West India,Vegetarian,Beverage,Steamed,,0,Synthetic_IFCT_schema,Synthetic_Variant
SYN01667,Pomegranate (raw),Fruits,Scientific_47,88.9,,1.7,1.2,18.7,4.0,10,0.3,10,West India,Non-Veg,snack,Grilled,200,0,Synthetic_IFCT_schema,Synthetic_Variant
SYN01668,Appam (roasted),Composite Dishes,,121.4,502,2.5,2.8,22.0,0.5,,,,South India,Vegetarian,Beverage,N/A,100,1,Synthetic_IFCT_schema,Synthetic_Variant
SYN01669,"Wheat flour, whole (fried)",Cereals and Millets,Scientific_2,343.7,1427,11.8,1.5,69.4,1.9,41,4.9,0,North India,Vegetarian,Beverage,Cooked,150,0,Synthetic_IFCT_schema,Synthetic_Variant
SYN01670,"Mango, ripe (Alphonso) (roasted)",Fruits,Scientific_31,71.9,293,0.6,0.4,17.0,1.6,10,0.3,36,West India,Vegetarian,Lunch,N/A,N/A,0,Synthetic_IFCT_schema,Synthetic_Variant
SYN01671,Pomegranate (roasted),Fruits,,86.5,347,1.7,1.2,18.7,4.0,10,0.3,10,West India,Vegetarian,Lunch,Steamed,100,0,Synthetic_IFCT_schema,Synthetic_Variant
SYN01672,"Chana dal, raw (boiled)",Pulses and Legumes,Scientific_12,344.0,1556,20.8,5.6,59.8,,56,4.9,1,North India,Vegetarian,breakfast,Cooked,100,0,Synthetic_IFCT_schema,Synthetic_Variant
SYN01673,Bottle gourd (Lauki) (steamed),Vegetables,,13.4,59,0.6,0.1,3.4,0.5,26,0.5,10,Pan India,Vegetarian,Beverage,Fried,150,0,Synthetic_IFCT_schema,Synthetic_Variant
SYN01674,Brinjal (Eggplant) (roasted),Vegetables,,23.7,105,1.4,0.3,5.5,3.4,18,0.3,2,Pan India,Vegetarian,lunch,Steamed,100,0,Synthetic_IFCT_schema,Synthetic_Variant
SYN01675,"Toor dal, raw (roasted)",Pulses and Legumes,,316.9,,22.3,1.7,57.6,4.2,73,5.6,0,Pan India,Vegetarian,Dessert,Baked,100,0,Synthetic_IFCT_schema,Synthetic_Variant
SYN01676,Pomegranate (steamed),Fruits,,84.1,347,1.7,1.2,18.7,4.0,10,0.3,10,West India,Vegetarian,Main Course,Fried,,0,Synthetic_IFCT_schema,Synthetic_Variant
SYN01677,Shrikhand (steamed),Milk and Milk Products,,232.9,921,7.0,7.0,33.0,,,,,West India,Vegetarian,Dinner,Cooked,100,0,Synthetic_IFCT_schema,Synthetic_Variant
SYN01678,Pomegranate (raw),Fruits,,81.3,347,1.7,1.2,18.7,4.0,10,0.3,10,West India,Vegetarian,Breakfast,N/A,,0,Synthetic_IFCT_schema,Synthetic_Variant
SYN01679,Okra (Bhindi) (boiled),Vegetables,Scientific_26,33.6,138,2.1,0.2,7.0,2.5,82,0.8,21,Pan India,non-vegetarian,,Fried,150,0,Synthetic_IFCT_schema,Synthetic_Variant
SYN01680,Pomegranate (fried),Fruits,Scientific_63,78.7,347,1.7,1.2,18.7,4.0,10,0.3,10,West India,Vegetarian,Any,Baked,N/A,0,Synthetic_IFCT_schema,Synthetic_Variant
SYN01681,"Rice, raw, milled (fried)",Cereals and Millets,,,1448,6.8,0.5,78.2,0.2,10,0.7,,Pan India,Vegetarian,Breakfast,Baked,,0,Synthetic_IFCT_schema,Synthetic_Variant
SYN01682,"Wheat flour, whole (steamed)",Cereals and Millets,Scientific_2,333.7,1427,11.8,1.5,69.4,1.9,41,4.9,0,North India,Vegetarian,Beverage,Cooked,150,0,Synthetic_IFCT_schema,Synthetic_Variant
SYN01683,"Tofu, firm (fried)",Pulses and Legumes,,74.9,318,8.0,4.8,1.9,0.3,,,,West India,Vegetarian,Lunch,N/A,100,0,Synthetic_IFCT_schema,Synthetic_Variant
SYN01684,"Cauliflower, raw (fried)",Vegetables,,24.7,105,1.9,0.4,4.9,2.5,22,0.4,,Western,Non-Veg,Breakfast,Steamed,200,0,Synthetic_IFCT_schema,Synthetic_Variant
SYN01685,Avial (roasted),Composite Dishes,,109.5,481,2.8,6.5,12.0,3.0,,,,South India,Vegetarian,lunch,,100,1,Synthetic_IFCT_schema,Synthetic_Variant
SYN01686,Pomegranate (raw),Fruits,Scientific_73,76.9,347,1.7,1.2,18.7,4.0,10,0.3,10,West India,Vegetarian,snack,Cooked,100,0,Synthetic_IFCT_schema,Synthetic_Variant
SYN01687,Pomegranate (boiled),Fruits,,,347,1.7,1.2,18.7,4.0,10,0.3,,West India,Vegetarian,breakfast,Fried,,0,Synthetic_IFCT_schema,Synthetic_Variant
SYN01688,Pomegranate (fried),Fruits,Scientific_80,,347,1.7,1.2,18.7,4.0,10,0.3,10,West India,Vegetarian,lunch,Cooked,200,0,Synthetic_IFCT_schema,Synthetic_Variant
SYN01689,"Chana dal, raw (boiled)",Pulses and Legumes,Scientific_12,359.6,1556,20.8,5.6,59.8,,56,4.9,1,North India,Vegetarian,breakfast,Cooked,100,0,Synthetic_IFCT_schema,Synthetic_Variant
SYN01690,Pomegranate (raw),Fruits,Scientific_70,,347,1.7,1.2,18.7,,10,0.3,10,West India,Veg,Main Course,Baked,200,0,Synthetic_IFCT_schema,Synthetic_Variant
SYN01691,Pomegranate (steamed),Fruits,Scientific_78,78.8,347,1.7,1.2,18.7,4.0,10,0.3,10,West India,Vegetarian,,,,0,Synthetic_IFCT_schema,Synthetic_Variant
SYN01692,Pomegranate (fried),Fruits,,78.5,347,1.7,1.2,18.7,4.0,10,0.3,10,West India,Vegetarian,Snack,Grilled,150,0,Synthetic_IFCT_schema,Synthetic_Variant
SYN01693,Pomegranate (fried),Fruits,Scientific_65,83.0,347,1.7,1.2,18.7,4.0,10,0.3,10,West India,Vegetarian,Main Course,Baked,N/A,0,Synthetic_IFCT_schema,Synthetic_Variant
SYN01694,Pomegranate (boiled),Fruits,,88.4,347,1.7,1.2,18.7,,10,0.3,10,West India,Vegetarian,Dinner,Baked,100,0,Synthetic_IFCT_schema,Synthetic_Variant
SYN01695,"Spinach (Palak), raw (steamed)",Vegetables,Scientific_23,,96,2.0,0.3,3.5,,99,1.8,28,Pan India,Vegetarian,breakfast,Fried,200,0,Synthetic_IFCT_schema,Synthetic_Variant
SYN01696,Guava (steamed),Fruits,,67.4,285,2.6,1.0,14.3,5.4,18,,228,Maharashtra,Vegetarian,Snack,Baked,N/A,0,Synthetic_IFCT_schema,Synthetic_Variant
SYN01697,Pomegranate (boiled),Fruits,Scientific_73,86.1,347,1.7,1.2,18.7,4.0,10,0.3,10,West India,Vegetarian,snack,Cooked,100,0,Synthetic_IFCT_schema,Synthetic_Variant
SYN01698,Bottle gourd (Lauki) (fried),Vegetables,,14.8,59,0.6,0.1,3.4,0.5,26,0.5,10,Pan India,Vegetarian,Beverage,Fried,150,0,Synthetic_IFCT_schema,Synthetic_Variant
SYN01699,Guava (fried),Fruits,,71.4,285,2.6,1.0,14.3,5.4,18,,228,Maharashtra,Vegetarian,Snack,Baked,N/A,0,Synthetic_IFCT_schema,Synthetic_Variant
SYN01700,Shrikhand (raw),Milk and Milk Products,,231.6,921,7.0,7.0,33.0,,,,,West India,Vegetarian,Dinner,Cooked,100,0,Synthetic_IFCT_schema,Synthetic_Variant
SYN01701,"Momos, veg (steamed) (steamed)",Composite Dishes,,186.2,753,5.5,5.5,28.0,2.0,,,,East India,Vegetarian,lunch,Steamed,100,1,Synthetic_IFCT_schema,Synthetic_Variant
SYN01702,"Coconut, fresh (steamed)",Nuts and Oilseeds,Scientific_30,373.4,1482,3.3,33.5,15.2,9.0,14,1.9,3,South India,Vegetarian,Lunch,,200,0,Synthetic_IFCT_schema,Synthetic_Variant
SYN01703,Pomegranate (raw),Fruits,Scientific_62,87.1,347,1.7,1.2,18.7,4.0,10,0.3,10,West India,non-vegetarian,snack,Fried,,0,Synthetic_IFCT_schema,Synthetic_Variant
SYN01704,Pomegranate (roasted),Fruits,,85.3,347,1.7,1.2,18.7,4.0,10,0.3,10,West India,Vegetarian,Lunch,Roasted,200,0,Synthetic_IFCT_schema,Synthetic_Variant
SYN01705,Pomegranate (boiled),Fruits,Scientific_40,79.4,347,1.7,1.2,18.7,4.0,10,0.3,10,West India,Vegetarian,Any,Cooked,N/A,0,Synthetic_IFCT_schema,Synthetic_Variant
SYN01706,Pomegranate (fried),Fruits,Scientific_69,82.0,347,1.7,1.2,18.7,4.0,10,0.3,,West India,Vegetarian,Dinner,Fried,150,0,Synthetic_IFCT_schema,Synthetic_Variant
SYN01707,Pomegranate (boiled),Fruits,Scientific_69,86.5,347,1.7,1.2,18.7,4.0,10,0.3,,West India,Vegetarian,Dinner,Fried,150,0,Synthetic_IFCT_schema,Synthetic_Variant
SYN01708,Pomegranate (roasted),Fruits,,81.4,347,1.7,1.2,18.7,4.0,10,0.3,10,West India,non-vegetarian,,Roasted,100,0,Synthetic_IFCT_schema,Synthetic_Variant
SYN01709,Pomegranate (boiled),Fruits,,86.9,347,1.7,1.2,18.7,4.0,10,0.3,10,West India,Vegetarian,Lunch,Roasted,200,0,Synthetic_IFCT_schema,Synthetic_Variant
SYN01710,Maize flour (raw),Cereals and Millets,Scientific_7,338.5,1485,8.7,3.6,70.0,2.7,9,2.3,,Pan India,Vegetarian,Main Course,N/A,N/A,0,Synthetic_IFCT_schema,Synthetic_Variant
SYN01711,Methi thepla (fried),Composite Dishes,,281.9,1193,7.5,12.0,38.0,3.0,,,,West India,Vegetarian,Beverage,Boiled,100,1,Synthetic_IFCT_schema,Synthetic_Variant
SYN01712,Bamboo shoots (roasted),Vegetables,,27.9,113,2.6,0.3,5.2,2.2,,,,East India,Vegetarian,Dinner,Boiled,100,0,Synthetic_IFCT_schema,Synthetic_Variant
SYN01713,Pomegranate (roasted),Fruits,Scientific_65,82.6,347,1.7,1.2,18.7,4.0,10,0.3,10,West India,Vegetarian,Main Course,Baked,N/A,0,Synthetic_IFCT_schema,Synthetic_Variant
SYN01714,Pomegranate (boiled),Fruits,Scientific_47,81.4,,1.7,1.2,18.7,4.0,10,0.3,10,West India,Non-Veg,snack,Grilled,200,0,Synthetic_IFCT_schema,Synthetic_Variant
SYN01715,Appam (steamed),Composite Dishes,,120.2,502,2.5,2.8,22.0,0.5,,,,South India,Vegetarian,Beverage,N/A,100,1,Synthetic_IFCT_schema,Synthetic_Variant
SYN01716,Pomegranate (steamed),Fruits,Scientific_47,87.7,,1.7,1.2,18.7,4.0,10,0.3,10,West India,Non-Veg,snack,Grilled,200,0,Synthetic_IFCT_schema,Synthetic_Variant
SYN01717,Pomegranate (roasted),Fruits,Scientific_53,79.6,347,1.7,1.2,18.7,4.0,10,0.3,10,West India,Vegetarian,Snack,Baked,100,0,Synthetic_IFCT_schema,Synthetic_Variant
SYN01718,"Cauliflower, raw (boiled)",Vegetables,,26.4,105,1.9,0.4,4.9,2.5,22,0.4,,Western,Non-Veg,Breakfast,Steamed,200,0,Synthetic_IFCT_schema,Synthetic_Variant
SYN01719,"Toor dal, raw (steamed)",Pulses and Legumes,,344.8,,22.3,1.7,57.6,4.2,73,5.6,0,Pan India,Vegetarian,Dessert,Baked,100,0,Synthetic_IFCT_schema,Synthetic_Variant
SYN01720,"Momos, veg (steamed) (fried)",Composite Dishes,,179.8,753,5.5,5.5,28.0,2.0,,,,East India,Vegetarian,lunch,Steamed,100,1,Synthetic_IFCT_schema,Synthetic_Variant
SYN01721,Banana (Cavendish) (boiled),Fruits,Scientific_32,95.2,372,1.1,0.3,23.0,2.6,5,0.3,8,South India,Vegetarian,Dinner,,100,0,Synthetic_IFCT_schema,Synthetic_Variant
SYN01722,Pomegranate (raw),Fruits,,88.6,347,1.7,1.2,18.7,4.0,10,0.3,10,West India,Vegetarian,Breakfast,N/A,,0,Synthetic_IFCT_schema,Synthetic_Variant
SYN01723,Pomegranate (fried),Fruits,Scientific_53,77.1,347,1.7,1.2,18.7,4.0,10,0.3,10,West India,Vegetarian,Snack,Baked,100,0,Synthetic_IFCT_schema,Synthetic_Variant
SYN01724,Bottle gourd (Lauki) (fried),Vegetables,,13.2,59,0.6,0.1,3.4,0.5,26,0.5,10,Pan India,Vegetarian,Beverage,Fried,150,0,Synthetic_IFCT_schema,Synthetic_Variant
SYN01725,Pomegranate (roasted),Fruits,,,347,1.7,1.2,18.7,4.0,,0.3,10,West India,Vegetarian,Main Course,Steamed,200,0,Synthetic_IFCT_schema,Synthetic_Variant
SYN01726,Appam (steamed),Composite Dishes,,122.1,502,2.5,2.8,22.0,0.5,,,,South India,Vegetarian,Beverage,N/A,100,1,Synthetic_IFCT_schema,Synthetic_Variant
SYN01727,Pomegranate (raw),Fruits,,,347,1.7,1.2,18.7,4.0,10,0.3,,West India,Vegetarian,breakfast,Fried,,0,Synthetic_IFCT_schema,Synthetic_Variant
SYN01728,Pomegranate (steamed),Fruits,,81.3,347,1.7,1.2,18.7,4.0,10,0.3,10,West India,non-vegetarian,,Roasted,100,0,Synthetic_IFCT_schema,Synthetic_Variant
SYN01729,Pomegranate (steamed),Fruits,Scientific_40,79.4,347,1.7,1.2,18.7,4.0,10,0.3,10,West India,Vegetarian,Any,Cooked,N/A,0,Synthetic_IFCT_schema,Synthetic_Variant
SYN01730,Pomegranate (steamed),Fruits,Scientific_50,76.9,347,1.7,1.2,18.7,4.0,10,0.3,,North India,Veg,Beverage,Steamed,100,0,Synthetic_IFCT_schema,Synthetic_Variant
SYN01731,Sabudana (Tapioca pearls) (fried),Cereals and Millets,,367.8,1469,0.2,0.2,88.7,0.9,,,,West India,Vegetarian,Dinner,Steamed,100,0,Synthetic_IFCT_schema,Synthetic_Variant
SYN01732,Dhokla (boiled),Composite Dishes,,77.9,318,3.5,1.5,12.0,0.8,,,,West India,Vegetarian,Breakfast,N/A,100,1,Synthetic_IFCT_schema,Synthetic_Variant
SYN01733,"Soybean, raw (fried)",Pulses and Legumes,,421.7,1808,36.5,19.9,30.2,9.3,240,,,West India,Vegetarian,Any,Boiled,150,0,Synthetic_IFCT_schema,Synthetic_Variant
SYN01734,Cowpea (Black-eyed pea) (roasted),Pulses and Legumes,,342.1,1351,23.4,1.8,54.5,,227,8.6,1,South India,Vegetarian,Lunch,Roasted,200,0,Synthetic_IFCT_schema,Synthetic_Variant
SYN01735,"Jackfruit, raw (raw)",Fruits,,91.2,398,1.7,0.6,23.2,1.5,,,,South India,Vegetarian,Any,Baked,100,0,Synthetic_IFCT_schema,Synthetic_Variant
SYN01736,"Rice, cooked (raw)",Cereals and Millets,,126.2,544,2.7,0.3,28.2,,3,0.2,0,Pan India,non-vegetarian,Snack,Baked,100,0,Synthetic_IFCT_schema,Synthetic_Variant
SYN01737,Cowpea (Black-eyed pea) (steamed),Pulses and Legumes,,300.7,1351,23.4,1.8,54.5,,227,8.6,1,South India,Vegetarian,Lunch,Roasted,200,0,Synthetic_IFCT_schema,Synthetic_Variant
SYN01738,Pomegranate (fried),Fruits,,81.7,347,1.7,1.2,18.7,4.0,10,0.3,10,West India,Vegetarian,Dessert,Steamed,150,0,Synthetic_IFCT_schema,Synthetic_Variant
SYN01739,Pomegranate (roasted),Fruits,Scientific_65,77.6,347,1.7,1.2,18.7,4.0,10,0.3,10,West India,Vegetarian,Main Course,Baked,N/A,0,Synthetic_IFCT_schema,Synthetic_Variant
SYN01740,Pomegranate (raw),Fruits,,89.2,347,1.7,1.2,18.7,4.0,10,0.3,10,Unknown,Vegetarian,Beverage,Steamed,N/A,0,Synthetic_IFCT_schema,Synthetic_Variant
SYN01741,Kabuli chana (fried),Pulses and Legumes,,378.0,,20.1,5.3,60.9,7.6,202,4.9,3,North India,Vegetarian,Breakfast,Grilled,N/A,0,Synthetic_IFCT_schema,Synthetic_Variant
SYN01742,Pomegranate (boiled),Fruits,,81.5,,1.7,1.2,18.7,4.0,10,0.3,10,West India,Vegetarian,Dessert,Baked,150,0,Synthetic_IFCT_schema,Synthetic_Variant
SYN01743,Pomegranate (roasted),Fruits,Scientific_66,86.0,347,1.7,1.2,18.7,4.0,10,0.3,10,West India,Vegetarian,Dessert,Raw,200,0,Synthetic_IFCT_schema,Synthetic_Variant
SYN01744,"Soya chunks, raw (fried)",Pulses and Legumes,,343.2,1444,52.0,0.5,33.0,13.0,,,,Pan India,Vegetarian,snack,Baked,100,0,Synthetic_IFCT_schema,Synthetic_Variant
SYN01745,Pomegranate (roasted),Fruits,Scientific_61,77.4,347,1.7,1.2,18.7,4.0,10,0.3,,West India,Vegetarian,Dessert,,100,0,Synthetic_IFCT_schema,Synthetic_Variant
SYN01746,"Jackfruit, raw (boiled)",Fruits,,101.2,398,1.7,0.6,23.2,1.5,,,,South India,Vegetarian,Any,Baked,100,0,Synthetic_IFCT_schema,Synthetic_Variant
SYN01747,Maize flour (roasted),Cereals and Millets,Scientific_7,352.7,1485,8.7,3.6,70.0,2.7,9,2.3,,Pan India,Vegetarian,Main Course,N/A,N/A,0,Synthetic_IFCT_schema,Synthetic_Variant
SYN01748,"Jackfruit, raw (raw)",Fruits,,93.2,398,1.7,0.6,23.2,1.5,,,,South India,Vegetarian,Any,Baked,100,0,Synthetic_IFCT_schema,Synthetic_Variant
SYN01749,Sattu (roasted gram flour) (fried),Cereals and Millets,,412.7,1700,22.5,7.0,64.0,1.8,,,,East India,Vegetarian,snack,Grilled,100,0,Synthetic_IFCT_schema,Synthetic_Variant
SYN01750,Pomegranate (fried),Fruits,,,347,1.7,1.2,18.7,4.0,,0.3,10,West India,Vegetarian,Main Course,Steamed,200,0,Synthetic_IFCT_schema,Synthetic_Variant
SYN01751,Pomegranate (steamed),Fruits,Scientific_61,86.3,347,1.7,1.2,18.7,4.0,10,0.3,,West India,Vegetarian,Dessert,,100,0,Synthetic_IFCT_schema,Synthetic_Variant
SYN01752,Pomegranate (raw),Fruits,Scientific_70,,347,1.7,1.2,18.7,,10,0.3,10,West India,Veg,Main Course,Baked,200,0,Synthetic_IFCT_schema,Synthetic_Variant
SYN01753,Pomegranate (roasted),Fruits,,81.9,347,1.7,1.2,18.7,4.0,10,0.3,10,West India,Vegetarian,,Raw,N/A,0,Synthetic_IFCT_schema,Synthetic_Variant
SYN01754,Ragi (Finger millet) (fried),Cereals and Millets,Scientific_6,311.9,1373,7.3,1.5,66.8,3.6,344,3.9,0,South India,Vegetarian,Main Course,Boiled,N/A,0,Synthetic_IFCT_schema,Synthetic_Variant
SYN01755,Pomegranate (raw),Fruits,,85.6,347,1.7,1.2,18.7,4.0,10,0.3,10,West India,Vegetarian,Dessert,N/A,100,0,Synthetic_IFCT_schema,Synthetic_Variant
SYN01756,"Spinach (Palak), raw (boiled)",Vegetables,Scientific_23,,96,2.0,0.3,3.5,,99,1.8,28,Pan India,Vegetarian,breakfast,Fried,200,0,Synthetic_IFCT_schema,Synthetic_Variant
SYN01757,Pomegranate (steamed),Fruits,,83.1,,1.7,1.2,18.7,4.0,10,0.3,10,West India,Vegetarian,Dessert,Baked,150,0,Synthetic_IFCT_schema,Synthetic_Variant
SYN01758,Cowpea (Black-eyed pea) (steamed),Pulses and Legumes,,304.3,1351,23.4,1.8,54.5,,227,8.6,1,South India,Vegetarian,Lunch,Roasted,200,0,Synthetic_IFCT_schema,Synthetic_Variant
SYN01759,Pomegranate (roasted),Fruits,,79.5,347,1.7,1.2,18.7,4.0,10,0.3,10,West India,Vegetarian,Main Course,Fried,,0,Synthetic_IFCT_schema,Synthetic_Variant
SYN01760,Puttu (steamed),Composite Dishes,,185.2,733,3.5,1.2,38.0,1.5,,,,South India,Vegetarian,Main Course,,100,1,Synthetic_IFCT_schema,Synthetic_Variant
SYN01761,Pomegranate (roasted),Fruits,,79.2,347,1.7,1.2,18.7,4.0,,0.3,10,West India,Vegetarian,Main Course,Grilled,,0,Synthetic_IFCT_schema,Synthetic_Variant
SYN01762,"Cauliflower, raw (boiled)",Vegetables,,23.8,105,1.9,0.4,4.9,2.5,22,0.4,,Western,Non-Veg,Breakfast,Steamed,200,0,Synthetic_IFCT_schema,Synthetic_Variant
SYN01763,Pomegranate (steamed),Fruits,,89.2,,1.7,1.2,18.7,4.0,10,0.3,10,West India,Vegetarian,Dessert,Baked,150,0,Synthetic_IFCT_schema,Synthetic_Variant
SYN01764,Avial (raw),Composite Dishes,,119.9,481,2.8,6.5,12.0,3.0,,,,South India,Vegetarian,lunch,,100,1,Synthetic_IFCT_schema,Synthetic_Variant
SYN01765,Appam (raw),Composite Dishes,,112.1,502,2.5,2.8,22.0,0.5,,,,South India,Vegetarian,Beverage,N/A,100,1,Synthetic_IFCT_schema,Synthetic_Variant
SYN01766,Pomegranate (fried),Fruits,Scientific_63,81.0,347,1.7,1.2,18.7,4.0,10,0.3,10,West India,Vegetarian,Any,Baked,N/A,0,Synthetic_IFCT_schema,Synthetic_Variant
SYN01767,Pomegranate (fried),Fruits,,76.9,347,1.7,1.2,18.7,4.0,10,0.3,10,West India,Vegetarian,Dessert,N/A,100,0,Synthetic_IFCT_schema,Synthetic_Variant
SYN01768,Pomegranate (raw),Fruits,Scientific_61,81.1,347,1.7,1.2,18.7,4.0,10,0.3,,West India,Vegetarian,Dessert,,100,0,Synthetic_IFCT_schema,Synthetic_Variant
SYN01769,Pomegranate (roasted),Fruits,,83.2,347,1.7,1.2,18.7,4.0,10,0.3,10,West India,Vegetarian,Breakfast,N/A,,0,Synthetic_IFCT_schema,Synthetic_Variant
SYN01770,Pomegranate (fried),Fruits,Scientific_69,86.7,347,1.7,1.2,18.7,4.0,10,0.3,,West India,Vegetarian,Dinner,Fried,150,0,Synthetic_IFCT_schema,Synthetic_Variant
SYN01771,"Soybean, raw (fried)",Pulses and Legumes,,426.1,1808,36.5,19.9,30.2,9.3,240,,,West India,Vegetarian,Any,Boiled,150,0,Synthetic_IFCT_schema,Synthetic_Variant
SYN01772,Puttu (boiled),Composite Dishes,,187.5,733,3.5,1.2,38.0,1.5,,,,South India,Vegetarian,Main Course,,100,1,Synthetic_IFCT_schema,Synthetic_Variant
SYN01773,Banana (Cavendish) (steamed),Fruits,Scientific_32,89.5,372,1.1,0.3,23.0,2.6,5,0.3,8,South India,Vegetarian,Dinner,,100,0,Synthetic_IFCT_schema,Synthetic_Variant
SYN01774,Pomegranate (steamed),Fruits,Scientific_59,84.7,347,1.7,1.2,18.7,4.0,10,0.3,10,West India,Vegetarian,Dessert,Steamed,150,0,Synthetic_IFCT_schema,Synthetic_Variant
SYN01775,Pomegranate (boiled),Fruits,,82.9,347,1.7,1.2,18.7,4.0,10,0.3,10,West India,Vegetarian,Main Course,,N/A,0,Synthetic_IFCT_schema,Synthetic_Variant
SYN01776,Pomegranate (fried),Fruits,Scientific_62,76.7,347,1.7,1.2,18.7,4.0,10,0.3,10,West India,non-vegetarian,snack,Fried,,0,Synthetic_IFCT_schema,Synthetic_Variant
SYN01777,Pomegranate (fried),Fruits,,80.2,347,1.7,1.2,18.7,4.0,10,0.3,10,West India,Vegetarian,Dessert,Steamed,150,0,Synthetic_IFCT_schema,Synthetic_Variant
SYN01778,Khandvi (raw),Composite Dishes,,123.6,544,4.5,4.8,18.0,1.2,,,,West India,Vegetarian,breakfast,Roasted,100,1,Synthetic_IFCT_schema,Synthetic_Variant
SYN01779,Pomegranate (raw),Fruits,,87.0,347,1.7,1.2,18.7,4.0,10,0.3,10,West India,Vegetarian,Snack,Grilled,150,0,Synthetic_IFCT_schema,Synthetic_Variant
SYN01780,Methi thepla (boiled),Composite Dishes,,273.3,1193,7.5,12.0,38.0,3.0,,,,West India,Vegetarian,Beverage,Boiled,100,1,Synthetic_IFCT_schema,Synthetic_Variant
SYN01781,Pomegranate (steamed),Fruits,Scientific_61,81.2,347,1.7,1.2,18.7,4.0,10,0.3,,West India,Vegetarian,Dessert,,100,0,Synthetic_IFCT_schema,Synthetic_Variant
SYN01782,Pomegranate (boiled),Fruits,,89.0,347,1.7,1.2,18.7,4.0,10,0.3,10,West India,Vegetarian,Dessert,N/A,100,0,Synthetic_IFCT_schema,Synthetic_Variant
SYN01783,Maize flour (roasted),Cereals and Millets,Scientific_7,380.1,1485,8.7,3.6,70.0,2.7,9,2.3,,Pan India,Vegetarian,Main Course,N/A,N/A,0,Synthetic_IFCT_schema,Synthetic_Variant
SYN01784,"Potato, raw (fried)",Vegetables,Scientific_20,71.5,322,1.9,0.1,17.8,1.8,11,0.7,13,Pan India,Vegetarian,lunch,Cooked,150,0,Synthetic_IFCT_schema,Synthetic_Variant
SYN01785,Pomegranate (fried),Fruits,,87.7,347,1.7,1.2,18.7,4.0,10,,10,West India,Vegetarian,Snack,N/A,150,0,Synthetic_IFCT_schema,Synthetic_Variant
SYN01786,Pomegranate (boiled),Fruits,Scientific_78,87.3,347,1.7,1.2,18.7,4.0,10,0.3,10,West India,Vegetarian,,,,0,Synthetic_IFCT_schema,Synthetic_Variant
SYN01787,"Rice, cooked (raw)",Cereals and Millets,,138.2,544,2.7,0.3,28.2,,3,0.2,0,Pan India,non-vegetarian,Snack,Baked,100,0,Synthetic_IFCT_schema,Synthetic_Variant
SYN01788,Pomegranate (raw),Fruits,Scientific_59,79.6,347,1.7,1.2,18.7,4.0,10,0.3,10,West India,Vegetarian,Dessert,Steamed,150,0,Synthetic_IFCT_schema,Synthetic_Variant
SYN01789,"Onion, raw (boiled)",Vegetables,,38.4,167,1.1,0.1,9.3,1.7,23,0.4,7,Pan India,Vegetarian,lunch,Cooked,200,0,Synthetic_IFCT_schema,Synthetic_Variant
SYN01790,Pomegranate (fried),Fruits,,76.7,347,1.7,1.2,18.7,4.0,10,0.3,10,West India,Vegetarian,Main Course,Fried,,0,Synthetic_IFCT_schema,Synthetic_Variant
SYN01791,Okra (Bhindi) (raw),Vegetables,Scientific_26,35.2,138,2.1,0.2,7.0,2.5,82,0.8,21,Pan India,non-vegetarian,,Fried,150,0,Synthetic_IFCT_schema,Synthetic_Variant
SYN01792,Watermelon (raw),Fruits,,31.2,125,0.6,0.2,7.6,0.4,7,,8,Pan India,Vegetarian,Breakfast,,200,0,Synthetic_IFCT_schema,Synthetic_Variant
SYN01793,Pomegranate (boiled),Fruits,,84.7,347,1.7,1.2,18.7,4.0,10,0.3,10,West India,Vegetarian,Dessert,N/A,100,0,Synthetic_IFCT_schema,Synthetic_Variant
SYN01794,"Soybean, raw (steamed)",Pulses and Legumes,,419.1,1808,36.5,19.9,30.2,9.3,240,,,West India,Vegetarian,Any,Boiled,150,0,Synthetic_IFCT_schema,Synthetic_Variant
SYN01795,Pomegranate (roasted),Fruits,,83.5,347,1.7,1.2,18.7,4.0,10,0.3,10,West India,Vegetarian,Dessert,N/A,100,0,Synthetic_IFCT_schema,Synthetic_Variant
SYN01796,Pomegranate (boiled),Fruits,,,347,1.7,1.2,18.7,4.0,,0.3,10,West India,Vegetarian,Main Course,Steamed,200,0,Synthetic_IFCT_schema,Synthetic_Variant
SYN01797,Pomegranate (fried),Fruits,,79.7,347,1.7,1.2,18.7,4.0,10,0.3,10,West India,Vegetarian,Main Course,Fried,,0,Synthetic_IFCT_schema,Synthetic_Variant
SYN01798,Pomegranate (roasted),Fruits,,79.3,347,1.7,1.2,18.7,4.0,10,0.3,10,West India,Vegetarian,,Raw,N/A,0,Synthetic_IFCT_schema,Synthetic_Variant
SYN01799,"Rice, raw, milled (steamed)",Cereals and Millets,,,1448,6.8,0.5,78.2,0.2,10,0.7,,Pan India,Vegetarian,Breakfast,Baked,,0,Synthetic_IFCT_schema,Synthetic_Variant
SYN01800,Pomegranate (boiled),Fruits,,77.2,347,1.7,1.2,18.7,4.0,10,0.3,10,West India,Vegetarian,Lunch,Roasted,200,0,Synthetic_IFCT_schema,Synthetic_Variant
SYN01801,Pomegranate (steamed),Fruits,Scientific_45,76.9,347,1.7,1.2,18.7,4.0,10,0.3,,West India,Veg,breakfast,Roasted,N/A,0,Synthetic_IFCT_schema,Synthetic_Variant
SYN01802,Khandvi (roasted),Composite Dishes,,126.0,544,4.5,4.8,18.0,1.2,,,,West India,Vegetarian,breakfast,Roasted,100,1,Synthetic_IFCT_schema,Synthetic_Variant
SYN01803,Pomegranate (raw),Fruits,,,347,1.7,1.2,18.7,4.0,,0.3,10,West India,Vegetarian,Main Course,Steamed,200,0,Synthetic_IFCT_schema,Synthetic_Variant
SYN01804,"Onion, raw (boiled)",Vegetables,,39.8,167,1.1,0.1,9.3,1.7,23,0.4,7,Pan India,Vegetarian,lunch,Cooked,200,0,Synthetic_IFCT_schema,Synthetic_Variant
SYN01805,Pomegranate (fried),Fruits,,84.3,347,1.7,1.2,18.7,4.0,10,0.3,10,West India,Vegetarian,breakfast,,100,0,Synthetic_IFCT_schema,Synthetic_Variant
SYN01806,Pomegranate (fried),Fruits,Scientific_61,84.6,347,1.7,1.2,18.7,4.0,10,0.3,,West India,Vegetarian,Dessert,,100,0,Synthetic_IFCT_schema,Synthetic_Variant
SYN01807,Pomegranate (raw),Fruits,Scientific_69,77.8,347,1.7,1.2,18.7,4.0,10,0.3,,West India,Vegetarian,Dinner,Fried,150,0,Synthetic_IFCT_schema,Synthetic_Variant
SYN01808,"Soya chunks, raw (boiled)",Pulses and Legumes,,351.2,1444,52.0,0.5,33.0,13.0,,,,Pan India,Vegetarian,snack,Baked,100,0,Synthetic_IFCT_schema,Synthetic_Variant
SYN01809,"Potato, raw (roasted)",Vegetables,Scientific_20,82.5,322,1.9,0.1,17.8,1.8,11,0.7,13,Pan India,Vegetarian,lunch,Cooked,150,0,Synthetic_IFCT_schema,Synthetic_Variant
SYN01810,Pomegranate (fried),Fruits,Scientific_62,86.2,347,1.7,1.2,18.7,4.0,10,0.3,10,West India,non-vegetarian,snack,Fried,,0,Synthetic_IFCT_schema,Synthetic_Variant
SYN01811,"Wheat flour, refined (roasted)",Cereals and Millets,Scientific_3,359.1,1456,10.3,0.9,73.9,0.3,23,2.7,0,North India,Vegetarian,snack,,,0,Synthetic_IFCT_schema,Synthetic_Variant
SYN01812,Pomegranate (roasted),Fruits,Scientific_61,84.3,347,1.7,1.2,18.7,4.0,10,0.3,,West India,Vegetarian,Dessert,,100,0,Synthetic_IFCT_schema,Synthetic_Variant
SYN01813,"Masoor dal, raw (fried)",Pulses and Legumes,,318.0,1435,25.1,0.9,59.0,3.5,68,7.6,1,Southern,Vegetarian,lunch,Grilled,100,0,Synthetic_IFCT_schema,Synthetic_Variant
SYN01814,Pomegranate (steamed),Fruits,Scientific_68,81.9,347,1.7,1.2,18.7,4.0,10,0.3,10,Northern,Veg,dinner,Steamed,N/A,0,Synthetic_IFCT_schema,Synthetic_Variant
SYN01815,Dhokla (roasted),Composite Dishes,,80.6,318,3.5,1.5,12.0,0.8,,,,West India,Vegetarian,Breakfast,N/A,100,1,Synthetic_IFCT_schema,Synthetic_Variant
SYN01816,Pomegranate (steamed),Fruits,Scientific_59,83.9,347,1.7,1.2,18.7,4.0,10,0.3,10,West India,Vegetarian,Dessert,Steamed,150,0,Synthetic_IFCT_schema,Synthetic_Variant
SYN01817,Pomegranate (steamed),Fruits,Scientific_70,,347,1.7,1.2,18.7,,10,0.3,10,West India,Veg,Main Course,Baked,200,0,Synthetic_IFCT_schema,Synthetic_Variant
SYN01818,Pomegranate (steamed),Fruits,Scientific_66,83.9,347,1.7,1.2,18.7,4.0,10,0.3,10,West India,Vegetarian,Dessert,Raw,200,0,Synthetic_IFCT_schema,Synthetic_Variant
SYN01819,"Spinach (Palak), raw (raw)",Vegetables,Scientific_23,,96,2.0,0.3,3.5,,99,1.8,28,Pan India,Vegetarian,breakfast,Fried,200,0,Synthetic_IFCT_schema,Synthetic_Variant
SYN01820,Fenugreek leaves (Methi) (raw),Vegetables,Scientific_28,51.5,205,4.4,0.9,6.0,1.1,,1.9,52,North India,Vegetarian,Dessert,Boiled,150,0,Synthetic_IFCT_schema,Synthetic_Variant
SYN01821,Pomegranate (steamed),Fruits,Scientific_80,,347,1.7,1.2,18.7,4.0,10,0.3,10,West India,Vegetarian,lunch,Cooked,200,0,Synthetic_IFCT_schema,Synthetic_Variant
SYN01822,Avial (steamed),Composite Dishes,,119.2,481,2.8,6.5,12.0,3.0,,,,South India,Vegetarian,lunch,,100,1,Synthetic_IFCT_schema,Synthetic_Variant
SYN01823,Bamboo shoots (fried),Vegetables,,25.1,113,2.6,0.3,5.2,2.2,,,,East India,Vegetarian,Dinner,Boiled,100,0,Synthetic_IFCT_schema,Synthetic_Variant
SYN01824,"Papaya, ripe (steamed)",Fruits,,43.1,180,0.5,0.1,10.8,1.7,20,0.1,62,South India,Vegetarian,snack,Fried,,0,Synthetic_IFCT_schema,Synthetic_Variant
SYN01825,Bajra (Pearl millet) (steamed),Cereals and Millets,,361.7,1519,11.6,5.0,67.5,1.2,42,8.0,0,West India,Vegetarian,Main Course,Cooked,150,0,Synthetic_IFCT_schema,Synthetic_Variant
SYN01826,Pomegranate (fried),Fruits,Scientific_61,87.6,347,1.7,1.2,18.7,4.0,10,0.3,,West India,Vegetarian,Dessert,,100,0,Synthetic_IFCT_schema,Synthetic_Variant
SYN01827,Appam (roasted),Composite Dishes,,120.6,502,2.5,2.8,22.0,0.5,,,,South India,Vegetarian,Beverage,N/A,100,1,Synthetic_IFCT_schema,Synthetic_Variant
SYN01828,Pomegranate (fried),Fruits,Scientific_70,,347,1.7,1.2,18.7,,10,0.3,10,West India,Veg,Main Course,Baked,200,0,Synthetic_IFCT_schema,Synthetic_Variant
SYN01829,Ragi (Finger millet) (roasted),Cereals and Millets,Scientific_6,332.3,1373,7.3,1.5,66.8,3.6,344,3.9,0,South India,Vegetarian,Main Course,Boiled,N/A,0,Synthetic_IFCT_schema,Synthetic_Variant
SYN01830,Pomegranate (steamed),Fruits,,,347,1.7,1.2,18.7,4.0,,0.3,10,West India,Vegetarian,Main Course,Steamed,200,0,Synthetic_IFCT_schema,Synthetic_Variant
SYN01831,Oats (roasted),Cereals and Millets,,395.4,1628,16.9,6.9,66.3,,54,4.7,0,North India,Vegetarian,Breakfast,Cooked,100,0,Synthetic_IFCT_schema,Synthetic_Variant
SYN01832,Pomegranate (fried),Fruits,,78.3,347,1.7,1.2,18.7,4.0,10,0.3,10,West India,Vegetarian,Snack,Grilled,150,0,Synthetic_IFCT_schema,Synthetic_Variant
SYN01833,Litti chokha (raw),Composite Dishes,,326.7,1340,9.0,10.0,50.0,3.5,,,,East India,Vegetarian,Beverage,Fried,100,1,Synthetic_IFCT_schema,Synthetic_Variant
SYN01834,Pomegranate (fried),Fruits,Scientific_40,84.4,347,1.7,1.2,18.7,4.0,10,0.3,10,West India,Vegetarian,Any,Cooked,N/A,0,Synthetic_IFCT_schema,Synthetic_Variant
SYN01835,Sabudana (Tapioca pearls) (raw),Cereals and Millets,,360.4,1469,0.2,0.2,88.7,0.9,,,,West India,Vegetarian,Dinner,Steamed,100,0,Synthetic_IFCT_schema,Synthetic_Variant
SYN01836,"Spinach (Palak), raw (boiled)",Vegetables,Scientific_23,,96,2.0,0.3,3.5,,99,1.8,28,Pan India,Vegetarian,breakfast,Fried,200,0,Synthetic_IFCT_schema,Synthetic_Variant
SYN01837,"Soya chunks, raw (fried)",Pulses and Legumes,,320.2,1444,52.0,0.5,33.0,13.0,,,,Pan India,Vegetarian,snack,Baked,100,0,Synthetic_IFCT_schema,Synthetic_Variant
SYN01838,Semolina (Rava) (raw),Cereals and Millets,,,1506,10.0,1.0,74.0,,16,4.7,0,Pan India,Veg,breakfast,Steamed,,0,Synthetic_IFCT_schema,Synthetic_Variant
SYN01839,Pomegranate (raw),Fruits,,78.9,347,1.7,1.2,18.7,4.0,10,0.3,,West India,Vegetarian,Snack,Baked,200,0,Synthetic_IFCT_schema,Synthetic_Variant
SYN01840,"Potato, raw (boiled)",Vegetables,Scientific_20,80.9,322,1.9,0.1,17.8,1.8,11,0.7,13,Pan India,Vegetarian,lunch,Cooked,150,0,Synthetic_IFCT_schema,Synthetic_Variant
SYN01841,Bajra (Pearl millet) (fried),Cereals and Millets,,337.6,1519,11.6,5.0,67.5,1.2,42,8.0,0,West India,Vegetarian,Main Course,Cooked,150,0,Synthetic_IFCT_schema,Synthetic_Variant
SYN01842,Pomegranate (boiled),Fruits,Scientific_50,81.3,347,1.7,1.2,18.7,4.0,10,0.3,,North India,Veg,Beverage,Steamed,100,0,Synthetic_IFCT_schema,Synthetic_Variant
SYN01843,Pomegranate (roasted),Fruits,Scientific_70,,347,1.7,1.2,18.7,,10,0.3,10,West India,Veg,Main Course,Baked,200,0,Synthetic_IFCT_schema,Synthetic_Variant
SYN01844,"Soybean, raw (raw)",Pulses and Legumes,,433.6,1808,36.5,19.9,30.2,9.3,240,,,West India,Vegetarian,Any,Boiled,150,0,Synthetic_IFCT_schema,Synthetic_Variant
SYN01845,"Chana dal, raw (steamed)",Pulses and Legumes,Scientific_12,371.4,1556,20.8,5.6,59.8,,56,4.9,1,North India,Vegetarian,breakfast,Cooked,100,0,Synthetic_IFCT_schema,Synthetic_Variant
SYN01846,"Rice, raw, milled (raw)",Cereals and Millets,,,1448,6.8,0.5,78.2,0.2,10,0.7,,Pan India,Vegetarian,Breakfast,Baked,,0,Synthetic_IFCT_schema,Synthetic_Variant
SYN01847,"Coconut, fresh (raw)",Nuts and Oilseeds,Scientific_30,357.5,1482,3.3,33.5,15.2,9.0,14,1.9,3,South India,Vegetarian,Lunch,,200,0,Synthetic_IFCT_schema,Synthetic_Variant
SYN01848,Pomegranate (roasted),Fruits,,84.2,347,1.7,1.2,18.7,4.0,10,0.3,10,West India,Vegetarian,Lunch,Steamed,100,0,Synthetic_IFCT_schema,Synthetic_Variant
SYN01849,"Wheat flour, whole (steamed)",Cereals and Millets,Scientific_2,341.8,1427,11.8,1.5,69.4,1.9,41,4.9,0,North India,Vegetarian,Beverage,Cooked,150,0,Synthetic_IFCT_schema,Synthetic_Variant
SYN01850,Bottle gourd (Lauki) (raw),Vegetables,,14.0,59,0.6,0.1,3.4,0.5,26,0.5,10,Pan India,Vegetarian,Beverage,Fried,150,0,Synthetic_IFCT_schema,Synthetic_Variant
SYN01851,Pomegranate (steamed),Fruits,,,347,1.7,1.2,18.7,4.0,10,0.3,10,North,Vegetarian,Snack,Roasted,,0,Synthetic_IFCT_schema,Synthetic_Variant
SYN01852,Ragi (Finger millet) (boiled),Cereals and Millets,Scientific_6,323.2,1373,7.3,1.5,66.8,3.6,344,3.9,0,South India,Vegetarian,Main Course,Boiled,N/A,0,Synthetic_IFCT_schema,Synthetic_Variant
SYN01853,Pomegranate (roasted),Fruits,,88.6,347,1.7,1.2,18.7,4.0,10,0.3,10,West India,non-vegetarian,,Roasted,100,0,Synthetic_IFCT_schema,Synthetic_Variant
SYN01854,Khandvi (fried),Composite Dishes,,126.5,544,4.5,4.8,18.0,1.2,,,,West India,Vegetarian,breakfast,Roasted,100,1,Synthetic_IFCT_schema,Synthetic_Variant
SYN01855,Cowpea (Black-eyed pea) (raw),Pulses and Legumes,,344.4,1351,23.4,1.8,54.5,,227,8.6,1,South India,Vegetarian,Lunch,Roasted,200,0,Synthetic_IFCT_schema,Synthetic_Variant
SYN01856,Pomegranate (boiled),Fruits,Scientific_40,88.1,347,1.7,1.2,18.7,4.0,10,0.3,10,West India,Vegetarian,Any,Cooked,N/A,0,Synthetic_IFCT_schema,Synthetic_Variant
SYN01857,Pomegranate (steamed),Fruits,Scientific_47,86.0,,1.7,1.2,18.7,4.0,10,0.3,10,West India,Non-Veg,snack,Grilled,200,0,Synthetic_IFCT_schema,Synthetic_Variant
SYN01858,"Jackfruit, raw (raw)",Fruits,,89.4,398,1.7,0.6,23.2,1.5,,,,South India,Vegetarian,Any,Baked,100,0,Synthetic_IFCT_schema,Synthetic_Variant
SYN01859,Pomegranate (boiled),Fruits,,88.0,347,1.7,1.2,18.7,,10,0.3,10,West India,Vegetarian,Dinner,Baked,100,0,Synthetic_IFCT_schema,Synthetic_Variant
SYN01860,Ragi (Finger millet) (steamed),Cereals and Millets,Scientific_6,315.6,1373,7.3,1.5,66.8,3.6,344,3.9,0,South India,Vegetarian,Main Course,Boiled,N/A,0,Synthetic_IFCT_schema,Synthetic_Variant
SYN01861,Jowar (Sorghum) (boiled),Cereals and Millets,Scientific_5,328.2,,10.4,1.9,72.6,1.6,25,,0,Unknown,Vegetarian,Main Course,Fried,,0,Synthetic_IFCT_schema,Synthetic_Variant
SYN01862,"Coconut, fresh (steamed)",Nuts and Oilseeds,Scientific_30,381.4,1482,3.3,33.5,15.2,9.0,14,1.9,3,South India,Vegetarian,Lunch,,200,0,Synthetic_IFCT_schema,Synthetic_Variant
SYN01863,Okra (Bhindi) (fried),Vegetables,Scientific_26,32.7,138,2.1,0.2,7.0,2.5,82,0.8,21,Pan India,non-vegetarian,,Fried,150,0,Synthetic_IFCT_schema,Synthetic_Variant
SYN01864,Pomegranate (steamed),Fruits,,78.1,347,1.7,1.2,18.7,4.0,10,0.3,,West India,Veg,lunch,,,0,Synthetic_IFCT_schema,Synthetic_Variant
SYN01865,Pomegranate (fried),Fruits,,82.5,347,1.7,1.2,18.7,4.0,10,0.3,10,West India,Vegetarian,Snack,Grilled,150,0,Synthetic_IFCT_schema,Synthetic_Variant
SYN01866,Pomegranate (fried),Fruits,Scientific_73,86.1,347,1.7,1.2,18.7,4.0,10,0.3,10,West India,Vegetarian,snack,Cooked,100,0,Synthetic_IFCT_schema,Synthetic_Variant
SYN01867,Pomegranate (boiled),Fruits,Scientific_80,,347,1.7,1.2,18.7,4.0,10,0.3,10,West India,Vegetarian,lunch,Cooked,200,0,Synthetic_IFCT_schema,Synthetic_Variant
SYN01868,Bajra (Pearl millet) (fried),Cereals and Millets,,358.0,1519,11.6,5.0,67.5,1.2,42,8.0,0,West India,Vegetarian,Main Course,Cooked,150,0,Synthetic_IFCT_schema,Synthetic_Variant
SYN01869,Pomegranate (roasted),Fruits,,86.4,347,1.7,1.2,18.7,4.0,,0.3,10,West India,Vegetarian,breakfast,,,0,Synthetic_IFCT_schema,Synthetic_Variant
SYN01870,Maize flour (boiled),Cereals and Millets,Scientific_7,360.8,1485,8.7,3.6,70.0,2.7,9,2.3,,Pan India,Vegetarian,Main Course,N/A,N/A,0,Synthetic_IFCT_schema,Synthetic_Variant
SYN01871,Pomegranate (roasted),Fruits,Scientific_67,83.5,347,1.7,1.2,18.7,4.0,10,0.3,10,West India,Non-Vegetarian,lunch,Roasted,200,0,Synthetic_IFCT_schema,Synthetic_Variant
SYN01872,Shrikhand (raw),Milk and Milk Products,,228.2,921,7.0,7.0,33.0,,,,,West India,Vegetarian,Dinner,Cooked,100,0,Synthetic_IFCT_schema,Synthetic_Variant
SYN01873,Khandvi (raw),Composite Dishes,,131.2,544,4.5,4.8,18.0,1.2,,,,West India,Vegetarian,breakfast,Roasted,100,1,Synthetic_IFCT_schema,Synthetic_Variant
SYN01874,Pomegranate (roasted),Fruits,Scientific_59,84.6,347,1.7,1.2,18.7,4.0,10,0.3,10,West India,Vegetarian,Dessert,Steamed,150,0,Synthetic_IFCT_schema,Synthetic_Variant
SYN01875,"Toor dal, raw (roasted)",Pulses and Legumes,,326.6,,22.3,1.7,57.6,4.2,73,5.6,0,Pan India,Vegetarian,Dessert,Baked,100,0,Synthetic_IFCT_schema,Synthetic_Variant
SYN01876,Pomegranate (fried),Fruits,,86.7,347,1.7,1.2,18.7,4.0,10,0.3,10,West India,Vegetarian,Main Course,Fried,,0,Synthetic_IFCT_schema,Synthetic_Variant
SYN01877,"Coconut, fresh (boiled)",Nuts and Oilseeds,Scientific_30,337.3,1482,3.3,33.5,15.2,9.0,14,1.9,3,South India,Vegetarian,Lunch,,200,0,Synthetic_IFCT_schema,Synthetic_Variant
SYN01878,"Onion, raw (raw)",Vegetables,,41.6,167,1.1,0.1,9.3,1.7,23,0.4,7,Pan India,Vegetarian,lunch,Cooked,200,0,Synthetic_IFCT_schema,Synthetic_Variant
SYN01879,Pomegranate (fried),Fruits,,,347,1.7,1.2,18.7,4.0,10,0.3,10,North,Vegetarian,Snack,Roasted,,0,Synthetic_IFCT_schema,Synthetic_Variant
SYN01880,Pomegranate (fried),Fruits,,83.8,347,1.7,1.2,18.7,4.0,10,0.3,10,West India,Vegetarian,Snack,Boiled,N/A,0,Synthetic_IFCT_schema,Synthetic_Variant
SYN01881,Okra (Bhindi) (raw),Vegetables,Scientific_26,35.0,138,2.1,0.2,7.0,2.5,82,0.8,21,Pan India,non-vegetarian,,Fried,150,0,Synthetic_IFCT_schema,Synthetic_Variant
SYN01882,Pomegranate (fried),Fruits,,85.5,347,1.7,1.2,18.7,4.0,10,0.3,10,West India,Vegetarian,Snack,Grilled,150,0,Synthetic_IFCT_schema,Synthetic_Variant
SYN01883,"Momos, veg (steamed) (boiled)",Composite Dishes,,176.6,753,5.5,5.5,28.0,2.0,,,,East India,Vegetarian,lunch,Steamed,100,1,Synthetic_IFCT_schema,Synthetic_Variant
SYN01884,Pomegranate (boiled),Fruits,Scientific_45,89.1,347,1.7,1.2,18.7,4.0,10,0.3,,West India,Veg,breakfast,Roasted,N/A,0,Synthetic_IFCT_schema,Synthetic_Variant
SYN01885,Pomegranate (raw),Fruits,Scientific_61,86.6,347,1.7,1.2,18.7,4.0,10,0.3,,West India,Vegetarian,Dessert,,100,0,Synthetic_IFCT_schema,Synthetic_Variant
SYN01886,"Mango, ripe (Alphonso) (roasted)",Fruits,Scientific_31,74.5,293,0.6,0.4,17.0,1.6,10,0.3,36,West India,Vegetarian,Lunch,N/A,N/A,0,Synthetic_IFCT_schema,Synthetic_Variant
SYN01887,"Onion, raw (roasted)",Vegetables,,40.7,167,1.1,0.1,9.3,1.7,23,0.4,7,Pan India,Vegetarian,lunch,Cooked,200,0,Synthetic_IFCT_schema,Synthetic_Variant
SYN01888,Oats (steamed),Cereals and Millets,,363.3,1628,16.9,6.9,66.3,,54,4.7,0,North India,Vegetarian,Breakfast,Cooked,100,0,Synthetic_IFCT_schema,Synthetic_Variant
SYN01889,"Papaya, ripe (roasted)",Fruits,,46.4,180,0.5,0.1,10.8,1.7,20,0.1,62,South India,Vegetarian,snack,Fried,,0,Synthetic_IFCT_schema,Synthetic_Variant
SYN01890,Appam (fried),Composite Dishes,,120.9,502,2.5,2.8,22.0,0.5,,,,South India,Vegetarian,Beverage,N/A,100,1,Synthetic_IFCT_schema,Synthetic_Variant
SYN01891,Pomegranate (boiled),Fruits,,80.5,347,1.7,1.2,18.7,4.0,10,0.3,10,Unknown,Vegetarian,Beverage,Steamed,N/A,0,Synthetic_IFCT_schema,Synthetic_Variant
SYN01892,Cowpea (Black-eyed pea) (roasted),Pulses and Legumes,,344.7,1351,23.4,1.8,54.5,,227,8.6,1,South India,Vegetarian,Lunch,Roasted,200,0,Synthetic_IFCT_schema,Synthetic_Variant
SYN01893,"Masoor dal, raw (fried)",Pulses and Legumes,,352.1,1435,25.1,0.9,59.0,3.5,68,7.6,1,Southern,Vegetarian,lunch,Grilled,100,0,Synthetic_IFCT_schema,Synthetic_Variant
SYN01894,"Wheat flour, refined (roasted)",Cereals and Millets,Scientific_3,350.0,1456,10.3,0.9,73.9,0.3,23,2.7,0,North India,Vegetarian,snack,,,0,Synthetic_IFCT_schema,Synthetic_Variant
SYN01895,Maize flour (boiled),Cereals and Millets,Scientific_7,369.5,1485,8.7,3.6,70.0,2.7,9,2.3,,Pan India,Vegetarian,Main Course,N/A,N/A,0,Synthetic_IFCT_schema,Synthetic_Variant
SYN01896,Pomegranate (raw),Fruits,,77.0,347,1.7,1.2,18.7,4.0,10,0.3,,West India,Vegetarian,Snack,Baked,200,0,Synthetic_IFCT_schema,Synthetic_Variant
SYN01897,Pomegranate (roasted),Fruits,Scientific_67,77.4,347,1.7,1.2,18.7,4.0,10,0.3,10,West India,Non-Vegetarian,lunch,Roasted,200,0,Synthetic_IFCT_schema,Synthetic_Variant
SYN01898,Pomegranate (roasted),Fruits,,88.5,347,1.7,1.2,18.7,4.0,10,0.3,10,West India,Vegetarian,Lunch,Roasted,200,0,Synthetic_IFCT_schema,Synthetic_Variant
SYN01899,Appam (boiled),Composite Dishes,,115.7,502,2.5,2.8,22.0,0.5,,,,South India,Vegetarian,Beverage,N/A,100,1,Synthetic_IFCT_schema,Synthetic_Variant
SYN01900,Pomegranate (boiled),Fruits,,81.0,347,1.7,1.2,18.7,4.0,,0.3,10,West India,Vegetarian,Main Course,Grilled,,0,Synthetic_IFCT_schema,Synthetic_Variant
SYN01901,"Onion, raw (fried)",Vegetables,,41.6,167,1.1,0.1,9.3,1.7,23,0.4,7,Pan India,Vegetarian,lunch,Cooked,200,0,Synthetic_IFCT_schema,Synthetic_Variant
SYN01902,"Rice, raw, milled (roasted)",Cereals and Millets,,,1448,6.8,0.5,78.2,0.2,10,0.7,,Pan India,Vegetarian,Breakfast,Baked,,0,Synthetic_IFCT_schema,Synthetic_Variant
SYN01903,Pomegranate (fried),Fruits,Scientific_50,83.9,347,1.7,1.2,18.7,4.0,10,0.3,,North India,Veg,Beverage,Steamed,100,0,Synthetic_IFCT_schema,Synthetic_Variant
SYN01904,Fenugreek leaves (Methi) (fried),Vegetables,Scientific_28,48.9,205,4.4,0.9,6.0,1.1,,1.9,52,North India,Vegetarian,Dessert,Boiled,150,0,Synthetic_IFCT_schema,Synthetic_Variant
SYN01905,Pomegranate (roasted),Fruits,,87.8,347,1.7,1.2,18.7,4.0,10,0.3,10,West India,Vegetarian,Breakfast,N/A,,0,Synthetic_IFCT_schema,Synthetic_Variant
SYN01906,Pomegranate (roasted),Fruits,Scientific_62,77.7,347,1.7,1.2,18.7,4.0,10,0.3,10,West India,non-vegetarian,snack,Fried,,0,Synthetic_IFCT_schema,Synthetic_Variant
SYN01907,Pomegranate (roasted),Fruits,Scientific_79,85.4,347,1.7,1.2,18.7,,,0.3,,West India,Vegetarian,lunch,Fried,200,0,Synthetic_IFCT_schema,Synthetic_Variant
SYN01908,Pomegranate (steamed),Fruits,,77.7,347,1.7,1.2,18.7,4.0,10,0.3,10,West India,Vegetarian,,Raw,N/A,0,Synthetic_IFCT_schema,Synthetic_Variant
SYN01909,Pomegranate (boiled),Fruits,,88.3,347,1.7,1.2,18.7,4.0,10,0.3,10,West India,Vegetarian,Main Course,Fried,,0,Synthetic_IFCT_schema,Synthetic_Variant
SYN01910,Pomegranate (boiled),Fruits,Scientific_79,83.9,347,1.7,1.2,18.7,,,0.3,,West India,Vegetarian,lunch,Fried,200,0,Synthetic_IFCT_schema,Synthetic_Variant
SYN01911,Pomegranate (raw),Fruits,Scientific_68,84.0,347,1.7,1.2,18.7,4.0,10,0.3,10,Northern,Veg,dinner,Steamed,N/A,0,Synthetic_IFCT_schema,Synthetic_Variant
SYN01912,Pomegranate (steamed),Fruits,,,347,1.7,1.2,18.7,4.0,10,0.3,,West India,Vegetarian,breakfast,Fried,,0,Synthetic_IFCT_schema,Synthetic_Variant
SYN01913,Pomegranate (steamed),Fruits,,86.4,347,1.7,1.2,18.7,4.0,10,0.3,10,West India,Vegetarian,Main Course,,N/A,0,Synthetic_IFCT_schema,Synthetic_Variant
SYN01914,Pomegranate (roasted),Fruits,,82.5,347,1.7,1.2,18.7,4.0,10,0.3,10,West India,Vegetarian,Main Course,,N/A,0,Synthetic_IFCT_schema,Synthetic_Variant
SYN01915,"Peanut, raw (steamed)",Nuts and Oilseeds,Scientific_19,574.5,,25.8,49.2,16.1,8.5,92,4.6,0,West India,Non-Vegetarian,Dinner,Cooked,,0,Synthetic_IFCT_schema,Synthetic_Variant
SYN01916,Semolina (Rava) (steamed),Cereals and Millets,,,1506,10.0,1.0,74.0,,16,4.7,0,Pan India,Veg,breakfast,Steamed,,0,Synthetic_IFCT_schema,Synthetic_Variant
SYN01917,Bajra (Pearl millet) (roasted),Cereals and Millets,,384.4,1519,11.6,5.0,67.5,1.2,42,8.0,0,West India,Vegetarian,Main Course,Cooked,150,0,Synthetic_IFCT_schema,Synthetic_Variant
SYN01918,Machher jhol (fried),Composite Dishes,,154.7,649,17.0,9.0,3.0,0.6,,,,East India,Non-Vegetarian,Dessert,Boiled,100,1,Synthetic_IFCT_schema,Synthetic_Variant
SYN01919,Rasam (steamed),Composite Dishes,,30.8,125,1.2,0.8,4.5,,,,,South India,Vegetarian,Beverage,,100,1,Synthetic_IFCT_schema,Synthetic_Variant
SYN01920,"Urad dal, raw (roasted)",Pulses and Legumes,Scientific_15,,1428,25.1,1.4,59.0,1.8,154,4.5,0,South India,Vegetarian,Main Course,Grilled,N/A,0,Synthetic_IFCT_schema,Synthetic_Variant
SYN01921,Pomegranate (raw),Fruits,,79.3,347,1.7,1.2,18.7,4.0,,0.3,10,West India,Vegetarian,breakfast,,,0,Synthetic_IFCT_schema,Synthetic_Variant
SYN01922,Pomegranate (roasted),Fruits,,84.1,347,1.7,1.2,18.7,4.0,10,0.3,10,West India,Vegetarian,Dessert,Steamed,150,0,Synthetic_IFCT_schema,Synthetic_Variant
SYN01923,Pomegranate (fried),Fruits,,,347,1.7,1.2,18.7,4.0,10,0.3,10,North,Vegetarian,Snack,Roasted,,0,Synthetic_IFCT_schema,Synthetic_Variant
SYN01924,Banana (Cavendish) (boiled),Fruits,Scientific_32,91.6,372,1.1,0.3,23.0,2.6,5,0.3,8,South India,Vegetarian,Dinner,,100,0,Synthetic_IFCT_schema,Synthetic_Variant
SYN01925,"Tofu, firm (fried)",Pulses and Legumes,,74.0,318,8.0,4.8,1.9,0.3,,,,West India,Vegetarian,Lunch,N/A,100,0,Synthetic_IFCT_schema,Synthetic_Variant
SYN01926,"Papaya, ripe (raw)",Fruits,,40.3,180,0.5,0.1,10.8,1.7,20,0.1,62,South India,Vegetarian,snack,Fried,,0,Synthetic_IFCT_schema,Synthetic_Variant
SYN01927,"Coconut, fresh (raw)",Nuts and Oilseeds,Scientific_30,344.0,1482,3.3,33.5,15.2,9.0,14,1.9,3,South India,Vegetarian,Lunch,,200,0,Synthetic_IFCT_schema,Synthetic_Variant
SYN01928,Pomegranate (boiled),Fruits,,83.1,347,1.7,1.2,18.7,4.0,10,0.3,,West India,Veg,lunch,,,0,Synthetic_IFCT_schema,Synthetic_Variant
SYN01929,Pomegranate (boiled),Fruits,Scientific_59,82.1,347,1.7,1.2,18.7,4.0,10,0.3,10,West India,Vegetarian,Dessert,Steamed,150,0,Synthetic_IFCT_schema,Synthetic_Variant
SYN01930,Pomegranate (roasted),Fruits,Scientific_50,83.9,347,1.7,1.2,18.7,4.0,10,0.3,,North India,Veg,Beverage,Steamed,100,0,Synthetic_IFCT_schema,Synthetic_Variant
SYN01931,"Tofu, firm (steamed)",Pulses and Legumes,,77.4,318,8.0,4.8,1.9,0.3,,,,West India,Vegetarian,Lunch,N/A,100,0,Synthetic_IFCT_schema,Synthetic_Variant
SYN01932,"Jackfruit, raw (fried)",Fruits,,89.4,398,1.7,0.6,23.2,1.5,,,,South India,Vegetarian,Any,Baked,100,0,Synthetic_IFCT_schema,Synthetic_Variant
SYN01933,Pomegranate (boiled),Fruits,,76.6,,1.7,1.2,18.7,4.0,10,0.3,10,West India,Vegetarian,Dessert,Baked,150,0,Synthetic_IFCT_schema,Synthetic_Variant
SYN01934,Pomegranate (boiled),Fruits,,89.5,347,1.7,1.2,18.7,,10,0.3,10,West India,Vegetarian,Dinner,Baked,100,0,Synthetic_IFCT_schema,Synthetic_Variant
SYN01935,"Rice, raw, milled (steamed)",Cereals and Millets,,,1448,6.8,0.5,78.2,0.2,10,0.7,,Pan India,Vegetarian,Breakfast,Baked,,0,Synthetic_IFCT_schema,Synthetic_Variant
SYN01936,Pomegranate (raw),Fruits,Scientific_65,80.7,347,1.7,1.2,18.7,4.0,10,0.3,10,West India,Vegetarian,Main Course,Baked,N/A,0,Synthetic_IFCT_schema,Synthetic_Variant
SYN01937,"Spinach (Palak), raw (fried)",Vegetables,Scientific_23,,96,2.0,0.3,3.5,,99,1.8,28,Pan India,Vegetarian,breakfast,Fried,200,0,Synthetic_IFCT_schema,Synthetic_Variant
SYN01938,Litti chokha (raw),Composite Dishes,,326.3,1340,9.0,10.0,50.0,3.5,,,,East India,Vegetarian,Beverage,Fried,100,1,Synthetic_IFCT_schema,Synthetic_Variant
SYN01939,Bitter gourd (Karela) (fried),Vegetables,Scientific_27,18.1,,1.0,0.2,3.4,2.8,20,0.6,84,Pan India,Vegetarian,snack,,,0,Synthetic_IFCT_schema,Synthetic_Variant
SYN01940,Pomegranate (raw),Fruits,,80.1,347,1.7,1.2,18.7,,10,0.3,10,Pan India,Vegetarian,Main Course,Fried,150,0,Synthetic_IFCT_schema,Synthetic_Variant
SYN01941,"Potato, raw (steamed)",Vegetables,Scientific_20,79.1,322,1.9,0.1,17.8,1.8,11,0.7,13,Pan India,Vegetarian,lunch,Cooked,150,0,Synthetic_IFCT_schema,Synthetic_Variant
SYN01942,"Tofu, firm (roasted)",Pulses and Legumes,,77.3,318,8.0,4.8,1.9,0.3,,,,West India,Vegetarian,Lunch,N/A,100,0,Synthetic_IFCT_schema,Synthetic_Variant
SYN01943,Semolina (Rava) (roasted),Cereals and Millets,,,1506,10.0,1.0,74.0,,16,4.7,0,Pan India,Veg,breakfast,Steamed,,0,Synthetic_IFCT_schema,Synthetic_Variant
SYN01944,Pomegranate (raw),Fruits,Scientific_79,83.9,347,1.7,1.2,18.7,,,0.3,,West India,Vegetarian,lunch,Fried,200,0,Synthetic_IFCT_schema,Synthetic_Variant
SYN01945,Pomegranate (fried),Fruits,Scientific_69,77.6,347,1.7,1.2,18.7,4.0,10,0.3,,West India,Vegetarian,Dinner,Fried,150,0,Synthetic_IFCT_schema,Synthetic_Variant
SYN01946,"Urad dal, raw (raw)",Pulses and Legumes,Scientific_15,,1428,25.1,1.4,59.0,1.8,154,4.5,0,South India,Vegetarian,Main Course,Grilled,N/A,0,Synthetic_IFCT_schema,Synthetic_Variant
SYN01947,Pomegranate (roasted),Fruits,,78.6,347,1.7,1.2,18.7,4.0,10,0.3,10,West India,Vegetarian,,Raw,N/A,0,Synthetic_IFCT_schema,Synthetic_Variant
SYN01948,Methi thepla (steamed),Composite Dishes,,286.0,1193,7.5,12.0,38.0,3.0,,,,West India,Vegetarian,Beverage,Boiled,100,1,Synthetic_IFCT_schema,Synthetic_Variant
SYN01949,Pomegranate (roasted),Fruits,,79.3,,1.7,1.2,18.7,4.0,10,0.3,10,West India,Vegetarian,Dessert,Baked,150,0,Synthetic_IFCT_schema,Synthetic_Variant
SYN01950,"Chana dal, raw (raw)",Pulses and Legumes,Scientific_12,355.8,1556,20.8,5.6,59.8,,56,4.9,1,North India,Vegetarian,breakfast,Cooked,100,0,Synthetic_IFCT_schema,Synthetic_Variant
SYN01951,"Soya chunks, raw (boiled)",Pulses and Legumes,,372.1,1444,52.0,0.5,33.0,13.0,,,,Pan India,Vegetarian,snack,Baked,100,0,Synthetic_IFCT_schema,Synthetic_Variant
SYN01952,Banana (Cavendish) (roasted),Fruits,Scientific_32,89.2,372,1.1,0.3,23.0,2.6,5,0.3,8,South India,Vegetarian,Dinner,,100,0,Synthetic_IFCT_schema,Synthetic_Variant
SYN01953,Pomegranate (boiled),Fruits,,80.8,347,1.7,1.2,18.7,4.0,10,0.3,10,West India,Vegetarian,Main Course,Fried,,0,Synthetic_IFCT_schema,Synthetic_Variant
SYN01954,Dhokla (raw),Composite Dishes,,72.9,318,3.5,1.5,12.0,0.8,,,,West India,Vegetarian,Breakfast,N/A,100,1,Synthetic_IFCT_schema,Synthetic_Variant
SYN01955,"Peanut, raw (roasted)",Nuts and Oilseeds,Scientific_19,573.0,,25.8,49.2,16.1,8.5,92,4.6,0,West India,Non-Vegetarian,Dinner,Cooked,,0,Synthetic_IFCT_schema,Synthetic_Variant
SYN01956,Oats (raw),Cereals and Millets,,412.9,1628,16.9,6.9,66.3,,54,4.7,0,North India,Vegetarian,Breakfast,Cooked,100,0,Synthetic_IFCT_schema,Synthetic_Variant
SYN01957,Pomegranate (roasted),Fruits,,84.0,347,1.7,1.2,18.7,4.0,10,0.3,,West India,Veg,lunch,,,0,Synthetic_IFCT_schema,Synthetic_Variant
SYN01958,Oats (boiled),Cereals and Millets,,414.4,1628,16.9,6.9,66.3,,54,4.7,0,North India,Vegetarian,Breakfast,Cooked,100,0,Synthetic_IFCT_schema,Synthetic_Variant
SYN01959,"Urad dal, raw (steamed)",Pulses and Legumes,Scientific_15,,1428,25.1,1.4,59.0,1.8,154,4.5,0,South India,Vegetarian,Main Course,Grilled,N/A,0,Synthetic_IFCT_schema,Synthetic_Variant
SYN01960,Pomegranate (boiled),Fruits,,77.6,,1.7,1.2,18.7,4.0,10,0.3,10,West India,Vegetarian,Dessert,Baked,150,0,Synthetic_IFCT_schema,Synthetic_Variant
SYN01961,Pomegranate (boiled),Fruits,,81.6,347,1.7,1.2,18.7,4.0,10,0.3,10,West India,Vegetarian,Breakfast,N/A,,0,Synthetic_IFCT_schema,Synthetic_Variant
SYN01962,Appam (raw),Composite Dishes,,128.4,502,2.5,2.8,22.0,0.5,,,,South India,Vegetarian,Beverage,N/A,100,1,Synthetic_IFCT_schema,Synthetic_Variant
SYN01963,Bamboo shoots (fried),Vegetables,,26.6,113,2.6,0.3,5.2,2.2,,,,East India,Vegetarian,Dinner,Boiled,100,0,Synthetic_IFCT_schema,Synthetic_Variant
SYN01964,"Papaya, ripe (raw)",Fruits,,44.2,180,0.5,0.1,10.8,1.7,20,0.1,62,South India,Vegetarian,snack,Fried,,0,Synthetic_IFCT_schema,Synthetic_Variant
SYN01965,Pomegranate (raw),Fruits,,76.6,347,1.7,1.2,18.7,4.0,10,0.3,10,West India,Vegetarian,Dessert,Steamed,150,0,Synthetic_IFCT_schema,Synthetic_Variant
SYN01966,Appam (fried),Composite Dishes,,120.7,502,2.5,2.8,22.0,0.5,,,,South India,Vegetarian,Beverage,N/A,100,1,Synthetic_IFCT_schema,Synthetic_Variant
SYN01967,Semolina (Rava) (raw),Cereals and Millets,,,1506,10.0,1.0,74.0,,16,4.7,0,Pan India,Veg,breakfast,Steamed,,0,Synthetic_IFCT_schema,Synthetic_Variant
SYN01968,Pomegranate (fried),Fruits,,,347,1.7,1.2,18.7,4.0,10,0.3,10,North,Vegetarian,Snack,Roasted,,0,Synthetic_IFCT_schema,Synthetic_Variant
SYN01969,Rajma (Kidney beans) (raw),Pulses and Legumes,,329.2,1448,22.9,1.5,60.6,6.4,260,7.0,4,North India,Vegetarian,Any,N/A,N/A,0,Synthetic_IFCT_schema,Synthetic_Variant
SYN01970,Pomegranate (raw),Fruits,,82.1,347,1.7,1.2,18.7,4.0,10,0.3,10,Unknown,Vegetarian,Beverage,Steamed,N/A,0,Synthetic_IFCT_schema,Synthetic_Variant
SYN01971,Amla (Indian gooseberry) (boiled),Fruits,,45.9,184,0.9,0.6,10.2,4.3,50,1.2,600,Western,Vegetarian,breakfast,Roasted,150,0,Synthetic_IFCT_schema,Synthetic_Variant
SYN01972,Pomegranate (raw),Fruits,Scientific_62,78.1,347,1.7,1.2,18.7,4.0,10,0.3,10,West India,non-vegetarian,snack,Fried,,0,Synthetic_IFCT_schema,Synthetic_Variant
SYN01973,Pomegranate (fried),Fruits,,86.2,347,1.7,1.2,18.7,4.0,10,0.3,10,East,Vegetarian,snack,Grilled,100,0,Synthetic_IFCT_schema,Synthetic_Variant
SYN01974,Pomegranate (raw),Fruits,,87.3,347,1.7,1.2,18.7,4.0,10,0.3,10,West India,Vegetarian,,Raw,N/A,0,Synthetic_IFCT_schema,Synthetic_Variant
SYN01975,"Toor dal, raw (roasted)",Pulses and Legumes,,310.5,,22.3,1.7,57.6,4.2,73,5.6,0,Pan India,Vegetarian,Dessert,Baked,100,0,Synthetic_IFCT_schema,Synthetic_Variant
SYN01976,Shrikhand (fried),Milk and Milk Products,,218.8,921,7.0,7.0,33.0,,,,,West India,Vegetarian,Dinner,Cooked,100,0,Synthetic_IFCT_schema,Synthetic_Variant
SYN01977,"Potato, raw (steamed)",Vegetables,Scientific_20,71.3,322,1.9,0.1,17.8,1.8,11,0.7,13,Pan India,Vegetarian,lunch,Cooked,150,0,Synthetic_IFCT_schema,Synthetic_Variant
SYN01978,Pomegranate (roasted),Fruits,,80.2,347,1.7,1.2,18.7,4.0,10,0.3,10,West India,Vegetarian,Main Course,Fried,,0,Synthetic_IFCT_schema,Synthetic_Variant
SYN01979,Pomegranate (roasted),Fruits,Scientific_78,80.7,347,1.7,1.2,18.7,4.0,10,0.3,10,West India,Vegetarian,,,,0,Synthetic_IFCT_schema,Synthetic_Variant
SYN01980,Bajra (Pearl millet) (raw),Cereals and Millets,,339.0,1519,11.6,5.0,67.5,1.2,42,8.0,0,West India,Vegetarian,Main Course,Cooked,150,0,Synthetic_IFCT_schema,Synthetic_Variant
SYN01981,"Potato, raw (roasted)",Vegetables,Scientific_20,75.6,322,1.9,0.1,17.8,1.8,11,0.7,13,Pan India,Vegetarian,lunch,Cooked,150,0,Synthetic_IFCT_schema,Synthetic_Variant
SYN01982,Methi thepla (raw),Composite Dishes,,274.2,1193,7.5,12.0,38.0,3.0,,,,West India,Vegetarian,Beverage,Boiled,100,1,Synthetic_IFCT_schema,Synthetic_Variant
SYN01983,Pomegranate (boiled),Fruits,,81.9,347,1.7,1.2,18.7,4.0,,0.3,10,West India,Vegetarian,Main Course,Grilled,,0,Synthetic_IFCT_schema,Synthetic_Variant
SYN01984,Pomegranate (boiled),Fruits,,81.0,347,1.7,1.2,18.7,4.0,,0.3,10,West India,Vegetarian,breakfast,,,0,Synthetic_IFCT_schema,Synthetic_Variant
SYN01985,Pomegranate (fried),Fruits,,,347,1.7,1.2,18.7,4.0,,0.3,10,West India,Vegetarian,Main Course,Steamed,200,0,Synthetic_IFCT_schema,Synthetic_Variant
SYN01986,"Mango, ripe (Alphonso) (fried)",Fruits,Scientific_31,75.0,293,0.6,0.4,17.0,1.6,10,0.3,36,West India,Vegetarian,Lunch,N/A,N/A,0,Synthetic_IFCT_schema,Synthetic_Variant
SYN01987,Jowar (Sorghum) (boiled),Cereals and Millets,Scientific_5,367.8,,10.4,1.9,72.6,1.6,25,,0,Unknown,Vegetarian,Main Course,Fried,,0,Synthetic_IFCT_schema,Synthetic_Variant
SYN01988,Pomegranate (steamed),Fruits,,82.9,347,1.7,1.2,18.7,4.0,10,0.3,10,West India,Vegetarian,Dessert,N/A,100,0,Synthetic_IFCT_schema,Synthetic_Variant
SYN01989,Pomegranate (roasted),Fruits,Scientific_73,82.7,347,1.7,1.2,18.7,4.0,10,0.3,10,West India,Vegetarian,snack,Cooked,100,0,Synthetic_IFCT_schema,Synthetic_Variant
SYN01990,Pomegranate (roasted),Fruits,,83.6,347,1.7,1.2,18.7,4.0,10,0.3,10,West India,Vegetarian,Dessert,Steamed,150,0,Synthetic_IFCT_schema,Synthetic_Variant
SYN01991,"Coconut, fresh (roasted)",Nuts and Oilseeds,Scientific_30,333.7,1482,3.3,33.5,15.2,9.0,14,1.9,3,South India,Vegetarian,Lunch,,200,0,Synthetic_IFCT_schema,Synthetic_Variant
SYN01992,"Tofu, firm (boiled)",Pulses and Legumes,,75.0,318,8.0,4.8,1.9,0.3,,,,West India,Vegetarian,Lunch,N/A,100,0,Synthetic_IFCT_schema,Synthetic_Variant
SYN01993,Pomegranate (fried),Fruits,,89.1,347,1.7,1.2,18.7,4.0,10,0.3,10,West India,Vegetarian,Dessert,Steamed,150,0,Synthetic_IFCT_schema,Synthetic_Variant
SYN01994,"Rice, cooked (roasted)",Cereals and Millets,,137.4,544,2.7,0.3,28.2,,3,0.2,0,Pan India,non-vegetarian,Snack,Baked,100,0,Synthetic_IFCT_schema,Synthetic_Variant
SYN01995,Pomegranate (roasted),Fruits,Scientific_73,89.1,347,1.7,1.2,18.7,4.0,10,0.3,10,West India,Vegetarian,snack,Cooked,100,0,Synthetic_IFCT_schema,Synthetic_Variant
SYN01996,Pomegranate (raw),Fruits,,88.1,347,1.7,1.2,18.7,4.0,10,0.3,,West India,Veg,lunch,,,0,Synthetic_IFCT_schema,Synthetic_Variant
SYN01997,Pomegranate (fried),Fruits,Scientific_80,,347,1.7,1.2,18.7,4.0,10,0.3,10,West India,Vegetarian,lunch,Cooked,200,0,Synthetic_IFCT_schema,Synthetic_Variant
SYN01998,"Masoor dal, raw (raw)",Pulses and Legumes,,360.5,1435,25.1,0.9,59.0,3.5,68,7.6,1,Southern,Vegetarian,lunch,Grilled,100,0,Synthetic_IFCT_schema,Synthetic_Variant
SYN01999,Kabuli chana (roasted),Pulses and Legumes,,337.7,,20.1,5.3,60.9,7.6,202,4.9,3,North India,Vegetarian,Breakfast,Grilled,N/A,0,Synthetic_IFCT_schema,Synthetic_Variant
SYN02000,Pomegranate (fried),Fruits,,88.3,347,1.7,1.2,18.7,4.0,10,0.3,10,West India,Vegetarian,Main Course,Fried,,0,Synthetic_IFCT_schema,Synthetic_Variant
SYN02001,Pomegranate (raw),Fruits,,86.6,347,1.7,1.2,18.7,4.0,10,,10,West India,Vegetarian,Snack,N/A,150,0,Synthetic_IFCT_schema,Synthetic_Variant
SYN02002,Pomegranate (fried),Fruits,Scientific_67,88.1,347,1.7,1.2,18.7,4.0,10,0.3,10,West India,Non-Vegetarian,lunch,Roasted,200,0,Synthetic_IFCT_schema,Synthetic_Variant
SYN02003,Guava (fried),Fruits,,65.4,285,2.6,1.0,14.3,5.4,18,,228,Maharashtra,Vegetarian,Snack,Baked,N/A,0,Synthetic_IFCT_schema,Synthetic_Variant
SYN02004,Machher jhol (roasted),Composite Dishes,,150.7,649,17.0,9.0,3.0,0.6,,,,East India,Non-Vegetarian,Dessert,Boiled,100,1,Synthetic_IFCT_schema,Synthetic_Variant
SYN02005,Rasam (roasted),Composite Dishes,,30.3,125,1.2,0.8,4.5,,,,,South India,Vegetarian,Beverage,,100,1,Synthetic_IFCT_schema,Synthetic_Variant
SYN02006,"Papaya, ripe (fried)",Fruits,,43.9,180,0.5,0.1,10.8,1.7,20,0.1,62,South India,Vegetarian,snack,Fried,,0,Synthetic_IFCT_schema,Synthetic_Variant
SYN02007,"Masoor dal, raw (boiled)",Pulses and Legumes,,341.0,1435,25.1,0.9,59.0,3.5,68,7.6,1,Southern,Vegetarian,lunch,Grilled,100,0,Synthetic_IFCT_schema,Synthetic_Variant
SYN02008,"Masoor dal, raw (roasted)",Pulses and Legumes,,329.2,1435,25.1,0.9,59.0,3.5,68,7.6,1,Southern,Vegetarian,lunch,Grilled,100,0,Synthetic_IFCT_schema,Synthetic_Variant
SYN02009,"Momos, veg (steamed) (boiled)",Composite Dishes,,177.8,753,5.5,5.5,28.0,2.0,,,,East India,Vegetarian,lunch,Steamed,100,1,Synthetic_IFCT_schema,Synthetic_Variant
SYN02010,Pomegranate (boiled),Fruits,Scientific_63,78.7,347,1.7,1.2,18.7,4.0,10,0.3,10,West India,Vegetarian,Any,Baked,N/A,0,Synthetic_IFCT_schema,Synthetic_Variant
SYN02011,Pomegranate (raw),Fruits,Scientific_71,87.1,347,1.7,1.2,18.7,4.0,10,0.3,10,West India,Vegetarian,Breakfast,Fried,100,0,Synthetic_IFCT_schema,Synthetic_Variant
SYN02012,Dhokla (raw),Composite Dishes,,77.9,318,3.5,1.5,12.0,0.8,,,,West India,Vegetarian,Breakfast,N/A,100,1,Synthetic_IFCT_schema,Synthetic_Variant
SYN02013,Pomegranate (steamed),Fruits,Scientific_40,80.1,347,1.7,1.2,18.7,4.0,10,0.3,10,West India,Vegetarian,Any,Cooked,N/A,0,Synthetic_IFCT_schema,Synthetic_Variant
SYN02014,Pomegranate (roasted),Fruits,Scientific_45,86.3,347,1.7,1.2,18.7,4.0,10,0.3,,West India,Veg,breakfast,Roasted,N/A,0,Synthetic_IFCT_schema,Synthetic_Variant
SYN02015,Pomegranate (boiled),Fruits,Scientific_47,86.4,,1.7,1.2,18.7,4.0,10,0.3,10,West India,Non-Veg,snack,Grilled,200,0,Synthetic_IFCT_schema,Synthetic_Variant
SYN02016,Pomegranate (fried),Fruits,,89.0,347,1.7,1.2,18.7,4.0,10,0.3,10,West India,non-vegetarian,,Roasted,100,0,Synthetic_IFCT_schema,Synthetic_Variant
SYN02017,Methi thepla (steamed),Composite Dishes,,266.5,1193,7.5,12.0,38.0,3.0,,,,West India,Vegetarian,Beverage,Boiled,100,1,Synthetic_IFCT_schema,Synthetic_Variant
SYN02018,Pomegranate (fried),Fruits,Scientific_45,85.8,347,1.7,1.2,18.7,4.0,10,0.3,,West India,Veg,breakfast,Roasted,N/A,0,Synthetic_IFCT_schema,Synthetic_Variant
SYN02019,Pomegranate (roasted),Fruits,,85.2,347,1.7,1.2,18.7,4.0,10,0.3,,West India,Vegetarian,Snack,Baked,200,0,Synthetic_IFCT_schema,Synthetic_Variant
SYN02020,Dhokla (steamed),Composite Dishes,,70.4,318,3.5,1.5,12.0,0.8,,,,West India,Vegetarian,Breakfast,N/A,100,1,Synthetic_IFCT_schema,Synthetic_Variant
SYN02021,Pomegranate (steamed),Fruits,,88.6,347,1.7,1.2,18.7,4.0,10,0.3,10,West India,Vegetarian,Snack,Boiled,N/A,0,Synthetic_IFCT_schema,Synthetic_Variant
SYN02022,Pomegranate (boiled),Fruits,Scientific_66,81.5,347,1.7,1.2,18.7,4.0,10,0.3,10,West India,Vegetarian,Dessert,Raw,200,0,Synthetic_IFCT_schema,Synthetic_Variant
SYN02023,"Chana dal, raw (boiled)",Pulses and Legumes,Scientific_12,391.4,1556,20.8,5.6,59.8,,56,4.9,1,North India,Vegetarian,breakfast,Cooked,100,0,Synthetic_IFCT_schema,Synthetic_Variant
SYN02024,Pomegranate (fried),Fruits,Scientific_73,82.5,347,1.7,1.2,18.7,4.0,10,0.3,10,West India,Vegetarian,snack,Cooked,100,0,Synthetic_IFCT_schema,Synthetic_Variant
SYN02025,Bitter gourd (Karela) (steamed),Vegetables,Scientific_27,15.8,,1.0,0.2,3.4,2.8,20,0.6,84,Pan India,Vegetarian,snack,,,0,Synthetic_IFCT_schema,Synthetic_Variant
SYN02026,"Soybean, raw (raw)",Pulses and Legumes,,410.2,1808,36.5,19.9,30.2,9.3,240,,,West India,Vegetarian,Any,Boiled,150,0,Synthetic_IFCT_schema,Synthetic_Variant
SYN02027,Pomegranate (boiled),Fruits,,83.2,347,1.7,1.2,18.7,4.0,10,0.3,10,West India,Vegetarian,Beverage,Steamed,,0,Synthetic_IFCT_schema,Synthetic_Variant
SYN02028,Guava (raw),Fruits,,71.3,285,2.6,1.0,14.3,5.4,18,,228,Maharashtra,Vegetarian,Snack,Baked,N/A,0,Synthetic_IFCT_schema,Synthetic_Variant
SYN02029,Pomegranate (fried),Fruits,Scientific_47,89.5,,1.7,1.2,18.7,4.0,10,0.3,10,West India,Non-Veg,snack,Grilled,200,0,Synthetic_IFCT_schema,Synthetic_Variant
SYN02030,Pomegranate (fried),Fruits,,77.4,347,1.7,1.2,18.7,,10,0.3,10,West India,Vegetarian,Dinner,Baked,100,0,Synthetic_IFCT_schema,Synthetic_Variant
SYN02031,Pomegranate (fried),Fruits,Scientific_50,78.8,347,1.7,1.2,18.7,4.0,10,0.3,,North India,Veg,Beverage,Steamed,100,0,Synthetic_IFCT_schema,Synthetic_Variant
SYN02032,Watermelon (boiled),Fruits,,27.8,125,0.6,0.2,7.6,0.4,7,,8,Pan India,Vegetarian,Breakfast,,200,0,Synthetic_IFCT_schema,Synthetic_Variant
SYN02033,Pomegranate (fried),Fruits,,76.4,347,1.7,1.2,18.7,4.0,10,0.3,10,West India,Vegetarian,Beverage,Steamed,,0,Synthetic_IFCT_schema,Synthetic_Variant
SYN02034,Methi thepla (fried),Composite Dishes,,262.8,1193,7.5,12.0,38.0,3.0,,,,West India,Vegetarian,Beverage,Boiled,100,1,Synthetic_IFCT_schema,Synthetic_Variant
SYN02035,Pomegranate (raw),Fruits,,85.6,347,1.7,1.2,18.7,4.0,10,0.3,10,Unknown,Vegetarian,Beverage,Steamed,N/A,0,Synthetic_IFCT_schema,Synthetic_Variant
SYN02036,Pomegranate (raw),Fruits,Scientific_78,80.3,347,1.7,1.2,18.7,4.0,10,0.3,10,West India,Vegetarian,,,,0,Synthetic_IFCT_schema,Synthetic_Variant
SYN02037,Pomegranate (steamed),Fruits,,,347,1.7,1.2,18.7,4.0,,0.3,10,West India,Vegetarian,Main Course,Steamed,200,0,Synthetic_IFCT_schema,Synthetic_Variant
SYN02038,Pomegranate (raw),Fruits,Scientific_79,77.8,347,1.7,1.2,18.7,,,0.3,,West India,Vegetarian,lunch,Fried,200,0,Synthetic_IFCT_schema,Synthetic_Variant
SYN02039,Pomegranate (roasted),Fruits,Scientific_78,78.9,347,1.7,1.2,18.7,4.0,10,0.3,10,West India,Vegetarian,,,,0,Synthetic_IFCT_schema,Synthetic_Variant
SYN02040,"Rice, cooked (raw)",Cereals and Millets,,128.9,544,2.7,0.3,28.2,,3,0.2,0,Pan India,non-vegetarian,Snack,Baked,100,0,Synthetic_IFCT_schema,Synthetic_Variant
SYN02041,"Cauliflower, raw (fried)",Vegetables,,23.1,105,1.9,0.4,4.9,2.5,22,0.4,,Western,Non-Veg,Breakfast,Steamed,200,0,Synthetic_IFCT_schema,Synthetic_Variant
SYN02042,"Papaya, ripe (raw)",Fruits,,41.2,180,0.5,0.1,10.8,1.7,20,0.1,62,South India,Vegetarian,snack,Fried,,0,Synthetic_IFCT_schema,Synthetic_Variant
SYN02043,"Toor dal, raw (boiled)",Pulses and Legumes,,319.7,,22.3,1.7,57.6,4.2,73,5.6,0,Pan India,Vegetarian,Dessert,Baked,100,0,Synthetic_IFCT_schema,Synthetic_Variant
SYN02044,Pomegranate (fried),Fruits,,88.6,347,1.7,1.2,18.7,4.0,10,0.3,10,East,Vegetarian,snack,Grilled,100,0,Synthetic_IFCT_schema,Synthetic_Variant
SYN02045,"Coconut, fresh (roasted)",Nuts and Oilseeds,Scientific_30,346.1,1482,3.3,33.5,15.2,9.0,14,1.9,3,South India,Vegetarian,Lunch,,200,0,Synthetic_IFCT_schema,Synthetic_Variant
SYN02046,Pomegranate (boiled),Fruits,Scientific_66,84.0,347,1.7,1.2,18.7,4.0,10,0.3,10,West India,Vegetarian,Dessert,Raw,200,0,Synthetic_IFCT_schema,Synthetic_Variant
SYN02047,Brinjal (Eggplant) (raw),Vegetables,,23.1,105,1.4,0.3,5.5,3.4,18,0.3,2,Pan India,Vegetarian,lunch,Steamed,100,0,Synthetic_IFCT_schema,Synthetic_Variant
SYN02048,"Chana dal, raw (fried)",Pulses and Legumes,Scientific_12,366.7,1556,20.8,5.6,59.8,,56,4.9,1,North India,Vegetarian,breakfast,Cooked,100,0,Synthetic_IFCT_schema,Synthetic_Variant
SYN02049,Appam (raw),Composite Dishes,,120.1,502,2.5,2.8,22.0,0.5,,,,South India,Vegetarian,Beverage,N/A,100,1,Synthetic_IFCT_schema,Synthetic_Variant
SYN02050,Bottle gourd (Lauki) (fried),Vegetables,,13.0,59,0.6,0.1,3.4,0.5,26,0.5,10,Pan India,Vegetarian,Beverage,Fried,150,0,Synthetic_IFCT_schema,Synthetic_Variant
SYN02051,"Tomato, raw (roasted)",Vegetables,,,75,0.9,0.2,3.9,1.2,13,,27,Pan India,Vegetarian,Dessert,Roasted,100,0,Synthetic_IFCT_schema,Synthetic_Variant
SYN02052,Puttu (fried),Composite Dishes,,173.1,733,3.5,1.2,38.0,1.5,,,,South India,Vegetarian,Main Course,,100,1,Synthetic_IFCT_schema,Synthetic_Variant
SYN02053,Pomegranate (fried),Fruits,Scientific_68,79.9,347,1.7,1.2,18.7,4.0,10,0.3,10,Northern,Veg,dinner,Steamed,N/A,0,Synthetic_IFCT_schema,Synthetic_Variant
SYN02054,"Jackfruit, raw (roasted)",Fruits,,95.6,398,1.7,0.6,23.2,1.5,,,,South India,Vegetarian,Any,Baked,100,0,Synthetic_IFCT_schema,Synthetic_Variant
SYN02055,Pomegranate (roasted),Fruits,,79.5,347,1.7,1.2,18.7,4.0,,0.3,10,West India,Vegetarian,breakfast,,,0,Synthetic_IFCT_schema,Synthetic_Variant
SYN02056,Pomegranate (boiled),Fruits,Scientific_69,80.7,347,1.7,1.2,18.7,4.0,10,0.3,,West India,Vegetarian,Dinner,Fried,150,0,Synthetic_IFCT_schema,Synthetic_Variant
SYN02057,Pomegranate (fried),Fruits,Scientific_71,86.2,347,1.7,1.2,18.7,4.0,10,0.3,10,West India,Vegetarian,Breakfast,Fried,100,0,Synthetic_IFCT_schema,Synthetic_Variant
SYN02058,Pomegranate (steamed),Fruits,,83.6,347,1.7,1.2,18.7,4.0,10,0.3,,West India,Veg,lunch,,,0,Synthetic_IFCT_schema,Synthetic_Variant
SYN02059,Pomegranate (boiled),Fruits,,86.7,347,1.7,1.2,18.7,4.0,10,0.3,10,East,Vegetarian,snack,Grilled,100,0,Synthetic_IFCT_schema,Synthetic_Variant
SYN02060,Pomegranate (fried),Fruits,Scientific_68,76.7,347,1.7,1.2,18.7,4.0,10,0.3,10,Northern,Veg,dinner,Steamed,N/A,0,Synthetic_IFCT_schema,Synthetic_Variant
SYN02061,Pomegranate (boiled),Fruits,Scientific_61,79.1,347,1.7,1.2,18.7,4.0,10,0.3,,West India,Vegetarian,Dessert,,100,0,Synthetic_IFCT_schema,Synthetic_Variant
SYN02062,"Chana dal, raw (raw)",Pulses and Legumes,Scientific_12,384.5,1556,20.8,5.6,59.8,,56,4.9,1,North India,Vegetarian,breakfast,Cooked,100,0,Synthetic_IFCT_schema,Synthetic_Variant
SYN02063,Pomegranate (raw),Fruits,,,347,1.7,1.2,18.7,4.0,10,0.3,10,North,Vegetarian,Snack,Roasted,,0,Synthetic_IFCT_schema,Synthetic_Variant
SYN02064,Pomegranate (roasted),Fruits,Scientific_68,79.0,347,1.7,1.2,18.7,4.0,10,0.3,10,Northern,Veg,dinner,Steamed,N/A,0,Synthetic_IFCT_schema,Synthetic_Variant
SYN02065,Sabudana (Tapioca pearls) (raw),Cereals and Millets,,328.9,1469,0.2,0.2,88.7,0.9,,,,West India,Vegetarian,Dinner,Steamed,100,0,Synthetic_IFCT_schema,Synthetic_Variant
SYN02066,Pomegranate (fried),Fruits,,86.5,347,1.7,1.2,18.7,4.0,10,0.3,10,Unknown,Vegetarian,Beverage,Steamed,N/A,0,Synthetic_IFCT_schema,Synthetic_Variant
SYN02067,Rasam (fried),Composite Dishes,,30.7,125,1.2,0.8,4.5,,,,,South India,Vegetarian,Beverage,,100,1,Synthetic_IFCT_schema,Synthetic_Variant
SYN02068,Pomegranate (steamed),Fruits,,76.5,347,1.7,1.2,18.7,4.0,10,0.3,10,West India,Vegetarian,Beverage,Steamed,,0,Synthetic_IFCT_schema,Synthetic_Variant
SYN02069,Puttu (raw),Composite Dishes,,161.5,733,3.5,1.2,38.0,1.5,,,,South India,Vegetarian,Main Course,,100,1,Synthetic_IFCT_schema,Synthetic_Variant
SYN02070,"Cauliflower, raw (roasted)",Vegetables,,24.3,105,1.9,0.4,4.9,2.5,22,0.4,,Western,Non-Veg,Breakfast,Steamed,200,0,Synthetic_IFCT_schema,Synthetic_Variant
SYN02071,Pomegranate (roasted),Fruits,,79.1,347,1.7,1.2,18.7,4.0,10,0.3,10,Unknown,Vegetarian,Beverage,Steamed,N/A,0,Synthetic_IFCT_schema,Synthetic_Variant
SYN02072,Pomegranate (roasted),Fruits,Scientific_61,78.3,347,1.7,1.2,18.7,4.0,10,0.3,,West India,Vegetarian,Dessert,,100,0,Synthetic_IFCT_schema,Synthetic_Variant
SYN02073,Jowar (Sorghum) (raw),Cereals and Millets,Scientific_5,349.6,,10.4,1.9,72.6,1.6,25,,0,Unknown,Vegetarian,Main Course,Fried,,0,Synthetic_IFCT_schema,Synthetic_Variant
SYN02074,Pomegranate (boiled),Fruits,,,347,1.7,1.2,18.7,4.0,10,0.3,10,North,Vegetarian,Snack,Roasted,,0,Synthetic_IFCT_schema,Synthetic_Variant
SYN02075,Pomegranate (boiled),Fruits,,80.2,347,1.7,1.2,18.7,4.0,10,0.3,10,Unknown,Vegetarian,Beverage,Steamed,N/A,0,Synthetic_IFCT_schema,Synthetic_Variant
SYN02076,Bottle gourd (Lauki) (fried),Vegetables,,13.9,59,0.6,0.1,3.4,0.5,26,0.5,10,Pan India,Vegetarian,Beverage,Fried,150,0,Synthetic_IFCT_schema,Synthetic_Variant
SYN02077,Pomegranate (raw),Fruits,,76.9,347,1.7,1.2,18.7,4.0,10,,10,West India,Vegetarian,Snack,N/A,150,0,Synthetic_IFCT_schema,Synthetic_Variant
SYN02078,Pomegranate (fried),Fruits,Scientific_70,,347,1.7,1.2,18.7,,10,0.3,10,West India,Veg,Main Course,Baked,200,0,Synthetic_IFCT_schema,Synthetic_Variant
SYN02079,"Urad dal, raw (steamed)",Pulses and Legumes,Scientific_15,,1428,25.1,1.4,59.0,1.8,154,4.5,0,South India,Vegetarian,Main Course,Grilled,N/A,0,Synthetic_IFCT_schema,Synthetic_Variant
SYN02080,Machher jhol (steamed),Composite Dishes,,166.9,649,17.0,9.0,3.0,0.6,,,,East India,Non-Vegetarian,Dessert,Boiled,100,1,Synthetic_IFCT_schema,Synthetic_Variant
SYN02081,Pomegranate (fried),Fruits,,87.5,347,1.7,1.2,18.7,4.0,10,0.3,10,West India,non-vegetarian,,Roasted,100,0,Synthetic_IFCT_schema,Synthetic_Variant
SYN02082,"Momos, veg (steamed) (fried)",Composite Dishes,,190.4,753,5.5,5.5,28.0,2.0,,,,East India,Vegetarian,lunch,Steamed,100,1,Synthetic_IFCT_schema,Synthetic_Variant
SYN02083,Amla (Indian gooseberry) (roasted),Fruits,,42.4,184,0.9,0.6,10.2,4.3,50,1.2,600,Western,Vegetarian,breakfast,Roasted,150,0,Synthetic_IFCT_schema,Synthetic_Variant
SYN02084,Pomegranate (roasted),Fruits,Scientific_70,,347,1.7,1.2,18.7,,10,0.3,10,West India,Veg,Main Course,Baked,200,0,Synthetic_IFCT_schema,Synthetic_Variant
SYN02085,Pomegranate (boiled),Fruits,Scientific_47,85.1,,1.7,1.2,18.7,4.0,10,0.3,10,West India,Non-Veg,snack,Grilled,200,0,Synthetic_IFCT_schema,Synthetic_Variant
SYN02086,Pomegranate (raw),Fruits,,83.1,347,1.7,1.2,18.7,4.0,10,0.3,,West India,Vegetarian,Snack,Baked,200,0,Synthetic_IFCT_schema,Synthetic_Variant
SYN02087,Pomegranate (raw),Fruits,,79.3,347,1.7,1.2,18.7,4.0,,0.3,10,West India,Vegetarian,Main Course,Grilled,,0,Synthetic_IFCT_schema,Synthetic_Variant
SYN02088,"Onion, raw (roasted)",Vegetables,,40.6,167,1.1,0.1,9.3,1.7,23,0.4,7,Pan India,Vegetarian,lunch,Cooked,200,0,Synthetic_IFCT_schema,Synthetic_Variant
SYN02089,Pomegranate (raw),Fruits,Scientific_79,77.1,347,1.7,1.2,18.7,,,0.3,,West India,Vegetarian,lunch,Fried,200,0,Synthetic_IFCT_schema,Synthetic_Variant
SYN02090,"Toor dal, raw (raw)",Pulses and Legumes,,361.7,,22.3,1.7,57.6,4.2,73,5.6,0,Pan India,Vegetarian,Dessert,Baked,100,0,Synthetic_IFCT_schema,Synthetic_Variant
SYN02091,Pomegranate (steamed),Fruits,,,347,1.7,1.2,18.7,4.0,10,0.3,10,North,Vegetarian,Snack,Roasted,,0,Synthetic_IFCT_schema,Synthetic_Variant
SYN02092,"Cauliflower, raw (raw)",Vegetables,,25.3,105,1.9,0.4,4.9,2.5,22,0.4,,Western,Non-Veg,Breakfast,Steamed,200,0,Synthetic_IFCT_schema,Synthetic_Variant
SYN02093,Appam (steamed),Composite Dishes,,129.0,502,2.5,2.8,22.0,0.5,,,,South India,Vegetarian,Beverage,N/A,100,1,Synthetic_IFCT_schema,Synthetic_Variant
SYN02094,Pomegranate (roasted),Fruits,,83.1,,1.7,1.2,18.7,4.0,10,0.3,10,West India,Vegetarian,Dessert,Baked,150,0,Synthetic_IFCT_schema,Synthetic_Variant
SYN02095,Kabuli chana (roasted),Pulses and Legumes,,331.9,,20.1,5.3,60.9,7.6,202,4.9,3,North India,Vegetarian,Breakfast,Grilled,N/A,0,Synthetic_IFCT_schema,Synthetic_Variant
SYN02096,Pomegranate (raw),Fruits,Scientific_62,79.9,347,1.7,1.2,18.7,4.0,10,0.3,10,West India,non-vegetarian,snack,Fried,,0,Synthetic_IFCT_schema,Synthetic_Variant
SYN02097,Guava (boiled),Fruits,,64.3,285,2.6,1.0,14.3,5.4,18,,228,Maharashtra,Vegetarian,Snack,Baked,N/A,0,Synthetic_IFCT_schema,Synthetic_Variant
SYN02098,"Chana dal, raw (boiled)",Pulses and Legumes,Scientific_12,354.9,1556,20.8,5.6,59.8,,56,4.9,1,North India,Vegetarian,breakfast,Cooked,100,0,Synthetic_IFCT_schema,Synthetic_Variant
SYN02099,Pomegranate (fried),Fruits,,78.7,347,1.7,1.2,18.7,4.0,10,0.3,10,West India,Vegetarian,Breakfast,N/A,,0,Synthetic_IFCT_schema,Synthetic_Variant
SYN02100,Pomegranate (roasted),Fruits,,77.9,347,1.7,1.2,18.7,4.0,,0.3,10,West India,Vegetarian,breakfast,,,0,Synthetic_IFCT_schema,Synthetic_Variant
SYN02101,Pomegranate (boiled),Fruits,,81.9,347,1.7,1.2,18.7,,10,0.3,10,West India,Vegetarian,Dinner,Baked,100,0,Synthetic_IFCT_schema,Synthetic_Variant
SYN02102,"Potato, raw (fried)",Vegetables,Scientific_20,81.2,322,1.9,0.1,17.8,1.8,11,0.7,13,Pan India,Vegetarian,lunch,Cooked,150,0,Synthetic_IFCT_schema,Synthetic_Variant
SYN02103,"Soybean, raw (roasted)",Pulses and Legumes,,420.1,1808,36.5,19.9,30.2,9.3,240,,,West India,Vegetarian,Any,Boiled,150,0,Synthetic_IFCT_schema,Synthetic_Variant
SYN02104,"Cauliflower, raw (boiled)",Vegetables,,24.3,105,1.9,0.4,4.9,2.5,22,0.4,,Western,Non-Veg,Breakfast,Steamed,200,0,Synthetic_IFCT_schema,Synthetic_Variant
SYN02105,Pomegranate (fried),Fruits,Scientific_63,80.5,347,1.7,1.2,18.7,4.0,10,0.3,10,West India,Vegetarian,Any,Baked,N/A,0,Synthetic_IFCT_schema,Synthetic_Variant
SYN02106,Methi thepla (boiled),Composite Dishes,,294.9,1193,7.5,12.0,38.0,3.0,,,,West India,Vegetarian,Beverage,Boiled,100,1,Synthetic_IFCT_schema,Synthetic_Variant
SYN02107,Pomegranate (fried),Fruits,,78.7,347,1.7,1.2,18.7,4.0,10,0.3,10,West India,Vegetarian,Beverage,Steamed,,0,Synthetic_IFCT_schema,Synthetic_Variant
SYN02108,Avial (roasted),Composite Dishes,,109.3,481,2.8,6.5,12.0,3.0,,,,South India,Vegetarian,lunch,,100,1,Synthetic_IFCT_schema,Synthetic_Variant
SYN02109,Rasam (raw),Composite Dishes,,28.1,125,1.2,0.8,4.5,,,,,South India,Vegetarian,Beverage,,100,1,Synthetic_IFCT_schema,Synthetic_Variant
SYN02110,Pomegranate (roasted),Fruits,,,347,1.7,1.2,18.7,4.0,10,0.3,,West India,Vegetarian,breakfast,Fried,,0,Synthetic_IFCT_schema,Synthetic_Variant
SYN02111,Shrikhand (steamed),Milk and Milk Products,,208.7,921,7.0,7.0,33.0,,,,,West India,Vegetarian,Dinner,Cooked,100,0,Synthetic_IFCT_schema,Synthetic_Variant
SYN02112,"Jackfruit, raw (roasted)",Fruits,,92.0,398,1.7,0.6,23.2,1.5,,,,South India,Vegetarian,Any,Baked,100,0,Synthetic_IFCT_schema,Synthetic_Variant
SYN02113,Pomegranate (raw),Fruits,Scientific_69,81.7,347,1.7,1.2,18.7,4.0,10,0.3,,West India,Vegetarian,Dinner,Fried,150,0,Synthetic_IFCT_schema,Synthetic_Variant
SYN02114,Pomegranate (steamed),Fruits,Scientific_40,78.2,347,1.7,1.2,18.7,4.0,10,0.3,10,West India,Vegetarian,Any,Cooked,N/A,0,Synthetic_IFCT_schema,Synthetic_Variant
SYN02115,Guava (roasted),Fruits,,67.4,285,2.6,1.0,14.3,5.4,18,,228,Maharashtra,Vegetarian,Snack,Baked,N/A,0,Synthetic_IFCT_schema,Synthetic_Variant
SYN02116,Pomegranate (fried),Fruits,Scientific_59,81.5,347,1.7,1.2,18.7,4.0,10,0.3,10,West India,Vegetarian,Dessert,Steamed,150,0,Synthetic_IFCT_schema,Synthetic_Variant
SYN02117,"Moong dal, raw (raw)",Pulses and Legumes,,345.2,,24.0,1.3,59.9,4.1,75,6.7,7,Pan India,Vegetarian,,,,0,Synthetic_IFCT_schema,Synthetic_Variant
SYN02118,Pomegranate (fried),Fruits,Scientific_71,79.8,347,1.7,1.2,18.7,4.0,10,0.3,10,West India,Vegetarian,Breakfast,Fried,100,0,Synthetic_IFCT_schema,Synthetic_Variant
SYN02119,Pomegranate (raw),Fruits,,87.2,347,1.7,1.2,18.7,4.0,10,0.3,10,West India,Vegetarian,Dessert,N/A,100,0,Synthetic_IFCT_schema,Synthetic_Variant
SYN02120,Bamboo shoots (steamed),Vegetables,,25.7,113,2.6,0.3,5.2,2.2,,,,East India,Vegetarian,Dinner,Boiled,100,0,Synthetic_IFCT_schema,Synthetic_Variant
SYN02121,Rasam (fried),Composite Dishes,,30.8,125,1.2,0.8,4.5,,,,,South India,Vegetarian,Beverage,,100,1,Synthetic_IFCT_schema,Synthetic_Variant
SYN02122,Pomegranate (fried),Fruits,,83.5,347,1.7,1.2,18.7,4.0,10,0.3,10,East,Vegetarian,snack,Grilled,100,0,Synthetic_IFCT_schema,Synthetic_Variant
SYN02123,Pomegranate (boiled),Fruits,,87.3,347,1.7,1.2,18.7,,10,0.3,10,West India,Vegetarian,Dinner,Baked,100,0,Synthetic_IFCT_schema,Synthetic_Variant
SYN02124,Pomegranate (fried),Fruits,,79.8,347,1.7,1.2,18.7,4.0,10,0.3,10,West India,Vegetarian,Lunch,Steamed,100,0,Synthetic_IFCT_schema,Synthetic_Variant
SYN02125,Pomegranate (roasted),Fruits,Scientific_68,88.4,347,1.7,1.2,18.7,4.0,10,0.3,10,Northern,Veg,dinner,Steamed,N/A,0,Synthetic_IFCT_schema,Synthetic_Variant
SYN02126,Pomegranate (fried),Fruits,Scientific_80,,347,1.7,1.2,18.7,4.0,10,0.3,10,West India,Vegetarian,lunch,Cooked,200,0,Synthetic_IFCT_schema,Synthetic_Variant
SYN02127,"Masoor dal, raw (roasted)",Pulses and Legumes,,351.9,1435,25.1,0.9,59.0,3.5,68,7.6,1,Southern,Vegetarian,lunch,Grilled,100,0,Synthetic_IFCT_schema,Synthetic_Variant
SYN02128,Pomegranate (boiled),Fruits,,,347,1.7,1.2,18.7,4.0,,0.3,10,West India,Vegetarian,Main Course,Steamed,200,0,Synthetic_IFCT_schema,Synthetic_Variant
SYN02129,"Momos, veg (steamed) (raw)",Composite Dishes,,192.8,753,5.5,5.5,28.0,2.0,,,,East India,Vegetarian,lunch,Steamed,100,1,Synthetic_IFCT_schema,Synthetic_Variant
SYN02130,Pomegranate (boiled),Fruits,,89.2,347,1.7,1.2,18.7,4.0,10,0.3,10,Unknown,Vegetarian,Beverage,Steamed,N/A,0,Synthetic_IFCT_schema,Synthetic_Variant
SYN02131,Maize flour (roasted),Cereals and Millets,Scientific_7,382.9,1485,8.7,3.6,70.0,2.7,9,2.3,,Pan India,Vegetarian,Main Course,N/A,N/A,0,Synthetic_IFCT_schema,Synthetic_Variant
SYN02132,Bajra (Pearl millet) (steamed),Cereals and Millets,,383.8,1519,11.6,5.0,67.5,1.2,42,8.0,0,West India,Vegetarian,Main Course,Cooked,150,0,Synthetic_IFCT_schema,Synthetic_Variant
SYN02133,"Moong dal, raw (fried)",Pulses and Legumes,,343.1,,24.0,1.3,59.9,4.1,75,6.7,7,Pan India,Vegetarian,,,,0,Synthetic_IFCT_schema,Synthetic_Variant
SYN02134,"Cauliflower, raw (fried)",Vegetables,,26.6,105,1.9,0.4,4.9,2.5,22,0.4,,Western,Non-Veg,Breakfast,Steamed,200,0,Synthetic_IFCT_schema,Synthetic_Variant
SYN02135,Pomegranate (roasted),Fruits,,76.9,347,1.7,1.2,18.7,,10,0.3,10,West India,Vegetarian,Dinner,Baked,100,0,Synthetic_IFCT_schema,Synthetic_Variant
SYN02136,Pomegranate (roasted),Fruits,Scientific_78,85.9,347,1.7,1.2,18.7,4.0,10,0.3,10,West India,Vegetarian,,,,0,Synthetic_IFCT_schema,Synthetic_Variant
SYN02137,Pomegranate (boiled),Fruits,Scientific_66,85.4,347,1.7,1.2,18.7,4.0,10,0.3,10,West India,Vegetarian,Dessert,Raw,200,0,Synthetic_IFCT_schema,Synthetic_Variant
SYN02138,Pomegranate (boiled),Fruits,Scientific_63,83.5,347,1.7,1.2,18.7,4.0,10,0.3,10,West India,Vegetarian,Any,Baked,N/A,0,Synthetic_IFCT_schema,Synthetic_Variant
SYN02139,"Coconut, fresh (roasted)",Nuts and Oilseeds,Scientific_30,380.7,1482,3.3,33.5,15.2,9.0,14,1.9,3,South India,Vegetarian,Lunch,,200,0,Synthetic_IFCT_schema,Synthetic_Variant
SYN02140,"Coconut, fresh (boiled)",Nuts and Oilseeds,Scientific_30,371.9,1482,3.3,33.5,15.2,9.0,14,1.9,3,South India,Vegetarian,Lunch,,200,0,Synthetic_IFCT_schema,Synthetic_Variant
SYN02141,Pomegranate (fried),Fruits,,76.8,347,1.7,1.2,18.7,4.0,10,0.3,10,West India,non-vegetarian,,Roasted,100,0,Synthetic_IFCT_schema,Synthetic_Variant
SYN02142,Pomegranate (roasted),Fruits,Scientific_65,81.5,347,1.7,1.2,18.7,4.0,10,0.3,10,West India,Vegetarian,Main Course,Baked,N/A,0,Synthetic_IFCT_schema,Synthetic_Variant
SYN02143,Pomegranate (boiled),Fruits,Scientific_45,88.5,347,1.7,1.2,18.7,4.0,10,0.3,,West India,Veg,breakfast,Roasted,N/A,0,Synthetic_IFCT_schema,Synthetic_Variant
SYN02144,Pomegranate (raw),Fruits,,,347,1.7,1.2,18.7,4.0,,0.3,10,West India,Vegetarian,Main Course,Steamed,200,0,Synthetic_IFCT_schema,Synthetic_Variant
SYN02145,Pomegranate (raw),Fruits,,82.6,347,1.7,1.2,18.7,4.0,10,0.3,10,West India,Vegetarian,Main Course,,N/A,0,Synthetic_IFCT_schema,Synthetic_Variant
SYN02146,Litti chokha (fried),Composite Dishes,,316.8,1340,9.0,10.0,50.0,3.5,,,,East India,Vegetarian,Beverage,Fried,100,1,Synthetic_IFCT_schema,Synthetic_Variant
SYN02147,Appam (roasted),Composite Dishes,,116.7,502,2.5,2.8,22.0,0.5,,,,South India,Vegetarian,Beverage,N/A,100,1,Synthetic_IFCT_schema,Synthetic_Variant
SYN02148,Pomegranate (boiled),Fruits,,76.8,347,1.7,1.2,18.7,4.0,10,0.3,10,West India,Vegetarian,Snack,Boiled,N/A,0,Synthetic_IFCT_schema,Synthetic_Variant
SYN02149,"Peanut, raw (raw)",Nuts and Oilseeds,Scientific_19,539.5,,25.8,49.2,16.1,8.5,92,4.6,0,West India,Non-Vegetarian,Dinner,Cooked,,0,Synthetic_IFCT_schema,Synthetic_Variant
SYN02150,Pomegranate (roasted),Fruits,Scientific_69,86.0,347,1.7,1.2,18.7,4.0,10,0.3,,West India,Vegetarian,Dinner,Fried,150,0,Synthetic_IFCT_schema,Synthetic_Variant
SYN02151,"Onion, raw (fried)",Vegetables,,40.1,167,1.1,0.1,9.3,1.7,23,0.4,7,Pan India,Vegetarian,lunch,Cooked,200,0,Synthetic_IFCT_schema,Synthetic_Variant
SYN02152,Pomegranate (fried),Fruits,Scientific_78,81.8,347,1.7,1.2,18.7,4.0,10,0.3,10,West India,Vegetarian,,,,0,Synthetic_IFCT_schema,Synthetic_Variant
SYN02153,Bamboo shoots (roasted),Vegetables,,27.6,113,2.6,0.3,5.2,2.2,,,,East India,Vegetarian,Dinner,Boiled,100,0,Synthetic_IFCT_schema,Synthetic_Variant
SYN02154,Litti chokha (boiled),Composite Dishes,,304.5,1340,9.0,10.0,50.0,3.5,,,,East India,Vegetarian,Beverage,Fried,100,1,Synthetic_IFCT_schema,Synthetic_Variant
SYN02155,Pomegranate (roasted),Fruits,,81.6,347,1.7,1.2,18.7,4.0,10,0.3,10,West India,Vegetarian,Snack,Boiled,N/A,0,Synthetic_IFCT_schema,Synthetic_Variant
SYN02156,Shrikhand (roasted),Milk and Milk Products,,216.6,921,7.0,7.0,33.0,,,,,West India,Vegetarian,Dinner,Cooked,100,0,Synthetic_IFCT_schema,Synthetic_Variant
SYN02157,Cowpea (Black-eyed pea) (fried),Pulses and Legumes,,332.7,1351,23.4,1.8,54.5,,227,8.6,1,South India,Vegetarian,Lunch,Roasted,200,0,Synthetic_IFCT_schema,Synthetic_Variant
SYN02158,Pomegranate (steamed),Fruits,,,347,1.7,1.2,18.7,4.0,10,0.3,10,North,Vegetarian,Snack,Roasted,,0,Synthetic_IFCT_schema,Synthetic_Variant
SYN02159,Okra (Bhindi) (boiled),Vegetables,Scientific_26,33.8,138,2.1,0.2,7.0,2.5,82,0.8,21,Pan India,non-vegetarian,,Fried,150,0,Synthetic_IFCT_schema,Synthetic_Variant
SYN02160,Pomegranate (boiled),Fruits,Scientific_40,84.3,347,1.7,1.2,18.7,4.0,10,0.3,10,West India,Vegetarian,Any,Cooked,N/A,0,Synthetic_IFCT_schema,Synthetic_Variant
SYN02161,Brinjal (Eggplant) (steamed),Vegetables,,26.9,105,1.4,0.3,5.5,3.4,18,0.3,2,Pan India,Vegetarian,lunch,Steamed,100,0,Synthetic_IFCT_schema,Synthetic_Variant
SYN02162,Pomegranate (boiled),Fruits,Scientific_45,84.9,347,1.7,1.2,18.7,4.0,10,0.3,,West India,Veg,breakfast,Roasted,N/A,0,Synthetic_IFCT_schema,Synthetic_Variant
SYN02163,Pomegranate (steamed),Fruits,,82.1,347,1.7,1.2,18.7,4.0,10,0.3,10,West India,Vegetarian,Snack,Grilled,150,0,Synthetic_IFCT_schema,Synthetic_Variant
SYN02164,Rasam (roasted),Composite Dishes,,32.4,125,1.2,0.8,4.5,,,,,South India,Vegetarian,Beverage,,100,1,Synthetic_IFCT_schema,Synthetic_Variant
SYN02165,Bamboo shoots (fried),Vegetables,,28.3,113,2.6,0.3,5.2,2.2,,,,East India,Vegetarian,Dinner,Boiled,100,0,Synthetic_IFCT_schema,Synthetic_Variant
SYN02166,Pomegranate (roasted),Fruits,Scientific_65,78.1,347,1.7,1.2,18.7,4.0,10,0.3,10,West India,Vegetarian,Main Course,Baked,N/A,0,Synthetic_IFCT_schema,Synthetic_Variant
SYN02167,Khandvi (boiled),Composite Dishes,,131.5,544,4.5,4.8,18.0,1.2,,,,West India,Vegetarian,breakfast,Roasted,100,1,Synthetic_IFCT_schema,Synthetic_Variant
SYN02168,Pomegranate (fried),Fruits,,86.9,347,1.7,1.2,18.7,4.0,10,0.3,10,West India,Vegetarian,Lunch,Steamed,100,0,Synthetic_IFCT_schema,Synthetic_Variant
SYN02169,Pomegranate (boiled),Fruits,,76.5,347,1.7,1.2,18.7,4.0,10,0.3,10,West India,Vegetarian,Main Course,,N/A,0,Synthetic_IFCT_schema,Synthetic_Variant
SYN02170,"Potato, raw (roasted)",Vegetables,Scientific_20,74.4,322,1.9,0.1,17.8,1.8,11,0.7,13,Pan India,Vegetarian,lunch,Cooked,150,0,Synthetic_IFCT_schema,Synthetic_Variant
SYN02171,"Momos, veg (steamed) (raw)",Composite Dishes,,192.9,753,5.5,5.5,28.0,2.0,,,,East India,Vegetarian,lunch,Steamed,100,1,Synthetic_IFCT_schema,Synthetic_Variant
SYN02172,Puttu (fried),Composite Dishes,,183.6,733,3.5,1.2,38.0,1.5,,,,South India,Vegetarian,Main Course,,100,1,Synthetic_IFCT_schema,Synthetic_Variant
SYN02173,Pomegranate (raw),Fruits,Scientific_73,78.9,347,1.7,1.2,18.7,4.0,10,0.3,10,West India,Vegetarian,snack,Cooked,100,0,Synthetic_IFCT_schema,Synthetic_Variant
SYN02174,Shrikhand (steamed),Milk and Milk Products,,213.6,921,7.0,7.0,33.0,,,,,West India,Vegetarian,Dinner,Cooked,100,0,Synthetic_IFCT_schema,Synthetic_Variant
SYN02175,Pomegranate (boiled),Fruits,,83.8,347,1.7,1.2,18.7,,10,0.3,10,West India,Vegetarian,Dinner,Baked,100,0,Synthetic_IFCT_schema,Synthetic_Variant
SYN02176,Pomegranate (boiled),Fruits,Scientific_61,86.8,347,1.7,1.2,18.7,4.0,10,0.3,,West India,Vegetarian,Dessert,,100,0,Synthetic_IFCT_schema,Synthetic_Variant
SYN02177,Pomegranate (steamed),Fruits,,83.8,347,1.7,1.2,18.7,4.0,10,0.3,10,West India,Vegetarian,Dessert,Steamed,150,0,Synthetic_IFCT_schema,Synthetic_Variant
SYN02178,Maize flour (boiled),Cereals and Millets,Scientific_7,353.0,1485,8.7,3.6,70.0,2.7,9,2.3,,Pan India,Vegetarian,Main Course,N/A,N/A,0,Synthetic_IFCT_schema,Synthetic_Variant
SYN02179,Guava (boiled),Fruits,,68.9,285,2.6,1.0,14.3,5.4,18,,228,Maharashtra,Vegetarian,Snack,Baked,N/A,0,Synthetic_IFCT_schema,Synthetic_Variant
SYN02180,Litti chokha (raw),Composite Dishes,,300.8,1340,9.0,10.0,50.0,3.5,,,,East India,Vegetarian,Beverage,Fried,100,1,Synthetic_IFCT_schema,Synthetic_Variant
SYN02181,Pomegranate (raw),Fruits,,77.0,347,1.7,1.2,18.7,4.0,10,0.3,10,West India,Vegetarian,Dessert,N/A,100,0,Synthetic_IFCT_schema,Synthetic_Variant
SYN02182,Watermelon (roasted),Fruits,,31.7,125,0.6,0.2,7.6,0.4,7,,8,Pan India,Vegetarian,Breakfast,,200,0,Synthetic_IFCT_schema,Synthetic_Variant
SYN02183,Pomegranate (boiled),Fruits,,88.7,347,1.7,1.2,18.7,4.0,10,0.3,10,West India,Vegetarian,Snack,Grilled,150,0,Synthetic_IFCT_schema,Synthetic_Variant
SYN02184,"Toor dal, raw (raw)",Pulses and Legumes,,331.3,,22.3,1.7,57.6,4.2,73,5.6,0,Pan India,Vegetarian,Dessert,Baked,100,0,Synthetic_IFCT_schema,Synthetic_Variant
SYN02185,"Toor dal, raw (raw)",Pulses and Legumes,,327.3,,22.3,1.7,57.6,4.2,73,5.6,0,Pan India,Vegetarian,Dessert,Baked,100,0,Synthetic_IFCT_schema,Synthetic_Variant
SYN02186,Pomegranate (fried),Fruits,,85.7,347,1.7,1.2,18.7,4.0,10,0.3,10,West India,Vegetarian,Snack,Grilled,150,0,Synthetic_IFCT_schema,Synthetic_Variant
SYN02187,Pomegranate (raw),Fruits,Scientific_63,85.9,347,1.7,1.2,18.7,4.0,10,0.3,10,West India,Vegetarian,Any,Baked,N/A,0,Synthetic_IFCT_schema,Synthetic_Variant
SYN02188,Shrikhand (roasted),Milk and Milk Products,,220.3,921,7.0,7.0,33.0,,,,,West India,Vegetarian,Dinner,Cooked,100,0,Synthetic_IFCT_schema,Synthetic_Variant
SYN02189,"Soya chunks, raw (raw)",Pulses and Legumes,,368.6,1444,52.0,0.5,33.0,13.0,,,,Pan India,Vegetarian,snack,Baked,100,0,Synthetic_IFCT_schema,Synthetic_Variant
SYN02190,"Jackfruit, raw (raw)",Fruits,,94.5,398,1.7,0.6,23.2,1.5,,,,South India,Vegetarian,Any,Baked,100,0,Synthetic_IFCT_schema,Synthetic_Variant
SYN02191,Okra (Bhindi) (roasted),Vegetables,Scientific_26,34.5,138,2.1,0.2,7.0,2.5,82,0.8,21,Pan India,non-vegetarian,,Fried,150,0,Synthetic_IFCT_schema,Synthetic_Variant
SYN02192,"Cauliflower, raw (fried)",Vegetables,,23.2,105,1.9,0.4,4.9,2.5,22,0.4,,Western,Non-Veg,Breakfast,Steamed,200,0,Synthetic_IFCT_schema,Synthetic_Variant
SYN02193,Amla (Indian gooseberry) (boiled),Fruits,,45.9,184,0.9,0.6,10.2,4.3,50,1.2,600,Western,Vegetarian,breakfast,Roasted,150,0,Synthetic_IFCT_schema,Synthetic_Variant
SYN02194,Pomegranate (fried),Fruits,,79.1,347,1.7,1.2,18.7,4.0,,0.3,10,West India,Vegetarian,Main Course,Grilled,,0,Synthetic_IFCT_schema,Synthetic_Variant
SYN02195,Pomegranate (steamed),Fruits,Scientific_69,78.3,347,1.7,1.2,18.7,4.0,10,0.3,,West India,Vegetarian,Dinner,Fried,150,0,Synthetic_IFCT_schema,Synthetic_Variant
SYN02196,"Spinach (Palak), raw (roasted)",Vegetables,Scientific_23,,96,2.0,0.3,3.5,,99,1.8,28,Pan India,Vegetarian,breakfast,Fried,200,0,Synthetic_IFCT_schema,Synthetic_Variant
SYN02197,"Moong dal, raw (fried)",Pulses and Legumes,,316.4,,24.0,1.3,59.9,4.1,75,6.7,7,Pan India,Vegetarian,,,,0,Synthetic_IFCT_schema,Synthetic_Variant
SYN02198,"Tomato, raw (fried)",Vegetables,,,75,0.9,0.2,3.9,1.2,13,,27,Pan India,Vegetarian,Dessert,Roasted,100,0,Synthetic_IFCT_schema,Synthetic_Variant
SYN02199,"Soya chunks, raw (raw)",Pulses and Legumes,,362.0,1444,52.0,0.5,33.0,13.0,,,,Pan India,Vegetarian,snack,Baked,100,0,Synthetic_IFCT_schema,Synthetic_Variant
SYN02200,Pomegranate (fried),Fruits,,,347,1.7,1.2,18.7,4.0,,0.3,10,West India,Vegetarian,Main Course,Steamed,200,0,Synthetic_IFCT_schema,Synthetic_Variant
SYN02201,Pomegranate (fried),Fruits,Scientific_71,88.8,347,1.7,1.2,18.7,4.0,10,0.3,10,West India,Vegetarian,Breakfast,Fried,100,0,Synthetic_IFCT_schema,Synthetic_Variant
SYN02202,Pomegranate (boiled),Fruits,,86.6,347,1.7,1.2,18.7,,10,0.3,10,Pan India,Vegetarian,Main Course,Fried,150,0,Synthetic_IFCT_schema,Synthetic_Variant
SYN02203,Bamboo shoots (fried),Vegetables,,25.6,113,2.6,0.3,5.2,2.2,,,,East India,Vegetarian,Dinner,Boiled,100,0,Synthetic_IFCT_schema,Synthetic_Variant
SYN02204,Pomegranate (boiled),Fruits,,77.8,347,1.7,1.2,18.7,4.0,,0.3,10,West India,Vegetarian,breakfast,,,0,Synthetic_IFCT_schema,Synthetic_Variant
SYN02205,Pomegranate (boiled),Fruits,Scientific_79,82.0,347,1.7,1.2,18.7,,,0.3,,West India,Vegetarian,lunch,Fried,200,0,Synthetic_IFCT_schema,Synthetic_Variant
SYN02206,"Rice, raw, milled (roasted)",Cereals and Millets,,,1448,6.8,0.5,78.2,0.2,10,0.7,,Pan India,Vegetarian,Breakfast,Baked,,0,Synthetic_IFCT_schema,Synthetic_Variant
SYN02207,Bajra (Pearl millet) (fried),Cereals and Millets,,373.8,1519,11.6,5.0,67.5,1.2,42,8.0,0,West India,Vegetarian,Main Course,Cooked,150,0,Synthetic_IFCT_schema,Synthetic_Variant
SYN02208,Pomegranate (boiled),Fruits,,87.0,347,1.7,1.2,18.7,4.0,10,0.3,10,East,Vegetarian,snack,Grilled,100,0,Synthetic_IFCT_schema,Synthetic_Variant
SYN02209,Pomegranate (raw),Fruits,,88.7,347,1.7,1.2,18.7,4.0,10,0.3,10,West India,Vegetarian,Main Course,,N/A,0,Synthetic_IFCT_schema,Synthetic_Variant
SYN02210,Cowpea (Black-eyed pea) (steamed),Pulses and Legumes,,317.9,1351,23.4,1.8,54.5,,227,8.6,1,South India,Vegetarian,Lunch,Roasted,200,0,Synthetic_IFCT_schema,Synthetic_Variant
SYN02211,Fenugreek leaves (Methi) (roasted),Vegetables,Scientific_28,49.0,205,4.4,0.9,6.0,1.1,,1.9,52,North India,Vegetarian,Dessert,Boiled,150,0,Synthetic_IFCT_schema,Synthetic_Variant
SYN02212,Machher jhol (roasted),Composite Dishes,,158.3,649,17.0,9.0,3.0,0.6,,,,East India,Non-Vegetarian,Dessert,Boiled,100,1,Synthetic_IFCT_schema,Synthetic_Variant
SYN02213,"Urad dal, raw (roasted)",Pulses and Legumes,Scientific_15,,1428,25.1,1.4,59.0,1.8,154,4.5,0,South India,Vegetarian,Main Course,Grilled,N/A,0,Synthetic_IFCT_schema,Synthetic_Variant
SYN02214,Bamboo shoots (steamed),Vegetables,,24.9,113,2.6,0.3,5.2,2.2,,,,East India,Vegetarian,Dinner,Boiled,100,0,Synthetic_IFCT_schema,Synthetic_Variant
SYN02215,Pomegranate (roasted),Fruits,,86.5,347,1.7,1.2,18.7,4.0,10,0.3,10,Unknown,Vegetarian,Beverage,Steamed,N/A,0,Synthetic_IFCT_schema,Synthetic_Variant
SYN02216,Watermelon (boiled),Fruits,,28.0,125,0.6,0.2,7.6,0.4,7,,8,Pan India,Vegetarian,Breakfast,,200,0,Synthetic_IFCT_schema,Synthetic_Variant
SYN02217,Pomegranate (boiled),Fruits,Scientific_45,85.2,347,1.7,1.2,18.7,4.0,10,0.3,,West India,Veg,breakfast,Roasted,N/A,0,Synthetic_IFCT_schema,Synthetic_Variant
SYN02218,Pomegranate (steamed),Fruits,,89.1,347,1.7,1.2,18.7,4.0,,0.3,10,West India,Vegetarian,Main Course,Grilled,,0,Synthetic_IFCT_schema,Synthetic_Variant
SYN02219,Bajra (Pearl millet) (boiled),Cereals and Millets,,366.0,1519,11.6,5.0,67.5,1.2,42,8.0,0,West India,Vegetarian,Main Course,Cooked,150,0,Synthetic_IFCT_schema,Synthetic_Variant
SYN02220,Guava (steamed),Fruits,,72.9,285,2.6,1.0,14.3,5.4,18,,228,Maharashtra,Vegetarian,Snack,Baked,N/A,0,Synthetic_IFCT_schema,Synthetic_Variant
SYN02221,"Mango, ripe (Alphonso) (steamed)",Fruits,Scientific_31,75.3,293,0.6,0.4,17.0,1.6,10,0.3,36,West India,Vegetarian,Lunch,N/A,N/A,0,Synthetic_IFCT_schema,Synthetic_Variant
SYN02222,Pomegranate (steamed),Fruits,Scientific_62,86.5,347,1.7,1.2,18.7,4.0,10,0.3,10,West India,non-vegetarian,snack,Fried,,0,Synthetic_IFCT_schema,Synthetic_Variant
SYN02223,Oats (fried),Cereals and Millets,,383.3,1628,16.9,6.9,66.3,,54,4.7,0,North India,Vegetarian,Breakfast,Cooked,100,0,Synthetic_IFCT_schema,Synthetic_Variant
SYN02224,Pomegranate (fried),Fruits,,87.4,347,1.7,1.2,18.7,4.0,10,,10,West India,Vegetarian,Snack,N/A,150,0,Synthetic_IFCT_schema,Synthetic_Variant
SYN02225,Pomegranate (raw),Fruits,,82.1,347,1.7,1.2,18.7,4.0,10,0.3,,West India,Veg,lunch,,,0,Synthetic_IFCT_schema,Synthetic_Variant
SYN02226,Pomegranate (roasted),Fruits,,84.8,347,1.7,1.2,18.7,4.0,10,0.3,10,West India,Vegetarian,Lunch,Roasted,200,0,Synthetic_IFCT_schema,Synthetic_Variant
SYN02227,"Momos, veg (steamed) (roasted)",Composite Dishes,,177.0,753,5.5,5.5,28.0,2.0,,,,East India,Vegetarian,lunch,Steamed,100,1,Synthetic_IFCT_schema,Synthetic_Variant
SYN02228,"Cauliflower, raw (fried)",Vegetables,,26.5,105,1.9,0.4,4.9,2.5,22,0.4,,Western,Non-Veg,Breakfast,Steamed,200,0,Synthetic_IFCT_schema,Synthetic_Variant
SYN02229,"Soybean, raw (boiled)",Pulses and Legumes,,440.7,1808,36.5,19.9,30.2,9.3,240,,,West India,Vegetarian,Any,Boiled,150,0,Synthetic_IFCT_schema,Synthetic_Variant
SYN02230,Pomegranate (steamed),Fruits,,81.0,347,1.7,1.2,18.7,4.0,10,0.3,10,West India,Vegetarian,Lunch,Roasted,200,0,Synthetic_IFCT_schema,Synthetic_Variant
SYN02231,Dhokla (boiled),Composite Dishes,,73.0,318,3.5,1.5,12.0,0.8,,,,West India,Vegetarian,Breakfast,N/A,100,1,Synthetic_IFCT_schema,Synthetic_Variant
SYN02232,"Coconut, fresh (steamed)",Nuts and Oilseeds,Scientific_30,382.0,1482,3.3,33.5,15.2,9.0,14,1.9,3,South India,Vegetarian,Lunch,,200,0,Synthetic_IFCT_schema,Synthetic_Variant
SYN02233,"Wheat flour, whole (steamed)",Cereals and Millets,Scientific_2,337.4,1427,11.8,1.5,69.4,1.9,41,4.9,0,North India,Vegetarian,Beverage,Cooked,150,0,Synthetic_IFCT_schema,Synthetic_Variant
SYN02234,"Papaya, ripe (steamed)",Fruits,,44.9,180,0.5,0.1,10.8,1.7,20,0.1,62,South India,Vegetarian,snack,Fried,,0,Synthetic_IFCT_schema,Synthetic_Variant
SYN02235,Shrikhand (boiled),Milk and Milk Products,,227.2,921,7.0,7.0,33.0,,,,,West India,Vegetarian,Dinner,Cooked,100,0,Synthetic_IFCT_schema,Synthetic_Variant
SYN02236,"Rice, cooked (steamed)",Cereals and Millets,,139.0,544,2.7,0.3,28.2,,3,0.2,0,Pan India,non-vegetarian,Snack,Baked,100,0,Synthetic_IFCT_schema,Synthetic_Variant
SYN02237,Methi thepla (fried),Composite Dishes,,307.7,1193,7.5,12.0,38.0,3.0,,,,West India,Vegetarian,Beverage,Boiled,100,1,Synthetic_IFCT_schema,Synthetic_Variant
SYN02238,Pomegranate (steamed),Fruits,,87.2,347,1.7,1.2,18.7,4.0,10,0.3,10,East,Vegetarian,snack,Grilled,100,0,Synthetic_IFCT_schema,Synthetic_Variant
SYN02239,Pomegranate (boiled),Fruits,,79.5,347,1.7,1.2,18.7,4.0,10,0.3,10,West India,Vegetarian,Dessert,Steamed,150,0,Synthetic_IFCT_schema,Synthetic_Variant
SYN02240,Shrikhand (fried),Milk and Milk Products,,210.2,921,7.0,7.0,33.0,,,,,West India,Vegetarian,Dinner,Cooked,100,0,Synthetic_IFCT_schema,Synthetic_Variant
SYN02241,"Urad dal, raw (fried)",Pulses and Legumes,Scientific_15,,1428,25.1,1.4,59.0,1.8,154,4.5,0,South India,Vegetarian,Main Course,Grilled,N/A,0,Synthetic_IFCT_schema,Synthetic_Variant
SYN02242,"Chana dal, raw (fried)",Pulses and Legumes,Scientific_12,385.7,1556,20.8,5.6,59.8,,56,4.9,1,North India,Vegetarian,breakfast,Cooked,100,0,Synthetic_IFCT_schema,Synthetic_Variant
SYN02243,Bottle gourd (Lauki) (boiled),Vegetables,,13.8,59,0.6,0.1,3.4,0.5,26,0.5,10,Pan India,Vegetarian,Beverage,Fried,150,0,Synthetic_IFCT_schema,Synthetic_Variant
SYN02244,Sattu (roasted gram flour) (steamed),Cereals and Millets,,382.9,1700,22.5,7.0,64.0,1.8,,,,East India,Vegetarian,snack,Grilled,100,0,Synthetic_IFCT_schema,Synthetic_Variant
SYN02245,Appam (boiled),Composite Dishes,,119.4,502,2.5,2.8,22.0,0.5,,,,South India,Vegetarian,Beverage,N/A,100,1,Synthetic_IFCT_schema,Synthetic_Variant
SYN02246,Pomegranate (fried),Fruits,,87.7,347,1.7,1.2,18.7,4.0,10,0.3,10,East,Vegetarian,snack,Grilled,100,0,Synthetic_IFCT_schema,Synthetic_Variant
SYN02247,Pomegranate (boiled),Fruits,Scientific_79,85.8,347,1.7,1.2,18.7,,,0.3,,West India,Vegetarian,lunch,Fried,200,0,Synthetic_IFCT_schema,Synthetic_Variant
SYN02248,"Chana dal, raw (boiled)",Pulses and Legumes,Scientific_12,353.4,1556,20.8,5.6,59.8,,56,4.9,1,North India,Vegetarian,breakfast,Cooked,100,0,Synthetic_IFCT_schema,Synthetic_Variant
SYN02249,Oats (raw),Cereals and Millets,,393.5,1628,16.9,6.9,66.3,,54,4.7,0,North India,Vegetarian,Breakfast,Cooked,100,0,Synthetic_IFCT_schema,Synthetic_Variant
SYN02250,Bitter gourd (Karela) (steamed),Vegetables,Scientific_27,18.3,,1.0,0.2,3.4,2.8,20,0.6,84,Pan India,Vegetarian,snack,,,0,Synthetic_IFCT_schema,Synthetic_Variant
SYN02251,Pomegranate (fried),Fruits,,84.2,347,1.7,1.2,18.7,4.0,,0.3,10,West India,Vegetarian,breakfast,,,0,Synthetic_IFCT_schema,Synthetic_Variant
SYN02252,Pomegranate (steamed),Fruits,,84.1,347,1.7,1.2,18.7,4.0,10,0.3,10,West India,Vegetarian,Dessert,N/A,100,0,Synthetic_IFCT_schema,Synthetic_Variant
SYN02253,Pomegranate (fried),Fruits,,79.3,347,1.7,1.2,18.7,4.0,10,0.3,,West India,Vegetarian,Snack,Baked,200,0,Synthetic_IFCT_schema,Synthetic_Variant
SYN02254,"Momos, veg (steamed) (raw)",Composite Dishes,,169.7,753,5.5,5.5,28.0,2.0,,,,East India,Vegetarian,lunch,Steamed,100,1,Synthetic_IFCT_schema,Synthetic_Variant
SYN02255,Watermelon (steamed),Fruits,,32.3,125,0.6,0.2,7.6,0.4,7,,8,Pan India,Vegetarian,Breakfast,,200,0,Synthetic_IFCT_schema,Synthetic_Variant
SYN02256,Pomegranate (roasted),Fruits,Scientific_67,81.1,347,1.7,1.2,18.7,4.0,10,0.3,10,West India,Non-Vegetarian,lunch,Roasted,200,0,Synthetic_IFCT_schema,Synthetic_Variant
SYN02257,Ragi (Finger millet) (roasted),Cereals and Millets,Scientific_6,304.7,1373,7.3,1.5,66.8,3.6,344,3.9,0,South India,Vegetarian,Main Course,Boiled,N/A,0,Synthetic_IFCT_schema,Synthetic_Variant
SYN02258,Pomegranate (steamed),Fruits,,87.3,347,1.7,1.2,18.7,4.0,10,0.3,10,West India,Vegetarian,Lunch,Steamed,100,0,Synthetic_IFCT_schema,Synthetic_Variant
SYN02259,Pomegranate (roasted),Fruits,Scientific_45,79.6,347,1.7,1.2,18.7,4.0,10,0.3,,West India,Veg,breakfast,Roasted,N/A,0,Synthetic_IFCT_schema,Synthetic_Variant
SYN02260,Pomegranate (roasted),Fruits,,87.8,347,1.7,1.2,18.7,4.0,10,0.3,10,West India,Vegetarian,Dessert,N/A,100,0,Synthetic_IFCT_schema,Synthetic_Variant
SYN02261,Pomegranate (roasted),Fruits,,83.6,347,1.7,1.2,18.7,4.0,10,0.3,10,West India,Vegetarian,Dessert,Steamed,150,0,Synthetic_IFCT_schema,Synthetic_Variant
SYN02262,"Tomato, raw (fried)",Vegetables,,,75,0.9,0.2,3.9,1.2,13,,27,Pan India,Vegetarian,Dessert,Roasted,100,0,Synthetic_IFCT_schema,Synthetic_Variant
SYN02263,Pomegranate (boiled),Fruits,Scientific_68,88.4,347,1.7,1.2,18.7,4.0,10,0.3,10,Northern,Veg,dinner,Steamed,N/A,0,Synthetic_IFCT_schema,Synthetic_Variant
SYN02264,Pomegranate (fried),Fruits,Scientific_78,85.1,347,1.7,1.2,18.7,4.0,10,0.3,10,West India,Vegetarian,,,,0,Synthetic_IFCT_schema,Synthetic_Variant
SYN02265,Methi thepla (steamed),Composite Dishes,,282.0,1193,7.5,12.0,38.0,3.0,,,,West India,Vegetarian,Beverage,Boiled,100,1,Synthetic_IFCT_schema,Synthetic_Variant
SYN02266,"Papaya, ripe (roasted)",Fruits,,43.9,180,0.5,0.1,10.8,1.7,20,0.1,62,South India,Vegetarian,snack,Fried,,0,Synthetic_IFCT_schema,Synthetic_Variant
SYN02267,Pomegranate (steamed),Fruits,Scientific_79,88.7,347,1.7,1.2,18.7,,,0.3,,West India,Vegetarian,lunch,Fried,200,0,Synthetic_IFCT_schema,Synthetic_Variant
SYN02268,Pomegranate (raw),Fruits,,77.1,347,1.7,1.2,18.7,4.0,10,0.3,10,West India,Vegetarian,Main Course,,N/A,0,Synthetic_IFCT_schema,Synthetic_Variant
SYN02269,Pomegranate (raw),Fruits,Scientific_71,76.4,347,1.7,1.2,18.7,4.0,10,0.3,10,West India,Vegetarian,Breakfast,Fried,100,0,Synthetic_IFCT_schema,Synthetic_Variant
SYN02270,"Urad dal, raw (steamed)",Pulses and Legumes,Scientific_15,,1428,25.1,1.4,59.0,1.8,154,4.5,0,South India,Vegetarian,Main Course,Grilled,N/A,0,Synthetic_IFCT_schema,Synthetic_Variant
SYN02271,Pomegranate (roasted),Fruits,Scientific_78,78.8,347,1.7,1.2,18.7,4.0,10,0.3,10,West India,Vegetarian,,,,0,Synthetic_IFCT_schema,Synthetic_Variant
SYN02272,Semolina (Rava) (boiled),Cereals and Millets,,,1506,10.0,1.0,74.0,,16,4.7,0,Pan India,Veg,breakfast,Steamed,,0,Synthetic_IFCT_schema,Synthetic_Variant
SYN02273,"Coconut, fresh (steamed)",Nuts and Oilseeds,Scientific_30,351.1,1482,3.3,33.5,15.2,9.0,14,1.9,3,South India,Vegetarian,Lunch,,200,0,Synthetic_IFCT_schema,Synthetic_Variant
SYN02274,Avial (steamed),Composite Dishes,,108.6,481,2.8,6.5,12.0,3.0,,,,South India,Vegetarian,lunch,,100,1,Synthetic_IFCT_schema,Synthetic_Variant
SYN02275,"Tofu, firm (boiled)",Pulses and Legumes,,78.8,318,8.0,4.8,1.9,0.3,,,,West India,Vegetarian,Lunch,N/A,100,0,Synthetic_IFCT_schema,Synthetic_Variant
SYN02276,Dhokla (raw),Composite Dishes,,80.4,318,3.5,1.5,12.0,0.8,,,,West India,Vegetarian,Breakfast,N/A,100,1,Synthetic_IFCT_schema,Synthetic_Variant
SYN02277,Pomegranate (roasted),Fruits,,79.4,347,1.7,1.2,18.7,,10,0.3,10,Pan India,Vegetarian,Main Course,Fried,150,0,Synthetic_IFCT_schema,Synthetic_Variant
SYN02278,Bajra (Pearl millet) (boiled),Cereals and Millets,,391.2,1519,11.6,5.0,67.5,1.2,42,8.0,0,West India,Vegetarian,Main Course,Cooked,150,0,Synthetic_IFCT_schema,Synthetic_Variant
SYN02279,"Spinach (Palak), raw (raw)",Vegetables,Scientific_23,,96,2.0,0.3,3.5,,99,1.8,28,Pan India,Vegetarian,breakfast,Fried,200,0,Synthetic_IFCT_schema,Synthetic_Variant
SYN02280,Pomegranate (roasted),Fruits,,77.6,347,1.7,1.2,18.7,4.0,10,0.3,10,West India,Vegetarian,Lunch,Roasted,200,0,Synthetic_IFCT_schema,Synthetic_Variant
SYN02281,Maize flour (roasted),Cereals and Millets,Scientific_7,368.2,1485,8.7,3.6,70.0,2.7,9,2.3,,Pan India,Vegetarian,Main Course,N/A,N/A,0,Synthetic_IFCT_schema,Synthetic_Variant
SYN02282,Semolina (Rava) (steamed),Cereals and Millets,,,1506,10.0,1.0,74.0,,16,4.7,0,Pan India,Veg,breakfast,Steamed,,0,Synthetic_IFCT_schema,Synthetic_Variant
SYN02283,"Rice, cooked (roasted)",Cereals and Millets,,129.1,544,2.7,0.3,28.2,,3,0.2,0,Pan India,non-vegetarian,Snack,Baked,100,0,Synthetic_IFCT_schema,Synthetic_Variant
SYN02284,"Mango, ripe (Alphonso) (roasted)",Fruits,Scientific_31,73.2,293,0.6,0.4,17.0,1.6,10,0.3,36,West India,Vegetarian,Lunch,N/A,N/A,0,Synthetic_IFCT_schema,Synthetic_Variant
SYN02285,"Momos, veg (steamed) (fried)",Composite Dishes,,171.8,753,5.5,5.5,28.0,2.0,,,,East India,Vegetarian,lunch,Steamed,100,1,Synthetic_IFCT_schema,Synthetic_Variant
SYN02286,"Masoor dal, raw (roasted)",Pulses and Legumes,,347.4,1435,25.1,0.9,59.0,3.5,68,7.6,1,Southern,Vegetarian,lunch,Grilled,100,0,Synthetic_IFCT_schema,Synthetic_Variant
SYN02287,"Masoor dal, raw (roasted)",Pulses and Legumes,,362.1,1435,25.1,0.9,59.0,3.5,68,7.6,1,Southern,Vegetarian,lunch,Grilled,100,0,Synthetic_IFCT_schema,Synthetic_Variant
SYN02288,"Peanut, raw (fried)",Nuts and Oilseeds,Scientific_19,553.7,,25.8,49.2,16.1,8.5,92,4.6,0,West India,Non-Vegetarian,Dinner,Cooked,,0,Synthetic_IFCT_schema,Synthetic_Variant
SYN02289,Maize flour (steamed),Cereals and Millets,Scientific_7,328.3,1485,8.7,3.6,70.0,2.7,9,2.3,,Pan India,Vegetarian,Main Course,N/A,N/A,0,Synthetic_IFCT_schema,Synthetic_Variant
SYN02290,Dhokla (raw),Composite Dishes,,75.4,318,3.5,1.5,12.0,0.8,,,,West India,Vegetarian,Breakfast,N/A,100,1,Synthetic_IFCT_schema,Synthetic_Variant
SYN02291,Bajra (Pearl millet) (raw),Cereals and Millets,,380.2,1519,11.6,5.0,67.5,1.2,42,8.0,0,West India,Vegetarian,Main Course,Cooked,150,0,Synthetic_IFCT_schema,Synthetic_Variant
SYN02292,Pomegranate (steamed),Fruits,,86.5,,1.7,1.2,18.7,4.0,10,0.3,10,West India,Vegetarian,Dessert,Baked,150,0,Synthetic_IFCT_schema,Synthetic_Variant
SYN02293,Bajra (Pearl millet) (roasted),Cereals and Millets,,336.2,1519,11.6,5.0,67.5,1.2,42,8.0,0,West India,Vegetarian,Main Course,Cooked,150,0,Synthetic_IFCT_schema,Synthetic_Variant
SYN02294,Fenugreek leaves (Methi) (roasted),Vegetables,Scientific_28,50.7,205,4.4,0.9,6.0,1.1,,1.9,52,North India,Vegetarian,Dessert,Boiled,150,0,Synthetic_IFCT_schema,Synthetic_Variant
SYN02295,Pomegranate (boiled),Fruits,Scientific_67,86.5,347,1.7,1.2,18.7,4.0,10,0.3,10,West India,Non-Vegetarian,lunch,Roasted,200,0,Synthetic_IFCT_schema,Synthetic_Variant
SYN02296,Pomegranate (fried),Fruits,,76.8,347,1.7,1.2,18.7,4.0,10,0.3,10,West India,Vegetarian,Dessert,N/A,100,0,Synthetic_IFCT_schema,Synthetic_Variant
SYN02297,Rajma (Kidney beans) (raw),Pulses and Legumes,,326.5,1448,22.9,1.5,60.6,6.4,260,7.0,4,North India,Vegetarian,Any,N/A,N/A,0,Synthetic_IFCT_schema,Synthetic_Variant
SYN02298,Banana (Cavendish) (boiled),Fruits,Scientific_32,89.8,372,1.1,0.3,23.0,2.6,5,0.3,8,South India,Vegetarian,Dinner,,100,0,Synthetic_IFCT_schema,Synthetic_Variant
SYN02299,"Toor dal, raw (steamed)",Pulses and Legumes,,315.3,,22.3,1.7,57.6,4.2,73,5.6,0,Pan India,Vegetarian,Dessert,Baked,100,0,Synthetic_IFCT_schema,Synthetic_Variant
SYN02300,Bottle gourd (Lauki) (fried),Vegetables,,13.6,59,0.6,0.1,3.4,0.5,26,0.5,10,Pan India,Vegetarian,Beverage,Fried,150,0,Synthetic_IFCT_schema,Synthetic_Variant
SYN02301,Pomegranate (steamed),Fruits,,83.9,347,1.7,1.2,18.7,4.0,10,0.3,10,West India,Vegetarian,Main Course,,N/A,0,Synthetic_IFCT_schema,Synthetic_Variant
SYN02302,Machher jhol (boiled),Composite Dishes,,156.7,649,17.0,9.0,3.0,0.6,,,,East India,Non-Vegetarian,Dessert,Boiled,100,1,Synthetic_IFCT_schema,Synthetic_Variant
SYN02303,Oats (steamed),Cereals and Millets,,393.4,1628,16.9,6.9,66.3,,54,4.7,0,North India,Vegetarian,Breakfast,Cooked,100,0,Synthetic_IFCT_schema,Synthetic_Variant
SYN02304,"Spinach (Palak), raw (boiled)",Vegetables,Scientific_23,,96,2.0,0.3,3.5,,99,1.8,28,Pan India,Vegetarian,breakfast,Fried,200,0,Synthetic_IFCT_schema,Synthetic_Variant
SYN02305,Bamboo shoots (roasted),Vegetables,,27.7,113,2.6,0.3,5.2,2.2,,,,East India,Vegetarian,Dinner,Boiled,100,0,Synthetic_IFCT_schema,Synthetic_Variant
SYN02306,Pomegranate (roasted),Fruits,Scientific_47,80.3,,1.7,1.2,18.7,4.0,10,0.3,10,West India,Non-Veg,snack,Grilled,200,0,Synthetic_IFCT_schema,Synthetic_Variant
SYN02307,"Tomato, raw (boiled)",Vegetables,,,75,0.9,0.2,3.9,1.2,13,,27,Pan India,Vegetarian,Dessert,Roasted,100,0,Synthetic_IFCT_schema,Synthetic_Variant
SYN02308,Pomegranate (roasted),Fruits,Scientific_62,78.6,347,1.7,1.2,18.7,4.0,10,0.3,10,West India,non-vegetarian,snack,Fried,,0,Synthetic_IFCT_schema,Synthetic_Variant
SYN02309,Pomegranate (roasted),Fruits,,86.8,347,1.7,1.2,18.7,4.0,10,0.3,,West India,Vegetarian,Snack,Baked,200,0,Synthetic_IFCT_schema,Synthetic_Variant
SYN02310,Pomegranate (roasted),Fruits,,82.1,347,1.7,1.2,18.7,4.0,10,0.3,,West India,Vegetarian,Snack,Baked,200,0,Synthetic_IFCT_schema,Synthetic_Variant
SYN02311,Pomegranate (steamed),Fruits,,87.6,347,1.7,1.2,18.7,4.0,10,,10,West India,Vegetarian,Snack,N/A,150,0,Synthetic_IFCT_schema,Synthetic_Variant
SYN02312,"Chana dal, raw (boiled)",Pulses and Legumes,Scientific_12,348.1,1556,20.8,5.6,59.8,,56,4.9,1,North India,Vegetarian,breakfast,Cooked,100,0,Synthetic_IFCT_schema,Synthetic_Variant
SYN02313,Bottle gourd (Lauki) (steamed),Vegetables,,13.3,59,0.6,0.1,3.4,0.5,26,0.5,10,Pan India,Vegetarian,Beverage,Fried,150,0,Synthetic_IFCT_schema,Synthetic_Variant
SYN02314,Methi thepla (roasted),Composite Dishes,,303.1,1193,7.5,12.0,38.0,3.0,,,,West India,Vegetarian,Beverage,Boiled,100,1,Synthetic_IFCT_schema,Synthetic_Variant
SYN02315,Shrikhand (boiled),Milk and Milk Products,,223.3,921,7.0,7.0,33.0,,,,,West India,Vegetarian,Dinner,Cooked,100,0,Synthetic_IFCT_schema,Synthetic_Variant
SYN02316,Pomegranate (fried),Fruits,Scientific_45,86.6,347,1.7,1.2,18.7,4.0,10,0.3,,West India,Veg,breakfast,Roasted,N/A,0,Synthetic_IFCT_schema,Synthetic_Variant
SYN02317,"Jackfruit, raw (roasted)",Fruits,,99.4,398,1.7,0.6,23.2,1.5,,,,South India,Vegetarian,Any,Baked,100,0,Synthetic_IFCT_schema,Synthetic_Variant
SYN02318,Pomegranate (boiled),Fruits,,85.3,,1.7,1.2,18.7,4.0,10,0.3,10,West India,Vegetarian,Dessert,Baked,150,0,Synthetic_IFCT_schema,Synthetic_Variant
SYN02319,Pomegranate (roasted),Fruits,,86.3,347,1.7,1.2,18.7,4.0,10,0.3,10,West India,Vegetarian,Lunch,Steamed,100,0,Synthetic_IFCT_schema,Synthetic_Variant
SYN02320,Amla (Indian gooseberry) (roasted),Fruits,,43.1,184,0.9,0.6,10.2,4.3,50,1.2,600,Western,Vegetarian,breakfast,Roasted,150,0,Synthetic_IFCT_schema,Synthetic_Variant
SYN02321,Semolina (Rava) (boiled),Cereals and Millets,,,1506,10.0,1.0,74.0,,16,4.7,0,Pan India,Veg,breakfast,Steamed,,0,Synthetic_IFCT_schema,Synthetic_Variant
SYN02322,Pomegranate (fried),Fruits,,81.0,347,1.7,1.2,18.7,,10,0.3,10,Pan India,Vegetarian,Main Course,Fried,150,0,Synthetic_IFCT_schema,Synthetic_Variant
SYN02323,Pomegranate (fried),Fruits,Scientific_59,86.0,347,1.7,1.2,18.7,4.0,10,0.3,10,West India,Vegetarian,Dessert,Steamed,150,0,Synthetic_IFCT_schema,Synthetic_Variant
SYN02324,Pomegranate (raw),Fruits,Scientific_53,88.3,347,1.7,1.2,18.7,4.0,10,0.3,10,West India,Vegetarian,Snack,Baked,100,0,Synthetic_IFCT_schema,Synthetic_Variant
SYN02325,"Cauliflower, raw (boiled)",Vegetables,,25.0,105,1.9,0.4,4.9,2.5,22,0.4,,Western,Non-Veg,Breakfast,Steamed,200,0,Synthetic_IFCT_schema,Synthetic_Variant
SYN02326,"Potato, raw (fried)",Vegetables,Scientific_20,79.1,322,1.9,0.1,17.8,1.8,11,0.7,13,Pan India,Vegetarian,lunch,Cooked,150,0,Synthetic_IFCT_schema,Synthetic_Variant
SYN02327,"Spinach (Palak), raw (boiled)",Vegetables,Scientific_23,,96,2.0,0.3,3.5,,99,1.8,28,Pan India,Vegetarian,breakfast,Fried,200,0,Synthetic_IFCT_schema,Synthetic_Variant
SYN02328,Pomegranate (roasted),Fruits,,84.6,347,1.7,1.2,18.7,4.0,10,0.3,10,East,Vegetarian,snack,Grilled,100,0,Synthetic_IFCT_schema,Synthetic_Variant
SYN02329,"Moong dal, raw (fried)",Pulses and Legumes,,331.5,,24.0,1.3,59.9,4.1,75,6.7,7,Pan India,Vegetarian,,,,0,Synthetic_IFCT_schema,Synthetic_Variant
SYN02330,Banana (Cavendish) (boiled),Fruits,Scientific_32,93.0,372,1.1,0.3,23.0,2.6,5,0.3,8,South India,Vegetarian,Dinner,,100,0,Synthetic_IFCT_schema,Synthetic_Variant
SYN02331,Guava (raw),Fruits,,73.4,285,2.6,1.0,14.3,5.4,18,,228,Maharashtra,Vegetarian,Snack,Baked,N/A,0,Synthetic_IFCT_schema,Synthetic_Variant
SYN02332,Bamboo shoots (fried),Vegetables,,26.8,113,2.6,0.3,5.2,2.2,,,,East India,Vegetarian,Dinner,Boiled,100,0,Synthetic_IFCT_schema,Synthetic_Variant
SYN02333,Oats (fried),Cereals and Millets,,370.8,1628,16.9,6.9,66.3,,54,4.7,0,North India,Vegetarian,Breakfast,Cooked,100,0,Synthetic_IFCT_schema,Synthetic_Variant
SYN02334,"Wheat flour, refined (fried)",Cereals and Millets,Scientific_3,343.1,1456,10.3,0.9,73.9,0.3,23,2.7,0,North India,Vegetarian,snack,,,0,Synthetic_IFCT_schema,Synthetic_Variant
SYN02335,Pomegranate (raw),Fruits,Scientific_62,80.8,347,1.7,1.2,18.7,4.0,10,0.3,10,West India,non-vegetarian,snack,Fried,,0,Synthetic_IFCT_schema,Synthetic_Variant
SYN02336,Appam (fried),Composite Dishes,,118.5,502,2.5,2.8,22.0,0.5,,,,South India,Vegetarian,Beverage,N/A,100,1,Synthetic_IFCT_schema,Synthetic_Variant
SYN02337,Pomegranate (steamed),Fruits,,81.2,,1.7,1.2,18.7,4.0,10,0.3,10,West India,Vegetarian,Dessert,Baked,150,0,Synthetic_IFCT_schema,Synthetic_Variant
SYN02338,Pomegranate (raw),Fruits,Scientific_66,83.4,347,1.7,1.2,18.7,4.0,10,0.3,10,West India,Vegetarian,Dessert,Raw,200,0,Synthetic_IFCT_schema,Synthetic_Variant
SYN02339,Pomegranate (boiled),Fruits,Scientific_71,79.0,347,1.7,1.2,18.7,4.0,10,0.3,10,West India,Vegetarian,Breakfast,Fried,100,0,Synthetic_IFCT_schema,Synthetic_Variant
SYN02340,Pomegranate (steamed),Fruits,Scientific_45,89.5,347,1.7,1.2,18.7,4.0,10,0.3,,West India,Veg,breakfast,Roasted,N/A,0,Synthetic_IFCT_schema,Synthetic_Variant
SYN02341,"Cauliflower, raw (fried)",Vegetables,,24.7,105,1.9,0.4,4.9,2.5,22,0.4,,Western,Non-Veg,Breakfast,Steamed,200,0,Synthetic_IFCT_schema,Synthetic_Variant
SYN02342,Pomegranate (roasted),Fruits,Scientific_47,87.3,,1.7,1.2,18.7,4.0,10,0.3,10,West India,Non-Veg,snack,Grilled,200,0,Synthetic_IFCT_schema,Synthetic_Variant
SYN02343,Pomegranate (boiled),Fruits,Scientific_59,87.9,347,1.7,1.2,18.7,4.0,10,0.3,10,West India,Vegetarian,Dessert,Steamed,150,0,Synthetic_IFCT_schema,Synthetic_Variant
SYN02344,Pomegranate (boiled),Fruits,Scientific_70,,347,1.7,1.2,18.7,,10,0.3,10,West India,Veg,Main Course,Baked,200,0,Synthetic_IFCT_schema,Synthetic_Variant
SYN02345,Pomegranate (fried),Fruits,,86.6,347,1.7,1.2,18.7,4.0,10,0.3,10,Unknown,Vegetarian,Beverage,Steamed,N/A,0,Synthetic_IFCT_schema,Synthetic_Variant
SYN02346,Semolina (Rava) (raw),Cereals and Millets,,,1506,10.0,1.0,74.0,,16,4.7,0,Pan India,Veg,breakfast,Steamed,,0,Synthetic_IFCT_schema,Synthetic_Variant
SYN02347,Banana (Cavendish) (fried),Fruits,Scientific_32,82.7,372,1.1,0.3,23.0,2.6,5,0.3,8,South India,Vegetarian,Dinner,,100,0,Synthetic_IFCT_schema,Synthetic_Variant
SYN02348,"Chana dal, raw (steamed)",Pulses and Legumes,Scientific_12,375.8,1556,20.8,5.6,59.8,,56,4.9,1,North India,Vegetarian,breakfast,Cooked,100,0,Synthetic_IFCT_schema,Synthetic_Variant
SYN02349,Cowpea (Black-eyed pea) (raw),Pulses and Legumes,,315.8,1351,23.4,1.8,54.5,,227,8.6,1,South India,Vegetarian,Lunch,Roasted,200,0,Synthetic_IFCT_schema,Synthetic_Variant
SYN02350,"Toor dal, raw (steamed)",Pulses and Legumes,,312.1,,22.3,1.7,57.6,4.2,73,5.6,0,Pan India,Vegetarian,Dessert,Baked,100,0,Synthetic_IFCT_schema,Synthetic_Variant
SYN02351,Pomegranate (fried),Fruits,Scientific_61,79.5,347,1.7,1.2,18.7,4.0,10,0.3,,West India,Vegetarian,Dessert,,100,0,Synthetic_IFCT_schema,Synthetic_Variant
SYN02352,"Rice, raw, milled (roasted)",Cereals and Millets,,,1448,6.8,0.5,78.2,0.2,10,0.7,,Pan India,Vegetarian,Breakfast,Baked,,0,Synthetic_IFCT_schema,Synthetic_Variant
SYN02353,"Wheat flour, refined (fried)",Cereals and Millets,Scientific_3,365.0,1456,10.3,0.9,73.9,0.3,23,2.7,0,North India,Vegetarian,snack,,,0,Synthetic_IFCT_schema,Synthetic_Variant
SYN02354,Okra (Bhindi) (steamed),Vegetables,Scientific_26,35.6,138,2.1,0.2,7.0,2.5,82,0.8,21,Pan India,non-vegetarian,,Fried,150,0,Synthetic_IFCT_schema,Synthetic_Variant
SYN02355,"Moong dal, raw (roasted)",Pulses and Legumes,,328.1,,24.0,1.3,59.9,4.1,75,6.7,7,Pan India,Vegetarian,,,,0,Synthetic_IFCT_schema,Synthetic_Variant
SYN02356,Pomegranate (raw),Fruits,Scientific_65,85.2,347,1.7,1.2,18.7,4.0,10,0.3,10,West India,Vegetarian,Main Course,Baked,N/A,0,Synthetic_IFCT_schema,Synthetic_Variant
SYN02357,Pomegranate (raw),Fruits,,,347,1.7,1.2,18.7,4.0,,0.3,10,West India,Vegetarian,Main Course,Steamed,200,0,Synthetic_IFCT_schema,Synthetic_Variant
SYN02358,Pomegranate (steamed),Fruits,,83.2,347,1.7,1.2,18.7,4.0,10,0.3,10,West India,Vegetarian,Main Course,,N/A,0,Synthetic_IFCT_schema,Synthetic_Variant
SYN02359,"Cauliflower, raw (fried)",Vegetables,,26.8,105,1.9,0.4,4.9,2.5,22,0.4,,Western,Non-Veg,Breakfast,Steamed,200,0,Synthetic_IFCT_schema,Synthetic_Variant
SYN02360,Pomegranate (steamed),Fruits,Scientific_80,,347,1.7,1.2,18.7,4.0,10,0.3,10,West India,Vegetarian,lunch,Cooked,200,0,Synthetic_IFCT_schema,Synthetic_Variant
SYN02361,Pomegranate (boiled),Fruits,Scientific_69,86.0,347,1.7,1.2,18.7,4.0,10,0.3,,West India,Vegetarian,Dinner,Fried,150,0,Synthetic_IFCT_schema,Synthetic_Variant
SYN02362,Pomegranate (raw),Fruits,,85.9,347,1.7,1.2,18.7,4.0,10,0.3,10,West India,Vegetarian,Breakfast,N/A,,0,Synthetic_IFCT_schema,Synthetic_Variant
SYN02363,"Spinach (Palak), raw (boiled)",Vegetables,Scientific_23,,96,2.0,0.3,3.5,,99,1.8,28,Pan India,Vegetarian,breakfast,Fried,200,0,Synthetic_IFCT_schema,Synthetic_Variant
SYN02364,"Toor dal, raw (raw)",Pulses and Legumes,,360.3,,22.3,1.7,57.6,4.2,73,5.6,0,Pan India,Vegetarian,Dessert,Baked,100,0,Synthetic_IFCT_schema,Synthetic_Variant
SYN02365,Dhokla (boiled),Composite Dishes,,74.7,318,3.5,1.5,12.0,0.8,,,,West India,Vegetarian,Breakfast,N/A,100,1,Synthetic_IFCT_schema,Synthetic_Variant
SYN02366,Pomegranate (fried),Fruits,,,347,1.7,1.2,18.7,4.0,10,0.3,,West India,Vegetarian,breakfast,Fried,,0,Synthetic_IFCT_schema,Synthetic_Variant
SYN02367,"Spinach (Palak), raw (roasted)",Vegetables,Scientific_23,,96,2.0,0.3,3.5,,99,1.8,28,Pan India,Vegetarian,breakfast,Fried,200,0,Synthetic_IFCT_schema,Synthetic_Variant
SYN02368,Oats (raw),Cereals and Millets,,392.7,1628,16.9,6.9,66.3,,54,4.7,0,North India,Vegetarian,Breakfast,Cooked,100,0,Synthetic_IFCT_schema,Synthetic_Variant
SYN02369,Pomegranate (raw),Fruits,Scientific_66,86.6,347,1.7,1.2,18.7,4.0,10,0.3,10,West India,Vegetarian,Dessert,Raw,200,0,Synthetic_IFCT_schema,Synthetic_Variant
SYN02370,Methi thepla (roasted),Composite Dishes,,281.1,1193,7.5,12.0,38.0,3.0,,,,West India,Vegetarian,Beverage,Boiled,100,1,Synthetic_IFCT_schema,Synthetic_Variant
SYN02371,Pomegranate (roasted),Fruits,,88.7,347,1.7,1.2,18.7,4.0,10,0.3,,West India,Veg,lunch,,,0,Synthetic_IFCT_schema,Synthetic_Variant
SYN02372,Bottle gourd (Lauki) (roasted),Vegetables,,13.7,59,0.6,0.1,3.4,0.5,26,0.5,10,Pan India,Vegetarian,Beverage,Fried,150,0,Synthetic_IFCT_schema,Synthetic_Variant
SYN02373,Pomegranate (roasted),Fruits,Scientific_78,76.5,347,1.7,1.2,18.7,4.0,10,0.3,10,West India,Vegetarian,,,,0,Synthetic_IFCT_schema,Synthetic_Variant
SYN02374,"Jackfruit, raw (steamed)",Fruits,,91.8,398,1.7,0.6,23.2,1.5,,,,South India,Vegetarian,Any,Baked,100,0,Synthetic_IFCT_schema,Synthetic_Variant
SYN02375,"Soya chunks, raw (steamed)",Pulses and Legumes,,363.5,1444,52.0,0.5,33.0,13.0,,,,Pan India,Vegetarian,snack,Baked,100,0,Synthetic_IFCT_schema,Synthetic_Variant
SYN02376,Cowpea (Black-eyed pea) (fried),Pulses and Legumes,,342.5,1351,23.4,1.8,54.5,,227,8.6,1,South India,Vegetarian,Lunch,Roasted,200,0,Synthetic_IFCT_schema,Synthetic_Variant
SYN02377,Pomegranate (boiled),Fruits,Scientific_59,86.9,347,1.7,1.2,18.7,4.0,10,0.3,10,West India,Vegetarian,Dessert,Steamed,150,0,Synthetic_IFCT_schema,Synthetic_Variant
SYN02378,Guava (boiled),Fruits,,70.4,285,2.6,1.0,14.3,5.4,18,,228,Maharashtra,Vegetarian,Snack,Baked,N/A,0,Synthetic_IFCT_schema,Synthetic_Variant
SYN02379,"Moong dal, raw (boiled)",Pulses and Legumes,,341.3,,24.0,1.3,59.9,4.1,75,6.7,7,Pan India,Vegetarian,,,,0,Synthetic_IFCT_schema,Synthetic_Variant
SYN02380,Oats (raw),Cereals and Millets,,366.3,1628,16.9,6.9,66.3,,54,4.7,0,North India,Vegetarian,Breakfast,Cooked,100,0,Synthetic_IFCT_schema,Synthetic_Variant
SYN02381,Pomegranate (roasted),Fruits,Scientific_59,81.5,347,1.7,1.2,18.7,4.0,10,0.3,10,West India,Vegetarian,Dessert,Steamed,150,0,Synthetic_IFCT_schema,Synthetic_Variant
SYN02382,Dhokla (boiled),Composite Dishes,,75.0,318,3.5,1.5,12.0,0.8,,,,West India,Vegetarian,Breakfast,N/A,100,1,Synthetic_IFCT_schema,Synthetic_Variant
SYN02383,Ragi (Finger millet) (steamed),Cereals and Millets,Scientific_6,351.2,1373,7.3,1.5,66.8,3.6,344,3.9,0,South India,Vegetarian,Main Course,Boiled,N/A,0,Synthetic_IFCT_schema,Synthetic_Variant
SYN02384,Jowar (Sorghum) (fried),Cereals and Millets,Scientific_5,349.2,,10.4,1.9,72.6,1.6,25,,0,Unknown,Vegetarian,Main Course,Fried,,0,Synthetic_IFCT_schema,Synthetic_Variant
SYN02385,Rasam (fried),Composite Dishes,,28.6,125,1.2,0.8,4.5,,,,,South India,Vegetarian,Beverage,,100,1,Synthetic_IFCT_schema,Synthetic_Variant
SYN02386,Methi thepla (fried),Composite Dishes,,306.0,1193,7.5,12.0,38.0,3.0,,,,West India,Vegetarian,Beverage,Boiled,100,1,Synthetic_IFCT_schema,Synthetic_Variant
SYN02387,"Masoor dal, raw (boiled)",Pulses and Legumes,,336.2,1435,25.1,0.9,59.0,3.5,68,7.6,1,Southern,Vegetarian,lunch,Grilled,100,0,Synthetic_IFCT_schema,Synthetic_Variant
SYN02388,"Wheat flour, whole (raw)",Cereals and Millets,Scientific_2,347.1,1427,11.8,1.5,69.4,1.9,41,4.9,0,North India,Vegetarian,Beverage,Cooked,150,0,Synthetic_IFCT_schema,Synthetic_Variant
SYN02389,Pomegranate (steamed),Fruits,,87.7,347,1.7,1.2,18.7,4.0,10,0.3,,West India,Vegetarian,Snack,Baked,200,0,Synthetic_IFCT_schema,Synthetic_Variant
SYN02390,Pomegranate (steamed),Fruits,,83.4,347,1.7,1.2,18.7,4.0,10,0.3,10,West India,Vegetarian,breakfast,,100,0,Synthetic_IFCT_schema,Synthetic_Variant
SYN02391,Pomegranate (boiled),Fruits,,,347,1.7,1.2,18.7,4.0,,0.3,10,West India,Vegetarian,Main Course,Steamed,200,0,Synthetic_IFCT_schema,Synthetic_Variant
SYN02392,Pomegranate (raw),Fruits,,86.5,347,1.7,1.2,18.7,4.0,10,0.3,10,West India,Vegetarian,breakfast,,100,0,Synthetic_IFCT_schema,Synthetic_Variant
SYN02393,"Soya chunks, raw (fried)",Pulses and Legumes,,322.5,1444,52.0,0.5,33.0,13.0,,,,Pan India,Vegetarian,snack,Baked,100,0,Synthetic_IFCT_schema,Synthetic_Variant
SYN02394,"Rice, cooked (boiled)",Cereals and Millets,,129.7,544,2.7,0.3,28.2,,3,0.2,0,Pan India,non-vegetarian,Snack,Baked,100,0,Synthetic_IFCT_schema,Synthetic_Variant
SYN02395,Rajma (Kidney beans) (fried),Pulses and Legumes,,339.9,1448,22.9,1.5,60.6,6.4,260,7.0,4,North India,Vegetarian,Any,N/A,N/A,0,Synthetic_IFCT_schema,Synthetic_Variant
SYN02396,Pomegranate (raw),Fruits,Scientific_67,87.3,347,1.7,1.2,18.7,4.0,10,0.3,10,West India,Non-Vegetarian,lunch,Roasted,200,0,Synthetic_IFCT_schema,Synthetic_Variant
SYN02397,Pomegranate (boiled),Fruits,,79.8,347,1.7,1.2,18.7,4.0,10,0.3,10,West India,Vegetarian,Beverage,Steamed,,0,Synthetic_IFCT_schema,Synthetic_Variant
SYN02398,Pomegranate (boiled),Fruits,,86.8,347,1.7,1.2,18.7,4.0,10,0.3,10,West India,Vegetarian,Lunch,Steamed,100,0,Synthetic_IFCT_schema,Synthetic_Variant
SYN02399,Pomegranate (fried),Fruits,,76.9,347,1.7,1.2,18.7,4.0,10,0.3,10,West India,Vegetarian,Lunch,Roasted,200,0,Synthetic_IFCT_schema,Synthetic_Variant
SYN02400,"Rice, raw, milled (steamed)",Cereals and Millets,,,1448,6.8,0.5,78.2,0.2,10,0.7,,Pan India,Vegetarian,Breakfast,Baked,,0,Synthetic_IFCT_schema,Synthetic_Variant
SYN02401,Pomegranate (boiled),Fruits,Scientific_53,80.8,347,1.7,1.2,18.7,4.0,10,0.3,10,West India,Vegetarian,Snack,Baked,100,0,Synthetic_IFCT_schema,Synthetic_Variant
SYN02402,Pomegranate (raw),Fruits,,,347,1.7,1.2,18.7,4.0,10,0.3,,West India,Vegetarian,breakfast,Fried,,0,Synthetic_IFCT_schema,Synthetic_Variant
SYN02403,Maize flour (roasted),Cereals and Millets,Scientific_7,378.5,1485,8.7,3.6,70.0,2.7,9,2.3,,Pan India,Vegetarian,Main Course,N/A,N/A,0,Synthetic_IFCT_schema,Synthetic_Variant
SYN02404,Guava (fried),Fruits,,71.9,285,2.6,1.0,14.3,5.4,18,,228,Maharashtra,Vegetarian,Snack,Baked,N/A,0,Synthetic_IFCT_schema,Synthetic_Variant
SYN02405,"Rice, cooked (fried)",Cereals and Millets,,128.9,544,2.7,0.3,28.2,,3,0.2,0,Pan India,non-vegetarian,Snack,Baked,100,0,Synthetic_IFCT_schema,Synthetic_Variant
SYN02406,Ragi (Finger millet) (roasted),Cereals and Millets,Scientific_6,331.5,1373,7.3,1.5,66.8,3.6,344,3.9,0,South India,Vegetarian,Main Course,Boiled,N/A,0,Synthetic_IFCT_schema,Synthetic_Variant
SYN02407,Pomegranate (boiled),Fruits,,83.7,347,1.7,1.2,18.7,4.0,10,0.3,,West India,Veg,lunch,,,0,Synthetic_IFCT_schema,Synthetic_Variant
SYN02408,Bajra (Pearl millet) (roasted),Cereals and Millets,,343.7,1519,11.6,5.0,67.5,1.2,42,8.0,0,West India,Vegetarian,Main Course,Cooked,150,0,Synthetic_IFCT_schema,Synthetic_Variant
SYN02409,Rasam (raw),Composite Dishes,,27.9,125,1.2,0.8,4.5,,,,,South India,Vegetarian,Beverage,,100,1,Synthetic_IFCT_schema,Synthetic_Variant
SYN02410,Pomegranate (boiled),Fruits,Scientific_70,,347,1.7,1.2,18.7,,10,0.3,10,West India,Veg,Main Course,Baked,200,0,Synthetic_IFCT_schema,Synthetic_Variant
SYN02411,Cowpea (Black-eyed pea) (fried),Pulses and Legumes,,297.3,1351,23.4,1.8,54.5,,227,8.6,1,South India,Vegetarian,Lunch,Roasted,200,0,Synthetic_IFCT_schema,Synthetic_Variant
SYN02412,Bajra (Pearl millet) (roasted),Cereals and Millets,,391.2,1519,11.6,5.0,67.5,1.2,42,8.0,0,West India,Vegetarian,Main Course,Cooked,150,0,Synthetic_IFCT_schema,Synthetic_Variant
SYN02413,Pomegranate (fried),Fruits,,89.2,347,1.7,1.2,18.7,4.0,10,0.3,10,West India,Vegetarian,Snack,Grilled,150,0,Synthetic_IFCT_schema,Synthetic_Variant
SYN02414,Shrikhand (raw),Milk and Milk Products,,227.4,921,7.0,7.0,33.0,,,,,West India,Vegetarian,Dinner,Cooked,100,0,Synthetic_IFCT_schema,Synthetic_Variant
SYN02415,Pomegranate (steamed),Fruits,Scientific_62,80.8,347,1.7,1.2,18.7,4.0,10,0.3,10,West India,non-vegetarian,snack,Fried,,0,Synthetic_IFCT_schema,Synthetic_Variant
SYN02416,Litti chokha (fried),Composite Dishes,,338.7,1340,9.0,10.0,50.0,3.5,,,,East India,Vegetarian,Beverage,Fried,100,1,Synthetic_IFCT_schema,Synthetic_Variant
SYN02417,"Toor dal, raw (fried)",Pulses and Legumes,,317.1,,22.3,1.7,57.6,4.2,73,5.6,0,Pan India,Vegetarian,Dessert,Baked,100,0,Synthetic_IFCT_schema,Synthetic_Variant
SYN02418,Pomegranate (boiled),Fruits,,77.4,347,1.7,1.2,18.7,4.0,10,0.3,10,West India,Vegetarian,Main Course,Fried,,0,Synthetic_IFCT_schema,Synthetic_Variant
SYN02419,Okra (Bhindi) (fried),Vegetables,Scientific_26,35.3,138,2.1,0.2,7.0,2.5,82,0.8,21,Pan India,non-vegetarian,,Fried,150,0,Synthetic_IFCT_schema,Synthetic_Variant
SYN02420,Semolina (Rava) (raw),Cereals and Millets,,,1506,10.0,1.0,74.0,,16,4.7,0,Pan India,Veg,breakfast,Steamed,,0,Synthetic_IFCT_schema,Synthetic_Variant
SYN02421,"Jackfruit, raw (steamed)",Fruits,,102.1,398,1.7,0.6,23.2,1.5,,,,South India,Vegetarian,Any,Baked,100,0,Synthetic_IFCT_schema,Synthetic_Variant
SYN02422,"Mango, ripe (Alphonso) (fried)",Fruits,Scientific_31,66.3,293,0.6,0.4,17.0,1.6,10,0.3,36,West India,Vegetarian,Lunch,N/A,N/A,0,Synthetic_IFCT_schema,Synthetic_Variant
SYN02423,"Tofu, firm (fried)",Pulses and Legumes,,75.1,318,8.0,4.8,1.9,0.3,,,,West India,Vegetarian,Lunch,N/A,100,0,Synthetic_IFCT_schema,Synthetic_Variant
SYN02424,Pomegranate (roasted),Fruits,Scientific_47,83.4,,1.7,1.2,18.7,4.0,10,0.3,10,West India,Non-Veg,snack,Grilled,200,0,Synthetic_IFCT_schema,Synthetic_Variant
SYN02425,"Tofu, firm (boiled)",Pulses and Legumes,,79.3,318,8.0,4.8,1.9,0.3,,,,West India,Vegetarian,Lunch,N/A,100,0,Synthetic_IFCT_schema,Synthetic_Variant
SYN02426,Appam (boiled),Composite Dishes,,115.8,502,2.5,2.8,22.0,0.5,,,,South India,Vegetarian,Beverage,N/A,100,1,Synthetic_IFCT_schema,Synthetic_Variant
SYN02427,"Rice, raw, milled (roasted)",Cereals and Millets,,,1448,6.8,0.5,78.2,0.2,10,0.7,,Pan India,Vegetarian,Breakfast,Baked,,0,Synthetic_IFCT_schema,Synthetic_Variant
SYN02428,Bamboo shoots (roasted),Vegetables,,28.7,113,2.6,0.3,5.2,2.2,,,,East India,Vegetarian,Dinner,Boiled,100,0,Synthetic_IFCT_schema,Synthetic_Variant
SYN02429,Pomegranate (fried),Fruits,Scientific_53,84.2,347,1.7,1.2,18.7,4.0,10,0.3,10,West India,Vegetarian,Snack,Baked,100,0,Synthetic_IFCT_schema,Synthetic_Variant
SYN02430,Kabuli chana (steamed),Pulses and Legumes,,372.1,,20.1,5.3,60.9,7.6,202,4.9,3,North India,Vegetarian,Breakfast,Grilled,N/A,0,Synthetic_IFCT_schema,Synthetic_Variant
SYN02431,Pomegranate (roasted),Fruits,,84.2,347,1.7,1.2,18.7,4.0,10,0.3,10,West India,Vegetarian,,Raw,N/A,0,Synthetic_IFCT_schema,Synthetic_Variant
SYN02432,Pomegranate (steamed),Fruits,,78.5,347,1.7,1.2,18.7,4.0,10,0.3,10,West India,Vegetarian,Beverage,Steamed,,0,Synthetic_IFCT_schema,Synthetic_Variant
SYN02433,Pomegranate (steamed),Fruits,,,347,1.7,1.2,18.7,4.0,10,0.3,,West India,Vegetarian,breakfast,Fried,,0,Synthetic_IFCT_schema,Synthetic_Variant
SYN02434,Pomegranate (raw),Fruits,,83.1,347,1.7,1.2,18.7,4.0,,0.3,10,West India,Vegetarian,breakfast,,,0,Synthetic_IFCT_schema,Synthetic_Variant
SYN02435,Pomegranate (roasted),Fruits,,82.0,347,1.7,1.2,18.7,4.0,10,0.3,10,West India,Vegetarian,,Raw,N/A,0,Synthetic_IFCT_schema,Synthetic_Variant
SYN02436,Ragi (Finger millet) (boiled),Cereals and Millets,Scientific_6,347.4,1373,7.3,1.5,66.8,3.6,344,3.9,0,South India,Vegetarian,Main Course,Boiled,N/A,0,Synthetic_IFCT_schema,Synthetic_Variant
SYN02437,Oats (steamed),Cereals and Millets,,396.1,1628,16.9,6.9,66.3,,54,4.7,0,North India,Vegetarian,Breakfast,Cooked,100,0,Synthetic_IFCT_schema,Synthetic_Variant
SYN02438,Pomegranate (raw),Fruits,Scientific_53,81.3,347,1.7,1.2,18.7,4.0,10,0.3,10,West India,Vegetarian,Snack,Baked,100,0,Synthetic_IFCT_schema,Synthetic_Variant
SYN02439,Pomegranate (boiled),Fruits,Scientific_73,85.7,347,1.7,1.2,18.7,4.0,10,0.3,10,West India,Vegetarian,snack,Cooked,100,0,Synthetic_IFCT_schema,Synthetic_Variant
SYN02440,Pomegranate (roasted),Fruits,Scientific_71,86.3,347,1.7,1.2,18.7,4.0,10,0.3,10,West India,Vegetarian,Breakfast,Fried,100,0,Synthetic_IFCT_schema,Synthetic_Variant
SYN02441,Pomegranate (raw),Fruits,,79.3,347,1.7,1.2,18.7,4.0,10,0.3,10,West India,Vegetarian,,Raw,N/A,0,Synthetic_IFCT_schema,Synthetic_Variant
SYN02442,Banana (Cavendish) (raw),Fruits,Scientific_32,86.7,372,1.1,0.3,23.0,2.6,5,0.3,8,South India,Vegetarian,Dinner,,100,0,Synthetic_IFCT_schema,Synthetic_Variant
SYN02443,Pomegranate (fried),Fruits,,76.9,347,1.7,1.2,18.7,4.0,10,0.3,10,West India,Vegetarian,Dessert,N/A,100,0,Synthetic_IFCT_schema,Synthetic_Variant
SYN02444,Litti chokha (boiled),Composite Dishes,,316.8,1340,9.0,10.0,50.0,3.5,,,,East India,Vegetarian,Beverage,Fried,100,1,Synthetic_IFCT_schema,Synthetic_Variant
SYN02445,Litti chokha (raw),Composite Dishes,,333.2,1340,9.0,10.0,50.0,3.5,,,,East India,Vegetarian,Beverage,Fried,100,1,Synthetic_IFCT_schema,Synthetic_Variant
SYN02446,Pomegranate (steamed),Fruits,,77.9,347,1.7,1.2,18.7,4.0,10,0.3,10,West India,Vegetarian,Breakfast,N/A,,0,Synthetic_IFCT_schema,Synthetic_Variant
SYN02447,Pomegranate (raw),Fruits,Scientific_40,89.2,347,1.7,1.2,18.7,4.0,10,0.3,10,West India,Vegetarian,Any,Cooked,N/A,0,Synthetic_IFCT_schema,Synthetic_Variant
SYN02448,"Tomato, raw (roasted)",Vegetables,,,75,0.9,0.2,3.9,1.2,13,,27,Pan India,Vegetarian,Dessert,Roasted,100,0,Synthetic_IFCT_schema,Synthetic_Variant
SYN02449,"Momos, veg (steamed) (roasted)",Composite Dishes,,178.5,753,5.5,5.5,28.0,2.0,,,,East India,Vegetarian,lunch,Steamed,100,1,Synthetic_IFCT_schema,Synthetic_Variant
SYN02450,Pomegranate (boiled),Fruits,,83.0,347,1.7,1.2,18.7,4.0,10,0.3,10,West India,Vegetarian,,Raw,N/A,0,Synthetic_IFCT_schema,Synthetic_Variant
SYN02451,Pomegranate (boiled),Fruits,,80.6,347,1.7,1.2,18.7,4.0,10,0.3,10,West India,Vegetarian,Snack,Boiled,N/A,0,Synthetic_IFCT_schema,Synthetic_Variant
SYN02452,"Chana dal, raw (boiled)",Pulses and Legumes,Scientific_12,375.0,1556,20.8,5.6,59.8,,56,4.9,1,North India,Vegetarian,breakfast,Cooked,100,0,Synthetic_IFCT_schema,Synthetic_Variant
SYN02453,Pomegranate (fried),Fruits,Scientific_63,82.8,347,1.7,1.2,18.7,4.0,10,0.3,10,West India,Vegetarian,Any,Baked,N/A,0,Synthetic_IFCT_schema,Synthetic_Variant
SYN02454,Pomegranate (boiled),Fruits,,,347,1.7,1.2,18.7,4.0,,0.3,10,West India,Vegetarian,Main Course,Steamed,200,0,Synthetic_IFCT_schema,Synthetic_Variant
SYN02455,"Tomato, raw (boiled)",Vegetables,,,75,0.9,0.2,3.9,1.2,13,,27,Pan India,Vegetarian,Dessert,Roasted,100,0,Synthetic_IFCT_schema,Synthetic_Variant
SYN02456,"Rice, cooked (raw)",Cereals and Millets,,133.8,544,2.7,0.3,28.2,,3,0.2,0,Pan India,non-vegetarian,Snack,Baked,100,0,Synthetic_IFCT_schema,Synthetic_Variant
SYN02457,Pomegranate (roasted),Fruits,,84.6,347,1.7,1.2,18.7,4.0,10,0.3,10,West India,Vegetarian,Dessert,N/A,100,0,Synthetic_IFCT_schema,Synthetic_Variant
SYN02458,"Momos, veg (steamed) (fried)",Composite Dishes,,189.5,753,5.5,5.5,28.0,2.0,,,,East India,Vegetarian,lunch,Steamed,100,1,Synthetic_IFCT_schema,Synthetic_Variant
SYN02459,Cowpea (Black-eyed pea) (boiled),Pulses and Legumes,,329.8,1351,23.4,1.8,54.5,,227,8.6,1,South India,Vegetarian,Lunch,Roasted,200,0,Synthetic_IFCT_schema,Synthetic_Variant
SYN02460,"Cauliflower, raw (boiled)",Vegetables,,23.7,105,1.9,0.4,4.9,2.5,22,0.4,,Western,Non-Veg,Breakfast,Steamed,200,0,Synthetic_IFCT_schema,Synthetic_Variant
SYN02461,"Tofu, firm (steamed)",Pulses and Legumes,,75.2,318,8.0,4.8,1.9,0.3,,,,West India,Vegetarian,Lunch,N/A,100,0,Synthetic_IFCT_schema,Synthetic_Variant
SYN02462,Dhokla (steamed),Composite Dishes,,72.5,318,3.5,1.5,12.0,0.8,,,,West India,Vegetarian,Breakfast,N/A,100,1,Synthetic_IFCT_schema,Synthetic_Variant
SYN02463,Okra (Bhindi) (raw),Vegetables,Scientific_26,34.4,138,2.1,0.2,7.0,2.5,82,0.8,21,Pan India,non-vegetarian,,Fried,150,0,Synthetic_IFCT_schema,Synthetic_Variant
SYN02464,Pomegranate (fried),Fruits,Scientific_67,78.7,347,1.7,1.2,18.7,4.0,10,0.3,10,West India,Non-Vegetarian,lunch,Roasted,200,0,Synthetic_IFCT_schema,Synthetic_Variant
SYN02465,Pomegranate (fried),Fruits,Scientific_59,84.5,347,1.7,1.2,18.7,4.0,10,0.3,10,West India,Vegetarian,Dessert,Steamed,150,0,Synthetic_IFCT_schema,Synthetic_Variant
SYN02466,"Soya chunks, raw (roasted)",Pulses and Legumes,,359.9,1444,52.0,0.5,33.0,13.0,,,,Pan India,Vegetarian,snack,Baked,100,0,Synthetic_IFCT_schema,Synthetic_Variant
SYN02467,Pomegranate (steamed),Fruits,,78.5,347,1.7,1.2,18.7,4.0,10,0.3,10,West India,Vegetarian,Snack,Boiled,N/A,0,Synthetic_IFCT_schema,Synthetic_Variant
SYN02468,Pomegranate (roasted),Fruits,Scientific_40,84.0,347,1.7,1.2,18.7,4.0,10,0.3,10,West India,Vegetarian,Any,Cooked,N/A,0,Synthetic_IFCT_schema,Synthetic_Variant
SYN02469,Watermelon (fried),Fruits,,31.7,125,0.6,0.2,7.6,0.4,7,,8,Pan India,Vegetarian,Breakfast,,200,0,Synthetic_IFCT_schema,Synthetic_Variant
SYN02470,"Cauliflower, raw (fried)",Vegetables,,26.6,105,1.9,0.4,4.9,2.5,22,0.4,,Western,Non-Veg,Breakfast,Steamed,200,0,Synthetic_IFCT_schema,Synthetic_Variant
SYN02471,Watermelon (boiled),Fruits,,28.3,125,0.6,0.2,7.6,0.4,7,,8,Pan India,Vegetarian,Breakfast,,200,0,Synthetic_IFCT_schema,Synthetic_Variant
SYN02472,"Wheat flour, refined (raw)",Cereals and Millets,Scientific_3,323.1,1456,10.3,0.9,73.9,0.3,23,2.7,0,North India,Vegetarian,snack,,,0,Synthetic_IFCT_schema,Synthetic_Variant
SYN02473,Machher jhol (raw),Composite Dishes,,164.0,649,17.0,9.0,3.0,0.6,,,,East India,Non-Vegetarian,Dessert,Boiled,100,1,Synthetic_IFCT_schema,Synthetic_Variant
SYN02474,Pomegranate (fried),Fruits,,88.8,347,1.7,1.2,18.7,4.0,10,0.3,10,West India,non-vegetarian,,Roasted,100,0,Synthetic_IFCT_schema,Synthetic_Variant
SYN02475,Pomegranate (steamed),Fruits,Scientific_69,86.1,347,1.7,1.2,18.7,4.0,10,0.3,,West India,Vegetarian,Dinner,Fried,150,0,Synthetic_IFCT_schema,Synthetic_Variant
SYN02476,"Momos, veg (steamed) (boiled)",Composite Dishes,,186.3,753,5.5,5.5,28.0,2.0,,,,East India,Vegetarian,lunch,Steamed,100,1,Synthetic_IFCT_schema,Synthetic_Variant
SYN02477,Pomegranate (steamed),Fruits,Scientific_47,77.0,,1.7,1.2,18.7,4.0,10,0.3,10,West India,Non-Veg,snack,Grilled,200,0,Synthetic_IFCT_schema,Synthetic_Variant
SYN02478,Pomegranate (steamed),Fruits,Scientific_66,85.5,347,1.7,1.2,18.7,4.0,10,0.3,10,West India,Vegetarian,Dessert,Raw,200,0,Synthetic_IFCT_schema,Synthetic_Variant
SYN02479,Litti chokha (roasted),Composite Dishes,,319.0,1340,9.0,10.0,50.0,3.5,,,,East India,Vegetarian,Beverage,Fried,100,1,Synthetic_IFCT_schema,Synthetic_Variant
SYN02480,Ragi (Finger millet) (raw),Cereals and Millets,Scientific_6,334.9,1373,7.3,1.5,66.8,3.6,344,3.9,0,South India,Vegetarian,Main Course,Boiled,N/A,0,Synthetic_IFCT_schema,Synthetic_Variant
SYN02481,Pomegranate (roasted),Fruits,Scientific_53,87.2,347,1.7,1.2,18.7,4.0,10,0.3,10,West India,Vegetarian,Snack,Baked,100,0,Synthetic_IFCT_schema,Synthetic_Variant
SYN02482,"Wheat flour, whole (boiled)",Cereals and Millets,Scientific_2,366.8,1427,11.8,1.5,69.4,1.9,41,4.9,0,North India,Vegetarian,Beverage,Cooked,150,0,Synthetic_IFCT_schema,Synthetic_Variant
SYN02483,Jowar (Sorghum) (boiled),Cereals and Millets,Scientific_5,322.7,,10.4,1.9,72.6,1.6,25,,0,Unknown,Vegetarian,Main Course,Fried,,0,Synthetic_IFCT_schema,Synthetic_Variant
SYN02484,Bitter gourd (Karela) (steamed),Vegetables,Scientific_27,16.2,,1.0,0.2,3.4,2.8,20,0.6,84,Pan India,Vegetarian,snack,,,0,Synthetic_IFCT_schema,Synthetic_Variant
SYN02485,Pomegranate (boiled),Fruits,,85.7,347,1.7,1.2,18.7,4.0,,0.3,10,West India,Vegetarian,Main Course,Grilled,,0,Synthetic_IFCT_schema,Synthetic_Variant
SYN02486,Fenugreek leaves (Methi) (steamed),Vegetables,Scientific_28,46.7,205,4.4,0.9,6.0,1.1,,1.9,52,North India,Vegetarian,Dessert,Boiled,150,0,Synthetic_IFCT_schema,Synthetic_Variant
SYN02487,"Tofu, firm (fried)",Pulses and Legumes,,72.3,318,8.0,4.8,1.9,0.3,,,,West India,Vegetarian,Lunch,N/A,100,0,Synthetic_IFCT_schema,Synthetic_Variant
SYN02488,Pomegranate (fried),Fruits,Scientific_73,81.3,347,1.7,1.2,18.7,4.0,10,0.3,10,West India,Vegetarian,snack,Cooked,100,0,Synthetic_IFCT_schema,Synthetic_Variant
SYN02489,Bitter gourd (Karela) (fried),Vegetables,Scientific_27,17.2,,1.0,0.2,3.4,2.8,20,0.6,84,Pan India,Vegetarian,snack,,,0,Synthetic_IFCT_schema,Synthetic_Variant
SYN02490,"Chana dal, raw (steamed)",Pulses and Legumes,Scientific_12,351.8,1556,20.8,5.6,59.8,,56,4.9,1,North India,Vegetarian,breakfast,Cooked,100,0,Synthetic_IFCT_schema,Synthetic_Variant
SYN02491,Pomegranate (raw),Fruits,Scientific_80,,347,1.7,1.2,18.7,4.0,10,0.3,10,West India,Vegetarian,lunch,Cooked,200,0,Synthetic_IFCT_schema,Synthetic_Variant
SYN02492,Avial (raw),Composite Dishes,,106.2,481,2.8,6.5,12.0,3.0,,,,South India,Vegetarian,lunch,,100,1,Synthetic_IFCT_schema,Synthetic_Variant
SYN02493,Pomegranate (boiled),Fruits,Scientific_61,76.5,347,1.7,1.2,18.7,4.0,10,0.3,,West India,Vegetarian,Dessert,,100,0,Synthetic_IFCT_schema,Synthetic_Variant
SYN02494,Pomegranate (roasted),Fruits,Scientific_40,88.4,347,1.7,1.2,18.7,4.0,10,0.3,10,West India,Vegetarian,Any,Cooked,N/A,0,Synthetic_IFCT_schema,Synthetic_Variant
SYN02495,Pomegranate (steamed),Fruits,Scientific_45,81.8,347,1.7,1.2,18.7,4.0,10,0.3,,West India,Veg,breakfast,Roasted,N/A,0,Synthetic_IFCT_schema,Synthetic_Variant
SYN02496,Cowpea (Black-eyed pea) (boiled),Pulses and Legumes,,302.8,1351,23.4,1.8,54.5,,227,8.6,1,South India,Vegetarian,Lunch,Roasted,200,0,Synthetic_IFCT_schema,Synthetic_Variant
SYN02497,Avial (steamed),Composite Dishes,,121.0,481,2.8,6.5,12.0,3.0,,,,South India,Vegetarian,lunch,,100,1,Synthetic_IFCT_schema,Synthetic_Variant
SYN02498,"Tomato, raw (boiled)",Vegetables,,,75,0.9,0.2,3.9,1.2,13,,27,Pan India,Vegetarian,Dessert,Roasted,100,0,Synthetic_IFCT_schema,Synthetic_Variant
SYN02499,Pomegranate (boiled),Fruits,,89.4,347,1.7,1.2,18.7,4.0,10,0.3,10,West India,Vegetarian,Dessert,Steamed,150,0,Synthetic_IFCT_schema,Synthetic_Variant
SYN02500,Pomegranate (boiled),Fruits,,85.2,347,1.7,1.2,18.7,4.0,10,0.3,10,West India,Vegetarian,Main Course,,N/A,0,Synthetic_IFCT_schema,Synthetic_Variant
SYN02501,Pomegranate (fried),Fruits,,80.3,347,1.7,1.2,18.7,4.0,10,0.3,10,West India,Vegetarian,Beverage,Steamed,,0,Synthetic_IFCT_schema,Synthetic_Variant
SYN02502,Amla (Indian gooseberry) (steamed),Fruits,,40.9,184,0.9,0.6,10.2,4.3,50,1.2,600,Western,Vegetarian,breakfast,Roasted,150,0,Synthetic_IFCT_schema,Synthetic_Variant
SYN02503,Pomegranate (boiled),Fruits,,83.9,347,1.7,1.2,18.7,4.0,10,,10,West India,Vegetarian,Snack,N/A,150,0,Synthetic_IFCT_schema,Synthetic_Variant
SYN02504,"Rice, raw, milled (raw)",Cereals and Millets,,,1448,6.8,0.5,78.2,0.2,10,0.7,,Pan India,Vegetarian,Breakfast,Baked,,0,Synthetic_IFCT_schema,Synthetic_Variant
SYN02505,Pomegranate (raw),Fruits,,76.9,347,1.7,1.2,18.7,4.0,10,0.3,10,East,Vegetarian,snack,Grilled,100,0,Synthetic_IFCT_schema,Synthetic_Variant
SYN02506,Kabuli chana (raw),Pulses and Legumes,,369.9,,20.1,5.3,60.9,7.6,202,4.9,3,North India,Vegetarian,Breakfast,Grilled,N/A,0,Synthetic_IFCT_schema,Synthetic_Variant
SYN02507,Pomegranate (roasted),Fruits,Scientific_68,76.7,347,1.7,1.2,18.7,4.0,10,0.3,10,Northern,Veg,dinner,Steamed,N/A,0,Synthetic_IFCT_schema,Synthetic_Variant
SYN02508,Pomegranate (boiled),Fruits,,87.3,347,1.7,1.2,18.7,4.0,10,0.3,10,West India,Vegetarian,Dessert,N/A,100,0,Synthetic_IFCT_schema,Synthetic_Variant
SYN02509,"Coconut, fresh (roasted)",Nuts and Oilseeds,Scientific_30,375.1,1482,3.3,33.5,15.2,9.0,14,1.9,3,South India,Vegetarian,Lunch,,200,0,Synthetic_IFCT_schema,Synthetic_Variant
SYN02510,Machher jhol (raw),Composite Dishes,,149.5,649,17.0,9.0,3.0,0.6,,,,East India,Non-Vegetarian,Dessert,Boiled,100,1,Synthetic_IFCT_schema,Synthetic_Variant
SYN02511,Pomegranate (boiled),Fruits,,79.2,347,1.7,1.2,18.7,4.0,10,0.3,,West India,Vegetarian,Snack,Baked,200,0,Synthetic_IFCT_schema,Synthetic_Variant
SYN02512,Litti chokha (raw),Composite Dishes,,305.3,1340,9.0,10.0,50.0,3.5,,,,East India,Vegetarian,Beverage,Fried,100,1,Synthetic_IFCT_schema,Synthetic_Variant
SYN02513,Pomegranate (roasted),Fruits,,86.6,347,1.7,1.2,18.7,4.0,,0.3,10,West India,Vegetarian,Main Course,Grilled,,0,Synthetic_IFCT_schema,Synthetic_Variant
SYN02514,"Masoor dal, raw (roasted)",Pulses and Legumes,,349.8,1435,25.1,0.9,59.0,3.5,68,7.6,1,Southern,Vegetarian,lunch,Grilled,100,0,Synthetic_IFCT_schema,Synthetic_Variant
SYN02515,Pomegranate (boiled),Fruits,,88.8,347,1.7,1.2,18.7,,10,0.3,10,West India,Vegetarian,Dinner,Baked,100,0,Synthetic_IFCT_schema,Synthetic_Variant
SYN02516,"Chana dal, raw (raw)",Pulses and Legumes,Scientific_12,347.9,1556,20.8,5.6,59.8,,56,4.9,1,North India,Vegetarian,breakfast,Cooked,100,0,Synthetic_IFCT_schema,Synthetic_Variant
SYN02517,Ragi (Finger millet) (raw),Cereals and Millets,Scientific_6,350.9,1373,7.3,1.5,66.8,3.6,344,3.9,0,South India,Vegetarian,Main Course,Boiled,N/A,0,Synthetic_IFCT_schema,Synthetic_Variant
SYN02518,Pomegranate (fried),Fruits,Scientific_62,77.8,347,1.7,1.2,18.7,4.0,10,0.3,10,West India,non-vegetarian,snack,Fried,,0,Synthetic_IFCT_schema,Synthetic_Variant
SYN02519,Pomegranate (steamed),Fruits,Scientific_62,78.8,347,1.7,1.2,18.7,4.0,10,0.3,10,West India,non-vegetarian,snack,Fried,,0,Synthetic_IFCT_schema,Synthetic_Variant
SYN02520,Rajma (Kidney beans) (roasted),Pulses and Legumes,,344.0,1448,22.9,1.5,60.6,6.4,260,7.0,4,North India,Vegetarian,Any,N/A,N/A,0,Synthetic_IFCT_schema,Synthetic_Variant
SYN02521,"Spinach (Palak), raw (steamed)",Vegetables,Scientific_23,,96,2.0,0.3,3.5,,99,1.8,28,Pan India,Vegetarian,breakfast,Fried,200,0,Synthetic_IFCT_schema,Synthetic_Variant
SYN02522,Pomegranate (roasted),Fruits,Scientific_59,78.4,347,1.7,1.2,18.7,4.0,10,0.3,10,West India,Vegetarian,Dessert,Steamed,150,0,Synthetic_IFCT_schema,Synthetic_Variant
SYN02523,Pomegranate (steamed),Fruits,Scientific_62,79.8,347,1.7,1.2,18.7,4.0,10,0.3,10,West India,non-vegetarian,snack,Fried,,0,Synthetic_IFCT_schema,Synthetic_Variant
SYN02524,Khandvi (steamed),Composite Dishes,,138.4,544,4.5,4.8,18.0,1.2,,,,West India,Vegetarian,breakfast,Roasted,100,1,Synthetic_IFCT_schema,Synthetic_Variant
SYN02525,Pomegranate (fried),Fruits,Scientific_61,85.1,347,1.7,1.2,18.7,4.0,10,0.3,,West India,Vegetarian,Dessert,,100,0,Synthetic_IFCT_schema,Synthetic_Variant
SYN02526,Pomegranate (boiled),Fruits,Scientific_66,78.7,347,1.7,1.2,18.7,4.0,10,0.3,10,West India,Vegetarian,Dessert,Raw,200,0,Synthetic_IFCT_schema,Synthetic_Variant
SYN02527,Rajma (Kidney beans) (raw),Pulses and Legumes,,322.6,1448,22.9,1.5,60.6,6.4,260,7.0,4,North India,Vegetarian,Any,N/A,N/A,0,Synthetic_IFCT_schema,Synthetic_Variant
SYN02528,Pomegranate (boiled),Fruits,,79.7,347,1.7,1.2,18.7,4.0,,0.3,10,West India,Vegetarian,breakfast,,,0,Synthetic_IFCT_schema,Synthetic_Variant
SYN02529,Avial (fried),Composite Dishes,,109.0,481,2.8,6.5,12.0,3.0,,,,South India,Vegetarian,lunch,,100,1,Synthetic_IFCT_schema,Synthetic_Variant
SYN02530,Dhokla (steamed),Composite Dishes,,71.2,318,3.5,1.5,12.0,0.8,,,,West India,Vegetarian,Breakfast,N/A,100,1,Synthetic_IFCT_schema,Synthetic_Variant
SYN02531,"Chana dal, raw (steamed)",Pulses and Legumes,Scientific_12,373.2,1556,20.8,5.6,59.8,,56,4.9,1,North India,Vegetarian,breakfast,Cooked,100,0,Synthetic_IFCT_schema,Synthetic_Variant
SYN02532,Oats (raw),Cereals and Millets,,394.1,1628,16.9,6.9,66.3,,54,4.7,0,North India,Vegetarian,Breakfast,Cooked,100,0,Synthetic_IFCT_schema,Synthetic_Variant
SYN02533,"Moong dal, raw (roasted)",Pulses and Legumes,,339.4,,24.0,1.3,59.9,4.1,75,6.7,7,Pan India,Vegetarian,,,,0,Synthetic_IFCT_schema,Synthetic_Variant
SYN02534,Pomegranate (roasted),Fruits,Scientific_59,82.6,347,1.7,1.2,18.7,4.0,10,0.3,10,West India,Vegetarian,Dessert,Steamed,150,0,Synthetic_IFCT_schema,Synthetic_Variant
SYN02535,Pomegranate (raw),Fruits,,82.6,,1.7,1.2,18.7,4.0,10,0.3,10,West India,Vegetarian,Dessert,Baked,150,0,Synthetic_IFCT_schema,Synthetic_Variant
SYN02536,Pomegranate (boiled),Fruits,,81.4,347,1.7,1.2,18.7,4.0,10,0.3,10,West India,Vegetarian,Dessert,Steamed,150,0,Synthetic_IFCT_schema,Synthetic_Variant
SYN02537,Pomegranate (boiled),Fruits,Scientific_80,,347,1.7,1.2,18.7,4.0,10,0.3,10,West India,Vegetarian,lunch,Cooked,200,0,Synthetic_IFCT_schema,Synthetic_Variant
SYN02538,Oats (fried),Cereals and Millets,,408.7,1628,16.9,6.9,66.3,,54,4.7,0,North India,Vegetarian,Breakfast,Cooked,100,0,Synthetic_IFCT_schema,Synthetic_Variant
SYN02539,Pomegranate (raw),Fruits,Scientific_63,87.9,347,1.7,1.2,18.7,4.0,10,0.3,10,West India,Vegetarian,Any,Baked,N/A,0,Synthetic_IFCT_schema,Synthetic_Variant
SYN02540,"Toor dal, raw (raw)",Pulses and Legumes,,345.0,,22.3,1.7,57.6,4.2,73,5.6,0,Pan India,Vegetarian,Dessert,Baked,100,0,Synthetic_IFCT_schema,Synthetic_Variant
SYN02541,Pomegranate (steamed),Fruits,,76.9,347,1.7,1.2,18.7,4.0,10,0.3,10,East,Vegetarian,snack,Grilled,100,0,Synthetic_IFCT_schema,Synthetic_Variant
SYN02542,"Soya chunks, raw (boiled)",Pulses and Legumes,,345.2,1444,52.0,0.5,33.0,13.0,,,,Pan India,Vegetarian,snack,Baked,100,0,Synthetic_IFCT_schema,Synthetic_Variant
SYN02543,"Rice, raw, milled (raw)",Cereals and Millets,,,1448,6.8,0.5,78.2,0.2,10,0.7,,Pan India,Vegetarian,Breakfast,Baked,,0,Synthetic_IFCT_schema,Synthetic_Variant
SYN02544,Bamboo shoots (roasted),Vegetables,,25.6,113,2.6,0.3,5.2,2.2,,,,East India,Vegetarian,Dinner,Boiled,100,0,Synthetic_IFCT_schema,Synthetic_Variant
SYN02545,Pomegranate (raw),Fruits,,77.4,347,1.7,1.2,18.7,4.0,10,0.3,10,West India,Vegetarian,Main Course,Fried,,0,Synthetic_IFCT_schema,Synthetic_Variant
SYN02546,Litti chokha (roasted),Composite Dishes,,341.1,1340,9.0,10.0,50.0,3.5,,,,East India,Vegetarian,Beverage,Fried,100,1,Synthetic_IFCT_schema,Synthetic_Variant
SYN02547,Pomegranate (steamed),Fruits,,82.9,347,1.7,1.2,18.7,4.0,10,0.3,10,West India,non-vegetarian,,Roasted,100,0,Synthetic_IFCT_schema,Synthetic_Variant
SYN02548,Pomegranate (raw),Fruits,,85.2,347,1.7,1.2,18.7,4.0,10,0.3,10,West India,non-vegetarian,,Roasted,100,0,Synthetic_IFCT_schema,Synthetic_Variant
SYN02549,"Wheat flour, refined (roasted)",Cereals and Millets,Scientific_3,359.6,1456,10.3,0.9,73.9,0.3,23,2.7,0,North India,Vegetarian,snack,,,0,Synthetic_IFCT_schema,Synthetic_Variant
SYN02550,Pomegranate (roasted),Fruits,Scientific_67,77.7,347,1.7,1.2,18.7,4.0,10,0.3,10,West India,Non-Vegetarian,lunch,Roasted,200,0,Synthetic_IFCT_schema,Synthetic_Variant
SYN02551,"Tofu, firm (raw)",Pulses and Legumes,,76.6,318,8.0,4.8,1.9,0.3,,,,West India,Vegetarian,Lunch,N/A,100,0,Synthetic_IFCT_schema,Synthetic_Variant
SYN02552,"Peanut, raw (steamed)",Nuts and Oilseeds,Scientific_19,541.2,,25.8,49.2,16.1,8.5,92,4.6,0,West India,Non-Vegetarian,Dinner,Cooked,,0,Synthetic_IFCT_schema,Synthetic_Variant
SYN02553,Bamboo shoots (fried),Vegetables,,26.3,113,2.6,0.3,5.2,2.2,,,,East India,Vegetarian,Dinner,Boiled,100,0,Synthetic_IFCT_schema,Synthetic_Variant
SYN02554,Sattu (roasted gram flour) (roasted),Cereals and Millets,,415.0,1700,22.5,7.0,64.0,1.8,,,,East India,Vegetarian,snack,Grilled,100,0,Synthetic_IFCT_schema,Synthetic_Variant
SYN02555,Rajma (Kidney beans) (fried),Pulses and Legumes,,351.3,1448,22.9,1.5,60.6,6.4,260,7.0,4,North India,Vegetarian,Any,N/A,N/A,0,Synthetic_IFCT_schema,Synthetic_Variant
SYN02556,Pomegranate (raw),Fruits,,76.6,347,1.7,1.2,18.7,,10,0.3,10,West India,Vegetarian,Dinner,Baked,100,0,Synthetic_IFCT_schema,Synthetic_Variant
SYN02557,Pomegranate (boiled),Fruits,,88.2,347,1.7,1.2,18.7,4.0,10,0.3,10,West India,Vegetarian,Dessert,N/A,100,0,Synthetic_IFCT_schema,Synthetic_Variant
SYN02558,Pomegranate (boiled),Fruits,Scientific_69,79.9,347,1.7,1.2,18.7,4.0,10,0.3,,West India,Vegetarian,Dinner,Fried,150,0,Synthetic_IFCT_schema,Synthetic_Variant
SYN02559,Litti chokha (fried),Composite Dishes,,315.4,1340,9.0,10.0,50.0,3.5,,,,East India,Vegetarian,Beverage,Fried,100,1,Synthetic_IFCT_schema,Synthetic_Variant
SYN02560,Banana (Cavendish) (steamed),Fruits,Scientific_32,86.1,372,1.1,0.3,23.0,2.6,5,0.3,8,South India,Vegetarian,Dinner,,100,0,Synthetic_IFCT_schema,Synthetic_Variant
SYN02561,Banana (Cavendish) (fried),Fruits,Scientific_32,89.3,372,1.1,0.3,23.0,2.6,5,0.3,8,South India,Vegetarian,Dinner,,100,0,Synthetic_IFCT_schema,Synthetic_Variant
SYN02562,Bitter gourd (Karela) (roasted),Vegetables,Scientific_27,17.3,,1.0,0.2,3.4,2.8,20,0.6,84,Pan India,Vegetarian,snack,,,0,Synthetic_IFCT_schema,Synthetic_Variant
SYN02563,Rajma (Kidney beans) (roasted),Pulses and Legumes,,327.0,1448,22.9,1.5,60.6,6.4,260,7.0,4,North India,Vegetarian,Any,N/A,N/A,0,Synthetic_IFCT_schema,Synthetic_Variant
SYN02564,"Urad dal, raw (fried)",Pulses and Legumes,Scientific_15,,1428,25.1,1.4,59.0,1.8,154,4.5,0,South India,Vegetarian,Main Course,Grilled,N/A,0,Synthetic_IFCT_schema,Synthetic_Variant
SYN02565,Jowar (Sorghum) (fried),Cereals and Millets,Scientific_5,350.2,,10.4,1.9,72.6,1.6,25,,0,Unknown,Vegetarian,Main Course,Fried,,0,Synthetic_IFCT_schema,Synthetic_Variant
SYN02566,Pomegranate (roasted),Fruits,Scientific_80,,347,1.7,1.2,18.7,4.0,10,0.3,10,West India,Vegetarian,lunch,Cooked,200,0,Synthetic_IFCT_schema,Synthetic_Variant
SYN02567,"Soya chunks, raw (raw)",Pulses and Legumes,,358.1,1444,52.0,0.5,33.0,13.0,,,,Pan India,Vegetarian,snack,Baked,100,0,Synthetic_IFCT_schema,Synthetic_Variant
SYN02568,Pomegranate (boiled),Fruits,Scientific_71,83.5,347,1.7,1.2,18.7,4.0,10,0.3,10,West India,Vegetarian,Breakfast,Fried,100,0,Synthetic_IFCT_schema,Synthetic_Variant
SYN02569,"Soya chunks, raw (fried)",Pulses and Legumes,,327.2,1444,52.0,0.5,33.0,13.0,,,,Pan India,Vegetarian,snack,Baked,100,0,Synthetic_IFCT_schema,Synthetic_Variant
SYN02570,Pomegranate (roasted),Fruits,Scientific_53,86.5,347,1.7,1.2,18.7,4.0,10,0.3,10,West India,Vegetarian,Snack,Baked,100,0,Synthetic_IFCT_schema,Synthetic_Variant
SYN02571,Jowar (Sorghum) (steamed),Cereals and Millets,Scientific_5,359.6,,10.4,1.9,72.6,1.6,25,,0,Unknown,Vegetarian,Main Course,Fried,,0,Synthetic_IFCT_schema,Synthetic_Variant
SYN02572,"Rice, cooked (steamed)",Cereals and Millets,,135.3,544,2.7,0.3,28.2,,3,0.2,0,Pan India,non-vegetarian,Snack,Baked,100,0,Synthetic_IFCT_schema,Synthetic_Variant
SYN02573,"Tomato, raw (fried)",Vegetables,,,75,0.9,0.2,3.9,1.2,13,,27,Pan India,Vegetarian,Dessert,Roasted,100,0,Synthetic_IFCT_schema,Synthetic_Variant
SYN02574,Pomegranate (fried),Fruits,Scientific_47,87.7,,1.7,1.2,18.7,4.0,10,0.3,10,West India,Non-Veg,snack,Grilled,200,0,Synthetic_IFCT_schema,Synthetic_Variant
SYN02575,Avial (roasted),Composite Dishes,,122.4,481,2.8,6.5,12.0,3.0,,,,South India,Vegetarian,lunch,,100,1,Synthetic_IFCT_schema,Synthetic_Variant
SYN02576,Machher jhol (raw),Composite Dishes,,163.7,649,17.0,9.0,3.0,0.6,,,,East India,Non-Vegetarian,Dessert,Boiled,100,1,Synthetic_IFCT_schema,Synthetic_Variant
SYN02577,Rasam (fried),Composite Dishes,,29.2,125,1.2,0.8,4.5,,,,,South India,Vegetarian,Beverage,,100,1,Synthetic_IFCT_schema,Synthetic_Variant
SYN02578,Bitter gourd (Karela) (fried),Vegetables,Scientific_27,16.9,,1.0,0.2,3.4,2.8,20,0.6,84,Pan India,Vegetarian,snack,,,0,Synthetic_IFCT_schema,Synthetic_Variant
SYN02579,Guava (roasted),Fruits,,69.5,285,2.6,1.0,14.3,5.4,18,,228,Maharashtra,Vegetarian,Snack,Baked,N/A,0,Synthetic_IFCT_schema,Synthetic_Variant
SYN02580,Pomegranate (roasted),Fruits,,88.8,347,1.7,1.2,18.7,4.0,10,0.3,10,West India,Vegetarian,,Raw,N/A,0,Synthetic_IFCT_schema,Synthetic_Variant
SYN02581,Pomegranate (raw),Fruits,,79.3,347,1.7,1.2,18.7,4.0,10,0.3,10,West India,Vegetarian,,Raw,N/A,0,Synthetic_IFCT_schema,Synthetic_Variant
SYN02582,"Jackfruit, raw (fried)",Fruits,,98.2,398,1.7,0.6,23.2,1.5,,,,South India,Vegetarian,Any,Baked,100,0,Synthetic_IFCT_schema,Synthetic_Variant
SYN02583,Pomegranate (fried),Fruits,,82.4,347,1.7,1.2,18.7,4.0,10,0.3,10,West India,Vegetarian,Snack,Boiled,N/A,0,Synthetic_IFCT_schema,Synthetic_Variant
SYN02584,Pomegranate (fried),Fruits,,76.6,,1.7,1.2,18.7,4.0,10,0.3,10,West India,Vegetarian,Dessert,Baked,150,0,Synthetic_IFCT_schema,Synthetic_Variant
SYN02585,"Chana dal, raw (boiled)",Pulses and Legumes,Scientific_12,344.3,1556,20.8,5.6,59.8,,56,4.9,1,North India,Vegetarian,breakfast,Cooked,100,0,Synthetic_IFCT_schema,Synthetic_Variant
SYN02586,Pomegranate (boiled),Fruits,Scientific_71,84.5,347,1.7,1.2,18.7,4.0,10,0.3,10,West India,Vegetarian,Breakfast,Fried,100,0,Synthetic_IFCT_schema,Synthetic_Variant
SYN02587,"Jackfruit, raw (raw)",Fruits,,98.4,398,1.7,0.6,23.2,1.5,,,,South India,Vegetarian,Any,Baked,100,0,Synthetic_IFCT_schema,Synthetic_Variant
SYN02588,Pomegranate (steamed),Fruits,Scientific_63,80.1,347,1.7,1.2,18.7,4.0,10,0.3,10,West India,Vegetarian,Any,Baked,N/A,0,Synthetic_IFCT_schema,Synthetic_Variant
SYN02589,Sattu (roasted gram flour) (raw),Cereals and Millets,,404.6,1700,22.5,7.0,64.0,1.8,,,,East India,Vegetarian,snack,Grilled,100,0,Synthetic_IFCT_schema,Synthetic_Variant
SYN02590,"Moong dal, raw (steamed)",Pulses and Legumes,,355.0,,24.0,1.3,59.9,4.1,75,6.7,7,Pan India,Vegetarian,,,,0,Synthetic_IFCT_schema,Synthetic_Variant
SYN02591,Pomegranate (raw),Fruits,,88.9,,1.7,1.2,18.7,4.0,10,0.3,10,West India,Vegetarian,Dessert,Baked,150,0,Synthetic_IFCT_schema,Synthetic_Variant
SYN02592,"Coconut, fresh (roasted)",Nuts and Oilseeds,Scientific_30,381.9,1482,3.3,33.5,15.2,9.0,14,1.9,3,South India,Vegetarian,Lunch,,200,0,Synthetic_IFCT_schema,Synthetic_Variant
SYN02593,Oats (steamed),Cereals and Millets,,370.7,1628,16.9,6.9,66.3,,54,4.7,0,North India,Vegetarian,Breakfast,Cooked,100,0,Synthetic_IFCT_schema,Synthetic_Variant
SYN02594,"Chana dal, raw (steamed)",Pulses and Legumes,Scientific_12,387.7,1556,20.8,5.6,59.8,,56,4.9,1,North India,Vegetarian,breakfast,Cooked,100,0,Synthetic_IFCT_schema,Synthetic_Variant
SYN02595,"Soybean, raw (fried)",Pulses and Legumes,,422.2,1808,36.5,19.9,30.2,9.3,240,,,West India,Vegetarian,Any,Boiled,150,0,Synthetic_IFCT_schema,Synthetic_Variant
SYN02596,"Potato, raw (boiled)",Vegetables,Scientific_20,72.1,322,1.9,0.1,17.8,1.8,11,0.7,13,Pan India,Vegetarian,lunch,Cooked,150,0,Synthetic_IFCT_schema,Synthetic_Variant
SYN02597,Brinjal (Eggplant) (steamed),Vegetables,,23.9,105,1.4,0.3,5.5,3.4,18,0.3,2,Pan India,Vegetarian,lunch,Steamed,100,0,Synthetic_IFCT_schema,Synthetic_Variant
SYN02598,Pomegranate (boiled),Fruits,,76.9,347,1.7,1.2,18.7,4.0,10,0.3,10,Unknown,Vegetarian,Beverage,Steamed,N/A,0,Synthetic_IFCT_schema,Synthetic_Variant
SYN02599,Pomegranate (roasted),Fruits,,88.0,347,1.7,1.2,18.7,,10,0.3,10,Pan India,Vegetarian,Main Course,Fried,150,0,Synthetic_IFCT_schema,Synthetic_Variant
SYN02600,Pomegranate (fried),Fruits,,81.2,,1.7,1.2,18.7,4.0,10,0.3,10,West India,Vegetarian,Dessert,Baked,150,0,Synthetic_IFCT_schema,Synthetic_Variant
SYN02601,Pomegranate (boiled),Fruits,Scientific_78,86.4,347,1.7,1.2,18.7,4.0,10,0.3,10,West India,Vegetarian,,,,0,Synthetic_IFCT_schema,Synthetic_Variant
SYN02602,Pomegranate (steamed),Fruits,Scientific_59,85.4,347,1.7,1.2,18.7,4.0,10,0.3,10,West India,Vegetarian,Dessert,Steamed,150,0,Synthetic_IFCT_schema,Synthetic_Variant
SYN02603,Pomegranate (roasted),Fruits,,76.6,347,1.7,1.2,18.7,,10,0.3,10,Pan India,Vegetarian,Main Course,Fried,150,0,Synthetic_IFCT_schema,Synthetic_Variant
SYN02604,Pomegranate (boiled),Fruits,Scientific_65,78.1,347,1.7,1.2,18.7,4.0,10,0.3,10,West India,Vegetarian,Main Course,Baked,N/A,0,Synthetic_IFCT_schema,Synthetic_Variant
SYN02605,"Wheat flour, whole (boiled)",Cereals and Millets,Scientific_2,327.2,1427,11.8,1.5,69.4,1.9,41,4.9,0,North India,Vegetarian,Beverage,Cooked,150,0,Synthetic_IFCT_schema,Synthetic_Variant
SYN02606,"Jackfruit, raw (raw)",Fruits,,102.6,398,1.7,0.6,23.2,1.5,,,,South India,Vegetarian,Any,Baked,100,0,Synthetic_IFCT_schema,Synthetic_Variant
SYN02607,Pomegranate (fried),Fruits,,89.2,347,1.7,1.2,18.7,4.0,10,0.3,10,Unknown,Vegetarian,Beverage,Steamed,N/A,0,Synthetic_IFCT_schema,Synthetic_Variant
SYN02608,Pomegranate (roasted),Fruits,,83.3,,1.7,1.2,18.7,4.0,10,0.3,10,West India,Vegetarian,Dessert,Baked,150,0,Synthetic_IFCT_schema,Synthetic_Variant
SYN02609,Pomegranate (fried),Fruits,Scientific_78,77.2,347,1.7,1.2,18.7,4.0,10,0.3,10,West India,Vegetarian,,,,0,Synthetic_IFCT_schema,Synthetic_Variant
SYN02610,"Potato, raw (steamed)",Vegetables,Scientific_20,73.4,322,1.9,0.1,17.8,1.8,11,0.7,13,Pan India,Vegetarian,lunch,Cooked,150,0,Synthetic_IFCT_schema,Synthetic_Variant
SYN02611,Litti chokha (steamed),Composite Dishes,,335.5,1340,9.0,10.0,50.0,3.5,,,,East India,Vegetarian,Beverage,Fried,100,1,Synthetic_IFCT_schema,Synthetic_Variant
SYN02612,"Papaya, ripe (steamed)",Fruits,,42.3,180,0.5,0.1,10.8,1.7,20,0.1,62,South India,Vegetarian,snack,Fried,,0,Synthetic_IFCT_schema,Synthetic_Variant
SYN02613,Pomegranate (boiled),Fruits,Scientific_40,87.4,347,1.7,1.2,18.7,4.0,10,0.3,10,West India,Vegetarian,Any,Cooked,N/A,0,Synthetic_IFCT_schema,Synthetic_Variant
SYN02614,Brinjal (Eggplant) (boiled),Vegetables,,24.8,105,1.4,0.3,5.5,3.4,18,0.3,2,Pan India,Vegetarian,lunch,Steamed,100,0,Synthetic_IFCT_schema,Synthetic_Variant
SYN02615,"Peanut, raw (raw)",Nuts and Oilseeds,Scientific_19,555.8,,25.8,49.2,16.1,8.5,92,4.6,0,West India,Non-Vegetarian,Dinner,Cooked,,0,Synthetic_IFCT_schema,Synthetic_Variant
SYN02616,Pomegranate (steamed),Fruits,Scientific_40,79.5,347,1.7,1.2,18.7,4.0,10,0.3,10,West India,Vegetarian,Any,Cooked,N/A,0,Synthetic_IFCT_schema,Synthetic_Variant
SYN02617,Pomegranate (raw),Fruits,Scientific_59,86.0,347,1.7,1.2,18.7,4.0,10,0.3,10,West India,Vegetarian,Dessert,Steamed,150,0,Synthetic_IFCT_schema,Synthetic_Variant
SYN02618,"Rice, raw, milled (raw)",Cereals and Millets,,,1448,6.8,0.5,78.2,0.2,10,0.7,,Pan India,Vegetarian,Breakfast,Baked,,0,Synthetic_IFCT_schema,Synthetic_Variant
SYN02619,Pomegranate (raw),Fruits,Scientific_45,80.8,347,1.7,1.2,18.7,4.0,10,0.3,,West India,Veg,breakfast,Roasted,N/A,0,Synthetic_IFCT_schema,Synthetic_Variant
SYN02620,Pomegranate (raw),Fruits,,85.3,347,1.7,1.2,18.7,4.0,10,0.3,10,West India,Vegetarian,Main Course,,N/A,0,Synthetic_IFCT_schema,Synthetic_Variant
SYN02621,Methi thepla (roasted),Composite Dishes,,292.9,1193,7.5,12.0,38.0,3.0,,,,West India,Vegetarian,Beverage,Boiled,100,1,Synthetic_IFCT_schema,Synthetic_Variant
SYN02622,Pomegranate (steamed),Fruits,Scientific_62,77.2,347,1.7,1.2,18.7,4.0,10,0.3,10,West India,non-vegetarian,snack,Fried,,0,Synthetic_IFCT_schema,Synthetic_Variant
SYN02623,Pomegranate (fried),Fruits,Scientific_59,77.6,347,1.7,1.2,18.7,4.0,10,0.3,10,West India,Vegetarian,Dessert,Steamed,150,0,Synthetic_IFCT_schema,Synthetic_Variant
SYN02624,Pomegranate (fried),Fruits,,82.3,347,1.7,1.2,18.7,4.0,10,0.3,10,West India,Vegetarian,Main Course,Fried,,0,Synthetic_IFCT_schema,Synthetic_Variant
SYN02625,Guava (fried),Fruits,,68.5,285,2.6,1.0,14.3,5.4,18,,228,Maharashtra,Vegetarian,Snack,Baked,N/A,0,Synthetic_IFCT_schema,Synthetic_Variant
SYN02626,Litti chokha (raw),Composite Dishes,,337.7,1340,9.0,10.0,50.0,3.5,,,,East India,Vegetarian,Beverage,Fried,100,1,Synthetic_IFCT_schema,Synthetic_Variant
SYN02627,"Rice, raw, milled (fried)",Cereals and Millets,,,1448,6.8,0.5,78.2,0.2,10,0.7,,Pan India,Vegetarian,Breakfast,Baked,,0,Synthetic_IFCT_schema,Synthetic_Variant
SYN02628,Pomegranate (roasted),Fruits,,82.7,347,1.7,1.2,18.7,4.0,10,0.3,10,West India,Vegetarian,Snack,Boiled,N/A,0,Synthetic_IFCT_schema,Synthetic_Variant
SYN02629,Pomegranate (steamed),Fruits,,86.9,347,1.7,1.2,18.7,4.0,,0.3,10,West India,Vegetarian,breakfast,,,0,Synthetic_IFCT_schema,Synthetic_Variant
SYN02630,"Papaya, ripe (boiled)",Fruits,,45.8,180,0.5,0.1,10.8,1.7,20,0.1,62,South India,Vegetarian,snack,Fried,,0,Synthetic_IFCT_schema,Synthetic_Variant
SYN02631,"Jackfruit, raw (raw)",Fruits,,88.1,398,1.7,0.6,23.2,1.5,,,,South India,Vegetarian,Any,Baked,100,0,Synthetic_IFCT_schema,Synthetic_Variant
SYN02632,Pomegranate (boiled),Fruits,Scientific_70,,347,1.7,1.2,18.7,,10,0.3,10,West India,Veg,Main Course,Baked,200,0,Synthetic_IFCT_schema,Synthetic_Variant
SYN02633,Brinjal (Eggplant) (raw),Vegetables,,26.7,105,1.4,0.3,5.5,3.4,18,0.3,2,Pan India,Vegetarian,lunch,Steamed,100,0,Synthetic_IFCT_schema,Synthetic_Variant
SYN02634,"Soya chunks, raw (fried)",Pulses and Legumes,,339.2,1444,52.0,0.5,33.0,13.0,,,,Pan India,Vegetarian,snack,Baked,100,0,Synthetic_IFCT_schema,Synthetic_Variant
SYN02635,Pomegranate (raw),Fruits,,84.6,347,1.7,1.2,18.7,4.0,10,0.3,10,West India,Vegetarian,Main Course,Fried,,0,Synthetic_IFCT_schema,Synthetic_Variant
SYN02636,Banana (Cavendish) (steamed),Fruits,Scientific_32,90.5,372,1.1,0.3,23.0,2.6,5,0.3,8,South India,Vegetarian,Dinner,,100,0,Synthetic_IFCT_schema,Synthetic_Variant
SYN02637,Pomegranate (raw),Fruits,Scientific_50,83.0,347,1.7,1.2,18.7,4.0,10,0.3,,North India,Veg,Beverage,Steamed,100,0,Synthetic_IFCT_schema,Synthetic_Variant
SYN02638,Pomegranate (fried),Fruits,Scientific_71,79.5,347,1.7,1.2,18.7,4.0,10,0.3,10,West India,Vegetarian,Breakfast,Fried,100,0,Synthetic_IFCT_schema,Synthetic_Variant
SYN02639,Pomegranate (raw),Fruits,,77.4,347,1.7,1.2,18.7,4.0,10,0.3,10,East,Vegetarian,snack,Grilled,100,0,Synthetic_IFCT_schema,Synthetic_Variant
SYN02640,"Soya chunks, raw (raw)",Pulses and Legumes,,320.5,1444,52.0,0.5,33.0,13.0,,,,Pan India,Vegetarian,snack,Baked,100,0,Synthetic_IFCT_schema,Synthetic_Variant
SYN02641,Khandvi (fried),Composite Dishes,,137.3,544,4.5,4.8,18.0,1.2,,,,West India,Vegetarian,breakfast,Roasted,100,1,Synthetic_IFCT_schema,Synthetic_Variant
SYN02642,Brinjal (Eggplant) (boiled),Vegetables,,25.8,105,1.4,0.3,5.5,3.4,18,0.3,2,Pan India,Vegetarian,lunch,Steamed,100,0,Synthetic_IFCT_schema,Synthetic_Variant
SYN02643,Pomegranate (fried),Fruits,,77.1,347,1.7,1.2,18.7,4.0,10,,10,West India,Vegetarian,Snack,N/A,150,0,Synthetic_IFCT_schema,Synthetic_Variant
SYN02644,"Onion, raw (steamed)",Vegetables,,37.1,167,1.1,0.1,9.3,1.7,23,0.4,7,Pan India,Vegetarian,lunch,Cooked,200,0,Synthetic_IFCT_schema,Synthetic_Variant
SYN02645,Pomegranate (steamed),Fruits,,79.1,347,1.7,1.2,18.7,4.0,10,0.3,10,West India,Vegetarian,,Raw,N/A,0,Synthetic_IFCT_schema,Synthetic_Variant
SYN02646,Pomegranate (roasted),Fruits,,77.2,347,1.7,1.2,18.7,4.0,10,0.3,,West India,Veg,lunch,,,0,Synthetic_IFCT_schema,Synthetic_Variant
SYN02647,"Onion, raw (steamed)",Vegetables,,37.1,167,1.1,0.1,9.3,1.7,23,0.4,7,Pan India,Vegetarian,lunch,Cooked,200,0,Synthetic_IFCT_schema,Synthetic_Variant
SYN02648,Cowpea (Black-eyed pea) (boiled),Pulses and Legumes,,334.3,1351,23.4,1.8,54.5,,227,8.6,1,South India,Vegetarian,Lunch,Roasted,200,0,Synthetic_IFCT_schema,Synthetic_Variant
SYN02649,Maize flour (roasted),Cereals and Millets,Scientific_7,358.1,1485,8.7,3.6,70.0,2.7,9,2.3,,Pan India,Vegetarian,Main Course,N/A,N/A,0,Synthetic_IFCT_schema,Synthetic_Variant
SYN02650,Bamboo shoots (fried),Vegetables,,26.3,113,2.6,0.3,5.2,2.2,,,,East India,Vegetarian,Dinner,Boiled,100,0,Synthetic_IFCT_schema,Synthetic_Variant
SYN02651,"Onion, raw (raw)",Vegetables,,42.9,167,1.1,0.1,9.3,1.7,23,0.4,7,Pan India,Vegetarian,lunch,Cooked,200,0,Synthetic_IFCT_schema,Synthetic_Variant
SYN02652,Sabudana (Tapioca pearls) (boiled),Cereals and Millets,,323.1,1469,0.2,0.2,88.7,0.9,,,,West India,Vegetarian,Dinner,Steamed,100,0,Synthetic_IFCT_schema,Synthetic_Variant
SYN02653,Pomegranate (roasted),Fruits,,88.7,347,1.7,1.2,18.7,,10,0.3,10,Pan India,Vegetarian,Main Course,Fried,150,0,Synthetic_IFCT_schema,Synthetic_Variant
SYN02654,"Soya chunks, raw (boiled)",Pulses and Legumes,,329.3,1444,52.0,0.5,33.0,13.0,,,,Pan India,Vegetarian,snack,Baked,100,0,Synthetic_IFCT_schema,Synthetic_Variant
SYN02655,"Toor dal, raw (raw)",Pulses and Legumes,,333.1,,22.3,1.7,57.6,4.2,73,5.6,0,Pan India,Vegetarian,Dessert,Baked,100,0,Synthetic_IFCT_schema,Synthetic_Variant
SYN02656,"Tomato, raw (steamed)",Vegetables,,,75,0.9,0.2,3.9,1.2,13,,27,Pan India,Vegetarian,Dessert,Roasted,100,0,Synthetic_IFCT_schema,Synthetic_Variant
SYN02657,Pomegranate (boiled),Fruits,Scientific_66,86.9,347,1.7,1.2,18.7,4.0,10,0.3,10,West India,Vegetarian,Dessert,Raw,200,0,Synthetic_IFCT_schema,Synthetic_Variant
SYN02658,Pomegranate (roasted),Fruits,,83.8,347,1.7,1.2,18.7,4.0,,0.3,10,West India,Vegetarian,breakfast,,,0,Synthetic_IFCT_schema,Synthetic_Variant
SYN02659,Brinjal (Eggplant) (fried),Vegetables,,24.3,105,1.4,0.3,5.5,3.4,18,0.3,2,Pan India,Vegetarian,lunch,Steamed,100,0,Synthetic_IFCT_schema,Synthetic_Variant
SYN02660,Sattu (roasted gram flour) (roasted),Cereals and Millets,,392.4,1700,22.5,7.0,64.0,1.8,,,,East India,Vegetarian,snack,Grilled,100,0,Synthetic_IFCT_schema,Synthetic_Variant
SYN02661,Shrikhand (steamed),Milk and Milk Products,,209.5,921,7.0,7.0,33.0,,,,,West India,Vegetarian,Dinner,Cooked,100,0,Synthetic_IFCT_schema,Synthetic_Variant
SYN02662,Pomegranate (boiled),Fruits,Scientific_66,76.5,347,1.7,1.2,18.7,4.0,10,0.3,10,West India,Vegetarian,Dessert,Raw,200,0,Synthetic_IFCT_schema,Synthetic_Variant
SYN02663,Okra (Bhindi) (fried),Vegetables,Scientific_26,34.4,138,2.1,0.2,7.0,2.5,82,0.8,21,Pan India,non-vegetarian,,Fried,150,0,Synthetic_IFCT_schema,Synthetic_Variant
SYN02664,Pomegranate (fried),Fruits,Scientific_69,87.9,347,1.7,1.2,18.7,4.0,10,0.3,,West India,Vegetarian,Dinner,Fried,150,0,Synthetic_IFCT_schema,Synthetic_Variant
SYN02665,Pomegranate (raw),Fruits,Scientific_40,86.8,347,1.7,1.2,18.7,4.0,10,0.3,10,West India,Vegetarian,Any,Cooked,N/A,0,Synthetic_IFCT_schema,Synthetic_Variant
SYN02666,Pomegranate (boiled),Fruits,Scientific_61,81.3,347,1.7,1.2,18.7,4.0,10,0.3,,West India,Vegetarian,Dessert,,100,0,Synthetic_IFCT_schema,Synthetic_Variant
SYN02667,Pomegranate (steamed),Fruits,Scientific_59,82.7,347,1.7,1.2,18.7,4.0,10,0.3,10,West India,Vegetarian,Dessert,Steamed,150,0,Synthetic_IFCT_schema,Synthetic_Variant
SYN02668,Maize flour (boiled),Cereals and Millets,Scientific_7,345.5,1485,8.7,3.6,70.0,2.7,9,2.3,,Pan India,Vegetarian,Main Course,N/A,N/A,0,Synthetic_IFCT_schema,Synthetic_Variant
SYN02669,Khandvi (boiled),Composite Dishes,,124.7,544,4.5,4.8,18.0,1.2,,,,West India,Vegetarian,breakfast,Roasted,100,1,Synthetic_IFCT_schema,Synthetic_Variant
SYN02670,"Masoor dal, raw (boiled)",Pulses and Legumes,,337.2,1435,25.1,0.9,59.0,3.5,68,7.6,1,Southern,Vegetarian,lunch,Grilled,100,0,Synthetic_IFCT_schema,Synthetic_Variant
SYN02671,Bottle gourd (Lauki) (boiled),Vegetables,,13.6,59,0.6,0.1,3.4,0.5,26,0.5,10,Pan India,Vegetarian,Beverage,Fried,150,0,Synthetic_IFCT_schema,Synthetic_Variant
SYN02672,Pomegranate (boiled),Fruits,Scientific_47,88.1,,1.7,1.2,18.7,4.0,10,0.3,10,West India,Non-Veg,snack,Grilled,200,0,Synthetic_IFCT_schema,Synthetic_Variant
SYN02673,Amla (Indian gooseberry) (steamed),Fruits,,45.5,184,0.9,0.6,10.2,4.3,50,1.2,600,Western,Vegetarian,breakfast,Roasted,150,0,Synthetic_IFCT_schema,Synthetic_Variant
SYN02674,"Peanut, raw (fried)",Nuts and Oilseeds,Scientific_19,570.5,,25.8,49.2,16.1,8.5,92,4.6,0,West India,Non-Vegetarian,Dinner,Cooked,,0,Synthetic_IFCT_schema,Synthetic_Variant
SYN02675,Pomegranate (fried),Fruits,,82.7,347,1.7,1.2,18.7,4.0,10,0.3,10,West India,Vegetarian,Beverage,Steamed,,0,Synthetic_IFCT_schema,Synthetic_Variant
SYN02676,Pomegranate (raw),Fruits,,85.9,347,1.7,1.2,18.7,4.0,10,0.3,,West India,Veg,lunch,,,0,Synthetic_IFCT_schema,Synthetic_Variant
SYN02677,"Rice, cooked (steamed)",Cereals and Millets,,132.6,544,2.7,0.3,28.2,,3,0.2,0,Pan India,non-vegetarian,Snack,Baked,100,0,Synthetic_IFCT_schema,Synthetic_Variant
SYN02678,Pomegranate (raw),Fruits,,77.0,347,1.7,1.2,18.7,4.0,10,0.3,10,West India,Vegetarian,Main Course,Fried,,0,Synthetic_IFCT_schema,Synthetic_Variant
SYN02679,Pomegranate (steamed),Fruits,,82.0,347,1.7,1.2,18.7,4.0,10,0.3,10,West India,Vegetarian,Main Course,,N/A,0,Synthetic_IFCT_schema,Synthetic_Variant
SYN02680,"Wheat flour, refined (fried)",Cereals and Millets,Scientific_3,335.8,1456,10.3,0.9,73.9,0.3,23,2.7,0,North India,Vegetarian,snack,,,0,Synthetic_IFCT_schema,Synthetic_Variant
SYN02681,"Coconut, fresh (boiled)",Nuts and Oilseeds,Scientific_30,333.9,1482,3.3,33.5,15.2,9.0,14,1.9,3,South India,Vegetarian,Lunch,,200,0,Synthetic_IFCT_schema,Synthetic_Variant
SYN02682,Methi thepla (steamed),Composite Dishes,,280.2,1193,7.5,12.0,38.0,3.0,,,,West India,Vegetarian,Beverage,Boiled,100,1,Synthetic_IFCT_schema,Synthetic_Variant
SYN02683,Pomegranate (roasted),Fruits,Scientific_69,85.7,347,1.7,1.2,18.7,4.0,10,0.3,,West India,Vegetarian,Dinner,Fried,150,0,Synthetic_IFCT_schema,Synthetic_Variant
SYN02684,"Jackfruit, raw (roasted)",Fruits,,99.0,398,1.7,0.6,23.2,1.5,,,,South India,Vegetarian,Any,Baked,100,0,Synthetic_IFCT_schema,Synthetic_Variant
SYN02685,Pomegranate (raw),Fruits,,78.2,347,1.7,1.2,18.7,4.0,10,0.3,,West India,Vegetarian,Snack,Baked,200,0,Synthetic_IFCT_schema,Synthetic_Variant
SYN02686,Okra (Bhindi) (raw),Vegetables,Scientific_26,31.5,138,2.1,0.2,7.0,2.5,82,0.8,21,Pan India,non-vegetarian,,Fried,150,0,Synthetic_IFCT_schema,Synthetic_Variant
SYN02687,"Jackfruit, raw (boiled)",Fruits,,101.5,398,1.7,0.6,23.2,1.5,,,,South India,Vegetarian,Any,Baked,100,0,Synthetic_IFCT_schema,Synthetic_Variant
SYN02688,"Rice, cooked (boiled)",Cereals and Millets,,121.3,544,2.7,0.3,28.2,,3,0.2,0,Pan India,non-vegetarian,Snack,Baked,100,0,Synthetic_IFCT_schema,Synthetic_Variant
SYN02689,Pomegranate (roasted),Fruits,Scientific_67,77.3,347,1.7,1.2,18.7,4.0,10,0.3,10,West India,Non-Vegetarian,lunch,Roasted,200,0,Synthetic_IFCT_schema,Synthetic_Variant
SYN02690,Pomegranate (roasted),Fruits,Scientific_45,86.9,347,1.7,1.2,18.7,4.0,10,0.3,,West India,Veg,breakfast,Roasted,N/A,0,Synthetic_IFCT_schema,Synthetic_Variant
SYN02691,Pomegranate (fried),Fruits,Scientific_80,,347,1.7,1.2,18.7,4.0,10,0.3,10,West India,Vegetarian,lunch,Cooked,200,0,Synthetic_IFCT_schema,Synthetic_Variant
SYN02692,"Spinach (Palak), raw (raw)",Vegetables,Scientific_23,,96,2.0,0.3,3.5,,99,1.8,28,Pan India,Vegetarian,breakfast,Fried,200,0,Synthetic_IFCT_schema,Synthetic_Variant
SYN02693,Semolina (Rava) (raw),Cereals and Millets,,,1506,10.0,1.0,74.0,,16,4.7,0,Pan India,Veg,breakfast,Steamed,,0,Synthetic_IFCT_schema,Synthetic_Variant
SYN02694,Rajma (Kidney beans) (boiled),Pulses and Legumes,,345.0,1448,22.9,1.5,60.6,6.4,260,7.0,4,North India,Vegetarian,Any,N/A,N/A,0,Synthetic_IFCT_schema,Synthetic_Variant
SYN02695,Pomegranate (steamed),Fruits,,81.7,347,1.7,1.2,18.7,,10,0.3,10,West India,Vegetarian,Dinner,Baked,100,0,Synthetic_IFCT_schema,Synthetic_Variant
SYN02696,Cowpea (Black-eyed pea) (roasted),Pulses and Legumes,,316.0,1351,23.4,1.8,54.5,,227,8.6,1,South India,Vegetarian,Lunch,Roasted,200,0,Synthetic_IFCT_schema,Synthetic_Variant
SYN02697,Pomegranate (fried),Fruits,,81.5,347,1.7,1.2,18.7,4.0,10,0.3,10,East,Vegetarian,snack,Grilled,100,0,Synthetic_IFCT_schema,Synthetic_Variant
SYN02698,"Cauliflower, raw (roasted)",Vegetables,,26.1,105,1.9,0.4,4.9,2.5,22,0.4,,Western,Non-Veg,Breakfast,Steamed,200,0,Synthetic_IFCT_schema,Synthetic_Variant
SYN02699,Pomegranate (boiled),Fruits,Scientific_68,88.9,347,1.7,1.2,18.7,4.0,10,0.3,10,Northern,Veg,dinner,Steamed,N/A,0,Synthetic_IFCT_schema,Synthetic_Variant
SYN02700,Pomegranate (fried),Fruits,,84.1,347,1.7,1.2,18.7,4.0,10,0.3,10,West India,Vegetarian,Main Course,,N/A,0,Synthetic_IFCT_schema,Synthetic_Variant
SYN02701,Pomegranate (fried),Fruits,,79.8,347,1.7,1.2,18.7,4.0,10,0.3,10,West India,Vegetarian,Lunch,Roasted,200,0,Synthetic_IFCT_schema,Synthetic_Variant
SYN02702,"Potato, raw (fried)",Vegetables,Scientific_20,79.4,322,1.9,0.1,17.8,1.8,11,0.7,13,Pan India,Vegetarian,lunch,Cooked,150,0,Synthetic_IFCT_schema,Synthetic_Variant
SYN02703,Pomegranate (fried),Fruits,Scientific_69,76.9,347,1.7,1.2,18.7,4.0,10,0.3,,West India,Vegetarian,Dinner,Fried,150,0,Synthetic_IFCT_schema,Synthetic_Variant
SYN02704,Pomegranate (steamed),Fruits,Scientific_80,,347,1.7,1.2,18.7,4.0,10,0.3,10,West India,Vegetarian,lunch,Cooked,200,0,Synthetic_IFCT_schema,Synthetic_Variant
SYN02705,Pomegranate (roasted),Fruits,Scientific_61,88.0,347,1.7,1.2,18.7,4.0,10,0.3,,West India,Vegetarian,Dessert,,100,0,Synthetic_IFCT_schema,Synthetic_Variant
SYN02706,Pomegranate (fried),Fruits,Scientific_53,87.8,347,1.7,1.2,18.7,4.0,10,0.3,10,West India,Vegetarian,Snack,Baked,100,0,Synthetic_IFCT_schema,Synthetic_Variant
SYN02707,Sabudana (Tapioca pearls) (boiled),Cereals and Millets,,323.8,1469,0.2,0.2,88.7,0.9,,,,West India,Vegetarian,Dinner,Steamed,100,0,Synthetic_IFCT_schema,Synthetic_Variant
SYN02708,"Peanut, raw (raw)",Nuts and Oilseeds,Scientific_19,576.4,,25.8,49.2,16.1,8.5,92,4.6,0,West India,Non-Vegetarian,Dinner,Cooked,,0,Synthetic_IFCT_schema,Synthetic_Variant
SYN02709,Bitter gourd (Karela) (raw),Vegetables,Scientific_27,18.2,,1.0,0.2,3.4,2.8,20,0.6,84,Pan India,Vegetarian,snack,,,0,Synthetic_IFCT_schema,Synthetic_Variant
SYN02710,Pomegranate (boiled),Fruits,Scientific_50,83.1,347,1.7,1.2,18.7,4.0,10,0.3,,North India,Veg,Beverage,Steamed,100,0,Synthetic_IFCT_schema,Synthetic_Variant
SYN02711,"Chana dal, raw (steamed)",Pulses and Legumes,Scientific_12,352.3,1556,20.8,5.6,59.8,,56,4.9,1,North India,Vegetarian,breakfast,Cooked,100,0,Synthetic_IFCT_schema,Synthetic_Variant
SYN02712,Dhokla (raw),Composite Dishes,,73.7,318,3.5,1.5,12.0,0.8,,,,West India,Vegetarian,Breakfast,N/A,100,1,Synthetic_IFCT_schema,Synthetic_Variant
SYN02713,Banana (Cavendish) (roasted),Fruits,Scientific_32,90.9,372,1.1,0.3,23.0,2.6,5,0.3,8,South India,Vegetarian,Dinner,,100,0,Synthetic_IFCT_schema,Synthetic_Variant
SYN02714,"Mango, ripe (Alphonso) (raw)",Fruits,Scientific_31,69.0,293,0.6,0.4,17.0,1.6,10,0.3,36,West India,Vegetarian,Lunch,N/A,N/A,0,Synthetic_IFCT_schema,Synthetic_Variant
SYN02715,Jowar (Sorghum) (fried),Cereals and Millets,Scientific_5,341.9,,10.4,1.9,72.6,1.6,25,,0,Unknown,Vegetarian,Main Course,Fried,,0,Synthetic_IFCT_schema,Synthetic_Variant
SYN02716,Pomegranate (raw),Fruits,,80.0,347,1.7,1.2,18.7,4.0,10,0.3,10,West India,Vegetarian,breakfast,,100,0,Synthetic_IFCT_schema,Synthetic_Variant
SYN02717,Shrikhand (raw),Milk and Milk Products,,208.6,921,7.0,7.0,33.0,,,,,West India,Vegetarian,Dinner,Cooked,100,0,Synthetic_IFCT_schema,Synthetic_Variant
SYN02718,Methi thepla (raw),Composite Dishes,,278.1,1193,7.5,12.0,38.0,3.0,,,,West India,Vegetarian,Beverage,Boiled,100,1,Synthetic_IFCT_schema,Synthetic_Variant
SYN02719,Appam (steamed),Composite Dishes,,129.3,502,2.5,2.8,22.0,0.5,,,,South India,Vegetarian,Beverage,N/A,100,1,Synthetic_IFCT_schema,Synthetic_Variant
SYN02720,Pomegranate (steamed),Fruits,,,347,1.7,1.2,18.7,4.0,10,0.3,,West India,Vegetarian,breakfast,Fried,,0,Synthetic_IFCT_schema,Synthetic_Variant
SYN02721,Pomegranate (raw),Fruits,,76.8,347,1.7,1.2,18.7,4.0,10,0.3,10,West India,Vegetarian,,Raw,N/A,0,Synthetic_IFCT_schema,Synthetic_Variant
SYN02722,"Soya chunks, raw (boiled)",Pulses and Legumes,,335.8,1444,52.0,0.5,33.0,13.0,,,,Pan India,Vegetarian,snack,Baked,100,0,Synthetic_IFCT_schema,Synthetic_Variant
SYN02723,Bitter gourd (Karela) (roasted),Vegetables,Scientific_27,18.2,,1.0,0.2,3.4,2.8,20,0.6,84,Pan India,Vegetarian,snack,,,0,Synthetic_IFCT_schema,Synthetic_Variant
SYN02724,"Onion, raw (roasted)",Vegetables,,41.7,167,1.1,0.1,9.3,1.7,23,0.4,7,Pan India,Vegetarian,lunch,Cooked,200,0,Synthetic_IFCT_schema,Synthetic_Variant
SYN02725,Sattu (roasted gram flour) (steamed),Cereals and Millets,,405.9,1700,22.5,7.0,64.0,1.8,,,,East India,Vegetarian,snack,Grilled,100,0,Synthetic_IFCT_schema,Synthetic_Variant
SYN02726,"Onion, raw (raw)",Vegetables,,39.2,167,1.1,0.1,9.3,1.7,23,0.4,7,Pan India,Vegetarian,lunch,Cooked,200,0,Synthetic_IFCT_schema,Synthetic_Variant
SYN02727,Pomegranate (boiled),Fruits,Scientific_47,78.6,,1.7,1.2,18.7,4.0,10,0.3,10,West India,Non-Veg,snack,Grilled,200,0,Synthetic_IFCT_schema,Synthetic_Variant
SYN02728,"Spinach (Palak), raw (roasted)",Vegetables,Scientific_23,,96,2.0,0.3,3.5,,99,1.8,28,Pan India,Vegetarian,breakfast,Fried,200,0,Synthetic_IFCT_schema,Synthetic_Variant
SYN02729,Pomegranate (raw),Fruits,Scientific_45,89.3,347,1.7,1.2,18.7,4.0,10,0.3,,West India,Veg,breakfast,Roasted,N/A,0,Synthetic_IFCT_schema,Synthetic_Variant
SYN02730,Pomegranate (roasted),Fruits,,78.9,347,1.7,1.2,18.7,4.0,,0.3,10,West India,Vegetarian,Main Course,Grilled,,0,Synthetic_IFCT_schema,Synthetic_Variant
SYN02731,Pomegranate (boiled),Fruits,,82.1,347,1.7,1.2,18.7,4.0,10,0.3,10,West India,Vegetarian,breakfast,,100,0,Synthetic_IFCT_schema,Synthetic_Variant
SYN02732,Pomegranate (steamed),Fruits,,81.9,347,1.7,1.2,18.7,4.0,10,0.3,10,West India,Vegetarian,Main Course,,N/A,0,Synthetic_IFCT_schema,Synthetic_Variant
SYN02733,"Toor dal, raw (roasted)",Pulses and Legumes,,318.8,,22.3,1.7,57.6,4.2,73,5.6,0,Pan India,Vegetarian,Dessert,Baked,100,0,Synthetic_IFCT_schema,Synthetic_Variant
SYN02734,Kabuli chana (boiled),Pulses and Legumes,,376.1,,20.1,5.3,60.9,7.6,202,4.9,3,North India,Vegetarian,Breakfast,Grilled,N/A,0,Synthetic_IFCT_schema,Synthetic_Variant
SYN02735,Khandvi (boiled),Composite Dishes,,130.7,544,4.5,4.8,18.0,1.2,,,,West India,Vegetarian,breakfast,Roasted,100,1,Synthetic_IFCT_schema,Synthetic_Variant
SYN02736,Pomegranate (fried),Fruits,Scientific_73,79.5,347,1.7,1.2,18.7,4.0,10,0.3,10,West India,Vegetarian,snack,Cooked,100,0,Synthetic_IFCT_schema,Synthetic_Variant
SYN02737,Pomegranate (raw),Fruits,,85.3,347,1.7,1.2,18.7,4.0,10,0.3,10,West India,Vegetarian,Beverage,Steamed,,0,Synthetic_IFCT_schema,Synthetic_Variant
SYN02738,Okra (Bhindi) (fried),Vegetables,Scientific_26,34.8,138,2.1,0.2,7.0,2.5,82,0.8,21,Pan India,non-vegetarian,,Fried,150,0,Synthetic_IFCT_schema,Synthetic_Variant
SYN02739,"Wheat flour, refined (steamed)",Cereals and Millets,Scientific_3,355.0,1456,10.3,0.9,73.9,0.3,23,2.7,0,North India,Vegetarian,snack,,,0,Synthetic_IFCT_schema,Synthetic_Variant
SYN02740,Methi thepla (boiled),Composite Dishes,,268.3,1193,7.5,12.0,38.0,3.0,,,,West India,Vegetarian,Beverage,Boiled,100,1,Synthetic_IFCT_schema,Synthetic_Variant
SYN02741,Pomegranate (raw),Fruits,,89.3,347,1.7,1.2,18.7,4.0,,0.3,10,West India,Vegetarian,Main Course,Grilled,,0,Synthetic_IFCT_schema,Synthetic_Variant
SYN02742,Pomegranate (boiled),Fruits,,83.1,347,1.7,1.2,18.7,,10,0.3,10,Pan India,Vegetarian,Main Course,Fried,150,0,Synthetic_IFCT_schema,Synthetic_Variant
SYN02743,"Toor dal, raw (raw)",Pulses and Legumes,,320.1,,22.3,1.7,57.6,4.2,73,5.6,0,Pan India,Vegetarian,Dessert,Baked,100,0,Synthetic_IFCT_schema,Synthetic_Variant
SYN02744,Pomegranate (roasted),Fruits,,84.1,347,1.7,1.2,18.7,4.0,10,0.3,10,West India,Vegetarian,Snack,Boiled,N/A,0,Synthetic_IFCT_schema,Synthetic_Variant
SYN02745,Pomegranate (steamed),Fruits,Scientific_67,86.4,347,1.7,1.2,18.7,4.0,10,0.3,10,West India,Non-Vegetarian,lunch,Roasted,200,0,Synthetic_IFCT_schema,Synthetic_Variant
SYN02746,Rasam (roasted),Composite Dishes,,29.9,125,1.2,0.8,4.5,,,,,South India,Vegetarian,Beverage,,100,1,Synthetic_IFCT_schema,Synthetic_Variant
SYN02747,Dhokla (steamed),Composite Dishes,,71.1,318,3.5,1.5,12.0,0.8,,,,West India,Vegetarian,Breakfast,N/A,100,1,Synthetic_IFCT_schema,Synthetic_Variant
SYN02748,Rasam (steamed),Composite Dishes,,31.9,125,1.2,0.8,4.5,,,,,South India,Vegetarian,Beverage,,100,1,Synthetic_IFCT_schema,Synthetic_Variant
SYN02749,"Potato, raw (fried)",Vegetables,Scientific_20,77.3,322,1.9,0.1,17.8,1.8,11,0.7,13,Pan India,Vegetarian,lunch,Cooked,150,0,Synthetic_IFCT_schema,Synthetic_Variant
SYN02750,Pomegranate (fried),Fruits,,89.0,347,1.7,1.2,18.7,4.0,10,0.3,10,East,Vegetarian,snack,Grilled,100,0,Synthetic_IFCT_schema,Synthetic_Variant
SYN02751,Khandvi (steamed),Composite Dishes,,139.0,544,4.5,4.8,18.0,1.2,,,,West India,Vegetarian,breakfast,Roasted,100,1,Synthetic_IFCT_schema,Synthetic_Variant
SYN02752,Pomegranate (fried),Fruits,Scientific_50,88.4,347,1.7,1.2,18.7,4.0,10,0.3,,North India,Veg,Beverage,Steamed,100,0,Synthetic_IFCT_schema,Synthetic_Variant
SYN02753,Pomegranate (fried),Fruits,,83.8,347,1.7,1.2,18.7,4.0,10,0.3,,West India,Veg,lunch,,,0,Synthetic_IFCT_schema,Synthetic_Variant
SYN02754,Pomegranate (steamed),Fruits,Scientific_69,79.6,347,1.7,1.2,18.7,4.0,10,0.3,,West India,Vegetarian,Dinner,Fried,150,0,Synthetic_IFCT_schema,Synthetic_Variant
SYN02755,Bitter gourd (Karela) (fried),Vegetables,Scientific_27,16.4,,1.0,0.2,3.4,2.8,20,0.6,84,Pan India,Vegetarian,snack,,,0,Synthetic_IFCT_schema,Synthetic_Variant
SYN02756,Puttu (boiled),Composite Dishes,,178.7,733,3.5,1.2,38.0,1.5,,,,South India,Vegetarian,Main Course,,100,1,Synthetic_IFCT_schema,Synthetic_Variant
SYN02757,Semolina (Rava) (fried),Cereals and Millets,,,1506,10.0,1.0,74.0,,16,4.7,0,Pan India,Veg,breakfast,Steamed,,0,Synthetic_IFCT_schema,Synthetic_Variant
SYN02758,Kabuli chana (steamed),Pulses and Legumes,,374.5,,20.1,5.3,60.9,7.6,202,4.9,3,North India,Vegetarian,Breakfast,Grilled,N/A,0,Synthetic_IFCT_schema,Synthetic_Variant
SYN02759,"Masoor dal, raw (raw)",Pulses and Legumes,,337.3,1435,25.1,0.9,59.0,3.5,68,7.6,1,Southern,Vegetarian,lunch,Grilled,100,0,Synthetic_IFCT_schema,Synthetic_Variant
SYN02760,Pomegranate (boiled),Fruits,,78.0,347,1.7,1.2,18.7,4.0,10,0.3,10,Unknown,Vegetarian,Beverage,Steamed,N/A,0,Synthetic_IFCT_schema,Synthetic_Variant
SYN02761,Ragi (Finger millet) (fried),Cereals and Millets,Scientific_6,326.2,1373,7.3,1.5,66.8,3.6,344,3.9,0,South India,Vegetarian,Main Course,Boiled,N/A,0,Synthetic_IFCT_schema,Synthetic_Variant
SYN02762,Pomegranate (fried),Fruits,,78.5,347,1.7,1.2,18.7,4.0,,0.3,10,West India,Vegetarian,breakfast,,,0,Synthetic_IFCT_schema,Synthetic_Variant
SYN02763,Bottle gourd (Lauki) (roasted),Vegetables,,13.4,59,0.6,0.1,3.4,0.5,26,0.5,10,Pan India,Vegetarian,Beverage,Fried,150,0,Synthetic_IFCT_schema,Synthetic_Variant
SYN02764,Banana (Cavendish) (roasted),Fruits,Scientific_32,92.8,372,1.1,0.3,23.0,2.6,5,0.3,8,South India,Vegetarian,Dinner,,100,0,Synthetic_IFCT_schema,Synthetic_Variant
SYN02765,Pomegranate (roasted),Fruits,,83.8,347,1.7,1.2,18.7,4.0,10,0.3,10,West India,Vegetarian,Lunch,Roasted,200,0,Synthetic_IFCT_schema,Synthetic_Variant
SYN02766,Watermelon (fried),Fruits,,30.7,125,0.6,0.2,7.6,0.4,7,,8,Pan India,Vegetarian,Breakfast,,200,0,Synthetic_IFCT_schema,Synthetic_Variant
SYN02767,Pomegranate (fried),Fruits,Scientific_65,88.3,347,1.7,1.2,18.7,4.0,10,0.3,10,West India,Vegetarian,Main Course,Baked,N/A,0,Synthetic_IFCT_schema,Synthetic_Variant
SYN02768,"Masoor dal, raw (roasted)",Pulses and Legumes,,324.0,1435,25.1,0.9,59.0,3.5,68,7.6,1,Southern,Vegetarian,lunch,Grilled,100,0,Synthetic_IFCT_schema,Synthetic_Variant
SYN02769,"Rice, cooked (roasted)",Cereals and Millets,,124.9,544,2.7,0.3,28.2,,3,0.2,0,Pan India,non-vegetarian,Snack,Baked,100,0,Synthetic_IFCT_schema,Synthetic_Variant
SYN02770,Pomegranate (fried),Fruits,Scientific_70,,347,1.7,1.2,18.7,,10,0.3,10,West India,Veg,Main Course,Baked,200,0,Synthetic_IFCT_schema,Synthetic_Variant
SYN02771,Machher jhol (boiled),Composite Dishes,,151.2,649,17.0,9.0,3.0,0.6,,,,East India,Non-Vegetarian,Dessert,Boiled,100,1,Synthetic_IFCT_schema,Synthetic_Variant
SYN02772,Pomegranate (roasted),Fruits,Scientific_61,87.1,347,1.7,1.2,18.7,4.0,10,0.3,,West India,Vegetarian,Dessert,,100,0,Synthetic_IFCT_schema,Synthetic_Variant
SYN02773,"Spinach (Palak), raw (fried)",Vegetables,Scientific_23,,96,2.0,0.3,3.5,,99,1.8,28,Pan India,Vegetarian,breakfast,Fried,200,0,Synthetic_IFCT_schema,Synthetic_Variant
SYN02774,Pomegranate (fried),Fruits,,85.7,347,1.7,1.2,18.7,4.0,10,0.3,10,West India,Vegetarian,breakfast,,100,0,Synthetic_IFCT_schema,Synthetic_Variant
SYN02775,Appam (fried),Composite Dishes,,127.2,502,2.5,2.8,22.0,0.5,,,,South India,Vegetarian,Beverage,N/A,100,1,Synthetic_IFCT_schema,Synthetic_Variant
SYN02776,Pomegranate (raw),Fruits,,85.2,347,1.7,1.2,18.7,4.0,10,0.3,10,West India,Vegetarian,Snack,Boiled,N/A,0,Synthetic_IFCT_schema,Synthetic_Variant
SYN02777,"Momos, veg (steamed) (fried)",Composite Dishes,,169.2,753,5.5,5.5,28.0,2.0,,,,East India,Vegetarian,lunch,Steamed,100,1,Synthetic_IFCT_schema,Synthetic_Variant
SYN02778,Jowar (Sorghum) (roasted),Cereals and Millets,Scientific_5,339.8,,10.4,1.9,72.6,1.6,25,,0,Unknown,Vegetarian,Main Course,Fried,,0,Synthetic_IFCT_schema,Synthetic_Variant
SYN02779,"Mango, ripe (Alphonso) (raw)",Fruits,Scientific_31,69.5,293,0.6,0.4,17.0,1.6,10,0.3,36,West India,Vegetarian,Lunch,N/A,N/A,0,Synthetic_IFCT_schema,Synthetic_Variant
SYN02780,"Papaya, ripe (fried)",Fruits,,40.4,180,0.5,0.1,10.8,1.7,20,0.1,62,South India,Vegetarian,snack,Fried,,0,Synthetic_IFCT_schema,Synthetic_Variant
SYN02781,"Moong dal, raw (boiled)",Pulses and Legumes,,322.6,,24.0,1.3,59.9,4.1,75,6.7,7,Pan India,Vegetarian,,,,0,Synthetic_IFCT_schema,Synthetic_Variant
SYN02782,Ragi (Finger millet) (boiled),Cereals and Millets,Scientific_6,334.8,1373,7.3,1.5,66.8,3.6,344,3.9,0,South India,Vegetarian,Main Course,Boiled,N/A,0,Synthetic_IFCT_schema,Synthetic_Variant
SYN02783,Pomegranate (steamed),Fruits,,87.0,347,1.7,1.2,18.7,4.0,10,0.3,10,West India,Vegetarian,Beverage,Steamed,,0,Synthetic_IFCT_schema,Synthetic_Variant
SYN02784,Pomegranate (fried),Fruits,,79.2,347,1.7,1.2,18.7,4.0,10,0.3,10,West India,Vegetarian,Breakfast,N/A,,0,Synthetic_IFCT_schema,Synthetic_Variant
SYN02785,"Cauliflower, raw (fried)",Vegetables,,24.4,105,1.9,0.4,4.9,2.5,22,0.4,,Western,Non-Veg,Breakfast,Steamed,200,0,Synthetic_IFCT_schema,Synthetic_Variant
SYN02786,Avial (steamed),Composite Dishes,,112.5,481,2.8,6.5,12.0,3.0,,,,South India,Vegetarian,lunch,,100,1,Synthetic_IFCT_schema,Synthetic_Variant
SYN02787,Bajra (Pearl millet) (boiled),Cereals and Millets,,346.3,1519,11.6,5.0,67.5,1.2,42,8.0,0,West India,Vegetarian,Main Course,Cooked,150,0,Synthetic_IFCT_schema,Synthetic_Variant
SYN02788,"Onion, raw (raw)",Vegetables,,40.9,167,1.1,0.1,9.3,1.7,23,0.4,7,Pan India,Vegetarian,lunch,Cooked,200,0,Synthetic_IFCT_schema,Synthetic_Variant
SYN02789,Okra (Bhindi) (roasted),Vegetables,Scientific_26,30.4,138,2.1,0.2,7.0,2.5,82,0.8,21,Pan India,non-vegetarian,,Fried,150,0,Synthetic_IFCT_schema,Synthetic_Variant
SYN02790,Pomegranate (raw),Fruits,Scientific_50,89.0,347,1.7,1.2,18.7,4.0,10,0.3,,North India,Veg,Beverage,Steamed,100,0,Synthetic_IFCT_schema,Synthetic_Variant
SYN02791,Dhokla (steamed),Composite Dishes,,80.7,318,3.5,1.5,12.0,0.8,,,,West India,Vegetarian,Breakfast,N/A,100,1,Synthetic_IFCT_schema,Synthetic_Variant
SYN02792,Pomegranate (roasted),Fruits,,76.5,347,1.7,1.2,18.7,4.0,10,0.3,10,East,Vegetarian,snack,Grilled,100,0,Synthetic_IFCT_schema,Synthetic_Variant
SYN02793,Banana (Cavendish) (boiled),Fruits,Scientific_32,93.4,372,1.1,0.3,23.0,2.6,5,0.3,8,South India,Vegetarian,Dinner,,100,0,Synthetic_IFCT_schema,Synthetic_Variant
SYN02794,Maize flour (raw),Cereals and Millets,Scientific_7,349.7,1485,8.7,3.6,70.0,2.7,9,2.3,,Pan India,Vegetarian,Main Course,N/A,N/A,0,Synthetic_IFCT_schema,Synthetic_Variant
SYN02795,Pomegranate (raw),Fruits,Scientific_47,78.8,,1.7,1.2,18.7,4.0,10,0.3,10,West India,Non-Veg,snack,Grilled,200,0,Synthetic_IFCT_schema,Synthetic_Variant
SYN02796,Pomegranate (fried),Fruits,,86.6,347,1.7,1.2,18.7,4.0,10,0.3,10,Unknown,Vegetarian,Beverage,Steamed,N/A,0,Synthetic_IFCT_schema,Synthetic_Variant
SYN02797,"Moong dal, raw (steamed)",Pulses and Legumes,,308.9,,24.0,1.3,59.9,4.1,75,6.7,7,Pan India,Vegetarian,,,,0,Synthetic_IFCT_schema,Synthetic_Variant
SYN02798,Bajra (Pearl millet) (raw),Cereals and Millets,,334.3,1519,11.6,5.0,67.5,1.2,42,8.0,0,West India,Vegetarian,Main Course,Cooked,150,0,Synthetic_IFCT_schema,Synthetic_Variant
SYN02799,Brinjal (Eggplant) (roasted),Vegetables,,25.5,105,1.4,0.3,5.5,3.4,18,0.3,2,Pan India,Vegetarian,lunch,Steamed,100,0,Synthetic_IFCT_schema,Synthetic_Variant
SYN02800,Pomegranate (steamed),Fruits,,87.4,347,1.7,1.2,18.7,4.0,10,,10,West India,Vegetarian,Snack,N/A,150,0,Synthetic_IFCT_schema,Synthetic_Variant
SYN02801,Pomegranate (fried),Fruits,,88.5,347,1.7,1.2,18.7,4.0,10,0.3,10,East,Vegetarian,snack,Grilled,100,0,Synthetic_IFCT_schema,Synthetic_Variant
SYN02802,Dhokla (fried),Composite Dishes,,81.5,318,3.5,1.5,12.0,0.8,,,,West India,Vegetarian,Breakfast,N/A,100,1,Synthetic_IFCT_schema,Synthetic_Variant
SYN02803,Pomegranate (steamed),Fruits,,86.8,347,1.7,1.2,18.7,4.0,10,0.3,10,East,Vegetarian,snack,Grilled,100,0,Synthetic_IFCT_schema,Synthetic_Variant
SYN02804,Pomegranate (steamed),Fruits,Scientific_80,,347,1.7,1.2,18.7,4.0,10,0.3,10,West India,Vegetarian,lunch,Cooked,200,0,Synthetic_IFCT_schema,Synthetic_Variant
SYN02805,Pomegranate (boiled),Fruits,,81.5,347,1.7,1.2,18.7,,10,0.3,10,Pan India,Vegetarian,Main Course,Fried,150,0,Synthetic_IFCT_schema,Synthetic_Variant
SYN02806,"Wheat flour, whole (raw)",Cereals and Millets,Scientific_2,315.1,1427,11.8,1.5,69.4,1.9,41,4.9,0,North India,Vegetarian,Beverage,Cooked,150,0,Synthetic_IFCT_schema,Synthetic_Variant
SYN02807,Pomegranate (boiled),Fruits,,77.8,347,1.7,1.2,18.7,4.0,10,0.3,10,West India,non-vegetarian,,Roasted,100,0,Synthetic_IFCT_schema,Synthetic_Variant
SYN02808,"Onion, raw (fried)",Vegetables,,36.9,167,1.1,0.1,9.3,1.7,23,0.4,7,Pan India,Vegetarian,lunch,Cooked,200,0,Synthetic_IFCT_schema,Synthetic_Variant
SYN02809,Pomegranate (raw),Fruits,,78.4,347,1.7,1.2,18.7,4.0,10,0.3,10,West India,Vegetarian,Beverage,Steamed,,0,Synthetic_IFCT_schema,Synthetic_Variant
SYN02810,Semolina (Rava) (fried),Cereals and Millets,,,1506,10.0,1.0,74.0,,16,4.7,0,Pan India,Veg,breakfast,Steamed,,0,Synthetic_IFCT_schema,Synthetic_Variant
SYN02811,"Cauliflower, raw (raw)",Vegetables,,25.3,105,1.9,0.4,4.9,2.5,22,0.4,,Western,Non-Veg,Breakfast,Steamed,200,0,Synthetic_IFCT_schema,Synthetic_Variant
SYN02812,Pomegranate (steamed),Fruits,Scientific_73,87.7,347,1.7,1.2,18.7,4.0,10,0.3,10,West India,Vegetarian,snack,Cooked,100,0,Synthetic_IFCT_schema,Synthetic_Variant
SYN02813,Pomegranate (boiled),Fruits,Scientific_47,85.9,,1.7,1.2,18.7,4.0,10,0.3,10,West India,Non-Veg,snack,Grilled,200,0,Synthetic_IFCT_schema,Synthetic_Variant
SYN02814,Fenugreek leaves (Methi) (fried),Vegetables,Scientific_28,45.8,205,4.4,0.9,6.0,1.1,,1.9,52,North India,Vegetarian,Dessert,Boiled,150,0,Synthetic_IFCT_schema,Synthetic_Variant
SYN02815,Pomegranate (steamed),Fruits,,89.6,347,1.7,1.2,18.7,4.0,10,0.3,10,West India,Vegetarian,Beverage,Steamed,,0,Synthetic_IFCT_schema,Synthetic_Variant
SYN02816,Pomegranate (steamed),Fruits,,82.0,347,1.7,1.2,18.7,4.0,10,0.3,10,West India,Vegetarian,Breakfast,N/A,,0,Synthetic_IFCT_schema,Synthetic_Variant
SYN02817,Pomegranate (steamed),Fruits,,85.1,347,1.7,1.2,18.7,4.0,10,0.3,,West India,Veg,lunch,,,0,Synthetic_IFCT_schema,Synthetic_Variant
SYN02818,Semolina (Rava) (raw),Cereals and Millets,,,1506,10.0,1.0,74.0,,16,4.7,0,Pan India,Veg,breakfast,Steamed,,0,Synthetic_IFCT_schema,Synthetic_Variant
SYN02819,Fenugreek leaves (Methi) (steamed),Vegetables,Scientific_28,50.0,205,4.4,0.9,6.0,1.1,,1.9,52,North India,Vegetarian,Dessert,Boiled,150,0,Synthetic_IFCT_schema,Synthetic_Variant
SYN02820,Pomegranate (roasted),Fruits,Scientific_65,87.8,347,1.7,1.2,18.7,4.0,10,0.3,10,West India,Vegetarian,Main Course,Baked,N/A,0,Synthetic_IFCT_schema,Synthetic_Variant
SYN02821,"Cauliflower, raw (steamed)",Vegetables,,25.3,105,1.9,0.4,4.9,2.5,22,0.4,,Western,Non-Veg,Breakfast,Steamed,200,0,Synthetic_IFCT_schema,Synthetic_Variant
SYN02822,Pomegranate (steamed),Fruits,,85.7,347,1.7,1.2,18.7,4.0,10,0.3,10,West India,Vegetarian,Main Course,Fried,,0,Synthetic_IFCT_schema,Synthetic_Variant
SYN02823,Avial (steamed),Composite Dishes,,111.7,481,2.8,6.5,12.0,3.0,,,,South India,Vegetarian,lunch,,100,1,Synthetic_IFCT_schema,Synthetic_Variant
SYN02824,Pomegranate (roasted),Fruits,Scientific_70,,347,1.7,1.2,18.7,,10,0.3,10,West India,Veg,Main Course,Baked,200,0,Synthetic_IFCT_schema,Synthetic_Variant
SYN02825,Guava (raw),Fruits,,63.5,285,2.6,1.0,14.3,5.4,18,,228,Maharashtra,Vegetarian,Snack,Baked,N/A,0,Synthetic_IFCT_schema,Synthetic_Variant
SYN02826,"Cauliflower, raw (raw)",Vegetables,,25.9,105,1.9,0.4,4.9,2.5,22,0.4,,Western,Non-Veg,Breakfast,Steamed,200,0,Synthetic_IFCT_schema,Synthetic_Variant
SYN02827,Brinjal (Eggplant) (fried),Vegetables,,24.3,105,1.4,0.3,5.5,3.4,18,0.3,2,Pan India,Vegetarian,lunch,Steamed,100,0,Synthetic_IFCT_schema,Synthetic_Variant
SYN02828,Pomegranate (boiled),Fruits,,87.4,347,1.7,1.2,18.7,4.0,10,0.3,10,West India,Vegetarian,Main Course,,N/A,0,Synthetic_IFCT_schema,Synthetic_Variant
SYN02829,Pomegranate (fried),Fruits,,83.1,347,1.7,1.2,18.7,4.0,10,0.3,10,West India,Vegetarian,Main Course,Fried,,0,Synthetic_IFCT_schema,Synthetic_Variant
SYN02830,Semolina (Rava) (steamed),Cereals and Millets,,,1506,10.0,1.0,74.0,,16,4.7,0,Pan India,Veg,breakfast,Steamed,,0,Synthetic_IFCT_schema,Synthetic_Variant
SYN02831,Pomegranate (roasted),Fruits,Scientific_70,,347,1.7,1.2,18.7,,10,0.3,10,West India,Veg,Main Course,Baked,200,0,Synthetic_IFCT_schema,Synthetic_Variant
SYN02832,"Masoor dal, raw (steamed)",Pulses and Legumes,,333.2,1435,25.1,0.9,59.0,3.5,68,7.6,1,Southern,Vegetarian,lunch,Grilled,100,0,Synthetic_IFCT_schema,Synthetic_Variant
SYN02833,Pomegranate (raw),Fruits,,88.4,347,1.7,1.2,18.7,4.0,10,0.3,10,West India,Vegetarian,Dessert,Steamed,150,0,Synthetic_IFCT_schema,Synthetic_Variant
SYN02834,Puttu (roasted),Composite Dishes,,165.1,733,3.5,1.2,38.0,1.5,,,,South India,Vegetarian,Main Course,,100,1,Synthetic_IFCT_schema,Synthetic_Variant
SYN02835,Banana (Cavendish) (fried),Fruits,Scientific_32,85.4,372,1.1,0.3,23.0,2.6,5,0.3,8,South India,Vegetarian,Dinner,,100,0,Synthetic_IFCT_schema,Synthetic_Variant
SYN02836,Machher jhol (roasted),Composite Dishes,,151.7,649,17.0,9.0,3.0,0.6,,,,East India,Non-Vegetarian,Dessert,Boiled,100,1,Synthetic_IFCT_schema,Synthetic_Variant
SYN02837,Pomegranate (roasted),Fruits,Scientific_79,86.3,347,1.7,1.2,18.7,,,0.3,,West India,Vegetarian,lunch,Fried,200,0,Synthetic_IFCT_schema,Synthetic_Variant
SYN02838,Pomegranate (raw),Fruits,,83.1,347,1.7,1.2,18.7,4.0,10,0.3,10,West India,Vegetarian,Main Course,Fried,,0,Synthetic_IFCT_schema,Synthetic_Variant
SYN02839,Methi thepla (steamed),Composite Dishes,,291.6,1193,7.5,12.0,38.0,3.0,,,,West India,Vegetarian,Beverage,Boiled,100,1,Synthetic_IFCT_schema,Synthetic_Variant
SYN02840,"Rice, raw, milled (fried)",Cereals and Millets,,,1448,6.8,0.5,78.2,0.2,10,0.7,,Pan India,Vegetarian,Breakfast,Baked,,0,Synthetic_IFCT_schema,Synthetic_Variant
SYN02841,Pomegranate (raw),Fruits,,86.4,347,1.7,1.2,18.7,4.0,10,,10,West India,Vegetarian,Snack,N/A,150,0,Synthetic_IFCT_schema,Synthetic_Variant
SYN02842,"Wheat flour, whole (boiled)",Cereals and Millets,Scientific_2,368.1,1427,11.8,1.5,69.4,1.9,41,4.9,0,North India,Vegetarian,Beverage,Cooked,150,0,Synthetic_IFCT_schema,Synthetic_Variant
SYN02843,Rasam (raw),Composite Dishes,,31.1,125,1.2,0.8,4.5,,,,,South India,Vegetarian,Beverage,,100,1,Synthetic_IFCT_schema,Synthetic_Variant
SYN02844,Rajma (Kidney beans) (fried),Pulses and Legumes,,365.3,1448,22.9,1.5,60.6,6.4,260,7.0,4,North India,Vegetarian,Any,N/A,N/A,0,Synthetic_IFCT_schema,Synthetic_Variant
SYN02845,Pomegranate (steamed),Fruits,,82.1,347,1.7,1.2,18.7,4.0,10,0.3,10,West India,non-vegetarian,,Roasted,100,0,Synthetic_IFCT_schema,Synthetic_Variant
SYN02846,Pomegranate (raw),Fruits,,77.2,347,1.7,1.2,18.7,4.0,10,0.3,10,West India,Vegetarian,Dessert,Steamed,150,0,Synthetic_IFCT_schema,Synthetic_Variant
SYN02847,"Spinach (Palak), raw (roasted)",Vegetables,Scientific_23,,96,2.0,0.3,3.5,,99,1.8,28,Pan India,Vegetarian,breakfast,Fried,200,0,Synthetic_IFCT_schema,Synthetic_Variant
SYN02848,Dhokla (fried),Composite Dishes,,81.7,318,3.5,1.5,12.0,0.8,,,,West India,Vegetarian,Breakfast,N/A,100,1,Synthetic_IFCT_schema,Synthetic_Variant
SYN02849,"Chana dal, raw (raw)",Pulses and Legumes,Scientific_12,389.0,1556,20.8,5.6,59.8,,56,4.9,1,North India,Vegetarian,breakfast,Cooked,100,0,Synthetic_IFCT_schema,Synthetic_Variant
SYN02850,Fenugreek leaves (Methi) (fried),Vegetables,Scientific_28,48.1,205,4.4,0.9,6.0,1.1,,1.9,52,North India,Vegetarian,Dessert,Boiled,150,0,Synthetic_IFCT_schema,Synthetic_Variant
SYN02851,Khandvi (roasted),Composite Dishes,,127.0,544,4.5,4.8,18.0,1.2,,,,West India,Vegetarian,breakfast,Roasted,100,1,Synthetic_IFCT_schema,Synthetic_Variant
SYN02852,Pomegranate (steamed),Fruits,,78.2,347,1.7,1.2,18.7,4.0,10,0.3,10,East,Vegetarian,snack,Grilled,100,0,Synthetic_IFCT_schema,Synthetic_Variant
SYN02853,Puttu (fried),Composite Dishes,,187.4,733,3.5,1.2,38.0,1.5,,,,South India,Vegetarian,Main Course,,100,1,Synthetic_IFCT_schema,Synthetic_Variant
SYN02854,Bottle gourd (Lauki) (steamed),Vegetables,,14.1,59,0.6,0.1,3.4,0.5,26,0.5,10,Pan India,Vegetarian,Beverage,Fried,150,0,Synthetic_IFCT_schema,Synthetic_Variant
SYN02855,Rasam (boiled),Composite Dishes,,31.5,125,1.2,0.8,4.5,,,,,South India,Vegetarian,Beverage,,100,1,Synthetic_IFCT_schema,Synthetic_Variant
SYN02856,"Toor dal, raw (fried)",Pulses and Legumes,,338.4,,22.3,1.7,57.6,4.2,73,5.6,0,Pan India,Vegetarian,Dessert,Baked,100,0,Synthetic_IFCT_schema,Synthetic_Variant
SYN02857,Pomegranate (boiled),Fruits,Scientific_62,80.6,347,1.7,1.2,18.7,4.0,10,0.3,10,West India,non-vegetarian,snack,Fried,,0,Synthetic_IFCT_schema,Synthetic_Variant
SYN02858,Semolina (Rava) (raw),Cereals and Millets,,,1506,10.0,1.0,74.0,,16,4.7,0,Pan India,Veg,breakfast,Steamed,,0,Synthetic_IFCT_schema,Synthetic_Variant
SYN02859,"Toor dal, raw (steamed)",Pulses and Legumes,,318.0,,22.3,1.7,57.6,4.2,73,5.6,0,Pan India,Vegetarian,Dessert,Baked,100,0,Synthetic_IFCT_schema,Synthetic_Variant
SYN02860,Pomegranate (fried),Fruits,Scientific_61,89.2,347,1.7,1.2,18.7,4.0,10,0.3,,West India,Vegetarian,Dessert,,100,0,Synthetic_IFCT_schema,Synthetic_Variant
SYN02861,"Momos, veg (steamed) (roasted)",Composite Dishes,,182.1,753,5.5,5.5,28.0,2.0,,,,East India,Vegetarian,lunch,Steamed,100,1,Synthetic_IFCT_schema,Synthetic_Variant
SYN02862,Brinjal (Eggplant) (steamed),Vegetables,,23.7,105,1.4,0.3,5.5,3.4,18,0.3,2,Pan India,Vegetarian,lunch,Steamed,100,0,Synthetic_IFCT_schema,Synthetic_Variant
SYN02863,Pomegranate (boiled),Fruits,,89.4,347,1.7,1.2,18.7,4.0,,0.3,10,West India,Vegetarian,Main Course,Grilled,,0,Synthetic_IFCT_schema,Synthetic_Variant
SYN02864,"Wheat flour, refined (boiled)",Cereals and Millets,Scientific_3,334.3,1456,10.3,0.9,73.9,0.3,23,2.7,0,North India,Vegetarian,snack,,,0,Synthetic_IFCT_schema,Synthetic_Variant
SYN02865,Pomegranate (boiled),Fruits,,85.9,347,1.7,1.2,18.7,4.0,10,0.3,10,West India,Vegetarian,Dessert,N/A,100,0,Synthetic_IFCT_schema,Synthetic_Variant
SYN02866,Watermelon (fried),Fruits,,31.9,125,0.6,0.2,7.6,0.4,7,,8,Pan India,Vegetarian,Breakfast,,200,0,Synthetic_IFCT_schema,Synthetic_Variant
SYN02867,Sattu (roasted gram flour) (fried),Cereals and Millets,,421.6,1700,22.5,7.0,64.0,1.8,,,,East India,Vegetarian,snack,Grilled,100,0,Synthetic_IFCT_schema,Synthetic_Variant
SYN02868,Pomegranate (boiled),Fruits,Scientific_53,87.5,347,1.7,1.2,18.7,4.0,10,0.3,10,West India,Vegetarian,Snack,Baked,100,0,Synthetic_IFCT_schema,Synthetic_Variant
SYN02869,Pomegranate (raw),Fruits,Scientific_59,82.4,347,1.7,1.2,18.7,4.0,10,0.3,10,West India,Vegetarian,Dessert,Steamed,150,0,Synthetic_IFCT_schema,Synthetic_Variant
SYN02870,Pomegranate (fried),Fruits,,82.1,347,1.7,1.2,18.7,4.0,10,0.3,10,Unknown,Vegetarian,Beverage,Steamed,N/A,0,Synthetic_IFCT_schema,Synthetic_Variant
SYN02871,Pomegranate (roasted),Fruits,,89.0,,1.7,1.2,18.7,4.0,10,0.3,10,West India,Vegetarian,Dessert,Baked,150,0,Synthetic_IFCT_schema,Synthetic_Variant
SYN02872,"Moong dal, raw (roasted)",Pulses and Legumes,,354.3,,24.0,1.3,59.9,4.1,75,6.7,7,Pan India,Vegetarian,,,,0,Synthetic_IFCT_schema,Synthetic_Variant
SYN02873,Avial (raw),Composite Dishes,,107.6,481,2.8,6.5,12.0,3.0,,,,South India,Vegetarian,lunch,,100,1,Synthetic_IFCT_schema,Synthetic_Variant
SYN02874,Pomegranate (steamed),Fruits,,81.0,347,1.7,1.2,18.7,4.0,10,0.3,,West India,Vegetarian,Snack,Baked,200,0,Synthetic_IFCT_schema,Synthetic_Variant
SYN02875,Pomegranate (raw),Fruits,Scientific_61,88.6,347,1.7,1.2,18.7,4.0,10,0.3,,West India,Vegetarian,Dessert,,100,0,Synthetic_IFCT_schema,Synthetic_Variant
SYN02876,Okra (Bhindi) (fried),Vegetables,Scientific_26,34.7,138,2.1,0.2,7.0,2.5,82,0.8,21,Pan India,non-vegetarian,,Fried,150,0,Synthetic_IFCT_schema,Synthetic_Variant
SYN02877,Cowpea (Black-eyed pea) (fried),Pulses and Legumes,,303.1,1351,23.4,1.8,54.5,,227,8.6,1,South India,Vegetarian,Lunch,Roasted,200,0,Synthetic_IFCT_schema,Synthetic_Variant
SYN02878,"Rice, cooked (roasted)",Cereals and Millets,,140.3,544,2.7,0.3,28.2,,3,0.2,0,Pan India,non-vegetarian,Snack,Baked,100,0,Synthetic_IFCT_schema,Synthetic_Variant
SYN02879,Machher jhol (fried),Composite Dishes,,154.7,649,17.0,9.0,3.0,0.6,,,,East India,Non-Vegetarian,Dessert,Boiled,100,1,Synthetic_IFCT_schema,Synthetic_Variant
SYN02880,Pomegranate (steamed),Fruits,,,347,1.7,1.2,18.7,4.0,,0.3,10,West India,Vegetarian,Main Course,Steamed,200,0,Synthetic_IFCT_schema,Synthetic_Variant
SYN02881,Pomegranate (boiled),Fruits,,87.3,347,1.7,1.2,18.7,4.0,10,0.3,10,West India,Vegetarian,Dessert,N/A,100,0,Synthetic_IFCT_schema,Synthetic_Variant
SYN02882,Sabudana (Tapioca pearls) (roasted),Cereals and Millets,,366.0,1469,0.2,0.2,88.7,0.9,,,,West India,Vegetarian,Dinner,Steamed,100,0,Synthetic_IFCT_schema,Synthetic_Variant
SYN02883,Cowpea (Black-eyed pea) (steamed),Pulses and Legumes,,347.2,1351,23.4,1.8,54.5,,227,8.6,1,South India,Vegetarian,Lunch,Roasted,200,0,Synthetic_IFCT_schema,Synthetic_Variant
SYN02884,"Coconut, fresh (boiled)",Nuts and Oilseeds,Scientific_30,357.9,1482,3.3,33.5,15.2,9.0,14,1.9,3,South India,Vegetarian,Lunch,,200,0,Synthetic_IFCT_schema,Synthetic_Variant
SYN02885,Pomegranate (roasted),Fruits,,81.9,347,1.7,1.2,18.7,4.0,10,0.3,10,West India,Vegetarian,Main Course,Fried,,0,Synthetic_IFCT_schema,Synthetic_Variant
SYN02886,Pomegranate (roasted),Fruits,,,347,1.7,1.2,18.7,4.0,10,0.3,,West India,Vegetarian,breakfast,Fried,,0,Synthetic_IFCT_schema,Synthetic_Variant
SYN02887,Pomegranate (fried),Fruits,Scientific_45,83.3,347,1.7,1.2,18.7,4.0,10,0.3,,West India,Veg,breakfast,Roasted,N/A,0,Synthetic_IFCT_schema,Synthetic_Variant
SYN02888,Pomegranate (fried),Fruits,,84.9,347,1.7,1.2,18.7,4.0,10,0.3,10,West India,Vegetarian,,Raw,N/A,0,Synthetic_IFCT_schema,Synthetic_Variant
SYN02889,Okra (Bhindi) (roasted),Vegetables,Scientific_26,34.9,138,2.1,0.2,7.0,2.5,82,0.8,21,Pan India,non-vegetarian,,Fried,150,0,Synthetic_IFCT_schema,Synthetic_Variant
SYN02890,Pomegranate (fried),Fruits,,88.4,347,1.7,1.2,18.7,,10,0.3,10,Pan India,Vegetarian,Main Course,Fried,150,0,Synthetic_IFCT_schema,Synthetic_Variant
SYN02891,"Soybean, raw (raw)",Pulses and Legumes,,464.7,1808,36.5,19.9,30.2,9.3,240,,,West India,Vegetarian,Any,Boiled,150,0,Synthetic_IFCT_schema,Synthetic_Variant
SYN02892,Watermelon (boiled),Fruits,,27.7,125,0.6,0.2,7.6,0.4,7,,8,Pan India,Vegetarian,Breakfast,,200,0,Synthetic_IFCT_schema,Synthetic_Variant
SYN02893,Bajra (Pearl millet) (raw),Cereals and Millets,,389.0,1519,11.6,5.0,67.5,1.2,42,8.0,0,West India,Vegetarian,Main Course,Cooked,150,0,Synthetic_IFCT_schema,Synthetic_Variant
SYN02894,Pomegranate (boiled),Fruits,,83.0,347,1.7,1.2,18.7,4.0,10,0.3,,West India,Vegetarian,Snack,Baked,200,0,Synthetic_IFCT_schema,Synthetic_Variant
SYN02895,Pomegranate (raw),Fruits,,,347,1.7,1.2,18.7,4.0,10,0.3,,West India,Vegetarian,breakfast,Fried,,0,Synthetic_IFCT_schema,Synthetic_Variant
SYN02896,Pomegranate (roasted),Fruits,,80.3,347,1.7,1.2,18.7,4.0,10,0.3,10,Unknown,Vegetarian,Beverage,Steamed,N/A,0,Synthetic_IFCT_schema,Synthetic_Variant
SYN02897,Pomegranate (raw),Fruits,,,347,1.7,1.2,18.7,4.0,10,0.3,10,North,Vegetarian,Snack,Roasted,,0,Synthetic_IFCT_schema,Synthetic_Variant
SYN02898,Appam (steamed),Composite Dishes,,115.3,502,2.5,2.8,22.0,0.5,,,,South India,Vegetarian,Beverage,N/A,100,1,Synthetic_IFCT_schema,Synthetic_Variant
SYN02899,"Toor dal, raw (boiled)",Pulses and Legumes,,358.6,,22.3,1.7,57.6,4.2,73,5.6,0,Pan India,Vegetarian,Dessert,Baked,100,0,Synthetic_IFCT_schema,Synthetic_Variant
SYN02900,"Peanut, raw (steamed)",Nuts and Oilseeds,Scientific_19,527.5,,25.8,49.2,16.1,8.5,92,4.6,0,West India,Non-Vegetarian,Dinner,Cooked,,0,Synthetic_IFCT_schema,Synthetic_Variant
SYN02901,Pomegranate (boiled),Fruits,,77.2,347,1.7,1.2,18.7,4.0,10,0.3,,West India,Vegetarian,Snack,Baked,200,0,Synthetic_IFCT_schema,Synthetic_Variant
SYN02902,Pomegranate (steamed),Fruits,,87.9,347,1.7,1.2,18.7,4.0,10,0.3,10,West India,Vegetarian,Dessert,Steamed,150,0,Synthetic_IFCT_schema,Synthetic_Variant
SYN02903,"Soybean, raw (raw)",Pulses and Legumes,,460.3,1808,36.5,19.9,30.2,9.3,240,,,West India,Vegetarian,Any,Boiled,150,0,Synthetic_IFCT_schema,Synthetic_Variant
SYN02904,Watermelon (steamed),Fruits,,27.6,125,0.6,0.2,7.6,0.4,7,,8,Pan India,Vegetarian,Breakfast,,200,0,Synthetic_IFCT_schema,Synthetic_Variant
SYN02905,Bitter gourd (Karela) (steamed),Vegetables,Scientific_27,16.7,,1.0,0.2,3.4,2.8,20,0.6,84,Pan India,Vegetarian,snack,,,0,Synthetic_IFCT_schema,Synthetic_Variant
SYN02906,Pomegranate (raw),Fruits,,81.7,347,1.7,1.2,18.7,4.0,10,0.3,10,West India,Vegetarian,Main Course,Fried,,0,Synthetic_IFCT_schema,Synthetic_Variant
SYN02907,Pomegranate (roasted),Fruits,Scientific_62,82.6,347,1.7,1.2,18.7,4.0,10,0.3,10,West India,non-vegetarian,snack,Fried,,0,Synthetic_IFCT_schema,Synthetic_Variant
SYN02908,"Papaya, ripe (boiled)",Fruits,,42.8,180,0.5,0.1,10.8,1.7,20,0.1,62,South India,Vegetarian,snack,Fried,,0,Synthetic_IFCT_schema,Synthetic_Variant
SYN02909,Pomegranate (roasted),Fruits,,82.0,347,1.7,1.2,18.7,4.0,10,0.3,10,West India,Vegetarian,Lunch,Roasted,200,0,Synthetic_IFCT_schema,Synthetic_Variant
SYN02910,Pomegranate (fried),Fruits,Scientific_79,84.3,347,1.7,1.2,18.7,,,0.3,,West India,Vegetarian,lunch,Fried,200,0,Synthetic_IFCT_schema,Synthetic_Variant
SYN02911,Pomegranate (raw),Fruits,,78.6,347,1.7,1.2,18.7,4.0,10,0.3,10,Unknown,Vegetarian,Beverage,Steamed,N/A,0,Synthetic_IFCT_schema,Synthetic_Variant
SYN02912,"Onion, raw (roasted)",Vegetables,,42.0,167,1.1,0.1,9.3,1.7,23,0.4,7,Pan India,Vegetarian,lunch,Cooked,200,0,Synthetic_IFCT_schema,Synthetic_Variant
SYN02913,Pomegranate (steamed),Fruits,Scientific_70,,347,1.7,1.2,18.7,,10,0.3,10,West India,Veg,Main Course,Baked,200,0,Synthetic_IFCT_schema,Synthetic_Variant
SYN02914,Pomegranate (roasted),Fruits,Scientific_79,76.7,347,1.7,1.2,18.7,,,0.3,,West India,Vegetarian,lunch,Fried,200,0,Synthetic_IFCT_schema,Synthetic_Variant
SYN02915,Bitter gourd (Karela) (boiled),Vegetables,Scientific_27,16.7,,1.0,0.2,3.4,2.8,20,0.6,84,Pan India,Vegetarian,snack,,,0,Synthetic_IFCT_schema,Synthetic_Variant
SYN02916,Jowar (Sorghum) (raw),Cereals and Millets,Scientific_5,324.7,,10.4,1.9,72.6,1.6,25,,0,Unknown,Vegetarian,Main Course,Fried,,0,Synthetic_IFCT_schema,Synthetic_Variant
SYN02917,Pomegranate (boiled),Fruits,Scientific_80,,347,1.7,1.2,18.7,4.0,10,0.3,10,West India,Vegetarian,lunch,Cooked,200,0,Synthetic_IFCT_schema,Synthetic_Variant
SYN02918,"Moong dal, raw (roasted)",Pulses and Legumes,,356.6,,24.0,1.3,59.9,4.1,75,6.7,7,Pan India,Vegetarian,,,,0,Synthetic_IFCT_schema,Synthetic_Variant
SYN02919,Bottle gourd (Lauki) (boiled),Vegetables,,13.6,59,0.6,0.1,3.4,0.5,26,0.5,10,Pan India,Vegetarian,Beverage,Fried,150,0,Synthetic_IFCT_schema,Synthetic_Variant
SYN02920,"Mango, ripe (Alphonso) (steamed)",Fruits,Scientific_31,67.0,293,0.6,0.4,17.0,1.6,10,0.3,36,West India,Vegetarian,Lunch,N/A,N/A,0,Synthetic_IFCT_schema,Synthetic_Variant
SYN02921,"Mango, ripe (Alphonso) (roasted)",Fruits,Scientific_31,68.8,293,0.6,0.4,17.0,1.6,10,0.3,36,West India,Vegetarian,Lunch,N/A,N/A,0,Synthetic_IFCT_schema,Synthetic_Variant
SYN02922,Bajra (Pearl millet) (boiled),Cereals and Millets,,349.1,1519,11.6,5.0,67.5,1.2,42,8.0,0,West India,Vegetarian,Main Course,Cooked,150,0,Synthetic_IFCT_schema,Synthetic_Variant
SYN02923,Litti chokha (steamed),Composite Dishes,,319.9,1340,9.0,10.0,50.0,3.5,,,,East India,Vegetarian,Beverage,Fried,100,1,Synthetic_IFCT_schema,Synthetic_Variant
SYN02924,Pomegranate (raw),Fruits,Scientific_62,80.1,347,1.7,1.2,18.7,4.0,10,0.3,10,West India,non-vegetarian,snack,Fried,,0,Synthetic_IFCT_schema,Synthetic_Variant
SYN02925,Maize flour (steamed),Cereals and Millets,Scientific_7,354.3,1485,8.7,3.6,70.0,2.7,9,2.3,,Pan India,Vegetarian,Main Course,N/A,N/A,0,Synthetic_IFCT_schema,Synthetic_Variant
SYN02926,Pomegranate (roasted),Fruits,Scientific_68,79.9,347,1.7,1.2,18.7,4.0,10,0.3,10,Northern,Veg,dinner,Steamed,N/A,0,Synthetic_IFCT_schema,Synthetic_Variant
SYN02927,Pomegranate (raw),Fruits,,78.6,347,1.7,1.2,18.7,4.0,10,0.3,10,West India,non-vegetarian,,Roasted,100,0,Synthetic_IFCT_schema,Synthetic_Variant
SYN02928,Pomegranate (steamed),Fruits,,77.3,347,1.7,1.2,18.7,4.0,10,0.3,10,West India,Vegetarian,Snack,Boiled,N/A,0,Synthetic_IFCT_schema,Synthetic_Variant
SYN02929,Pomegranate (steamed),Fruits,,82.6,347,1.7,1.2,18.7,4.0,10,0.3,10,West India,Vegetarian,Main Course,,N/A,0,Synthetic_IFCT_schema,Synthetic_Variant
SYN02930,Bamboo shoots (steamed),Vegetables,,25.7,113,2.6,0.3,5.2,2.2,,,,East India,Vegetarian,Dinner,Boiled,100,0,Synthetic_IFCT_schema,Synthetic_Variant
SYN02931,Pomegranate (steamed),Fruits,,78.6,347,1.7,1.2,18.7,4.0,10,0.3,10,West India,Vegetarian,Dessert,Steamed,150,0,Synthetic_IFCT_schema,Synthetic_Variant
SYN02932,Pomegranate (steamed),Fruits,,79.7,347,1.7,1.2,18.7,4.0,10,0.3,10,West India,Vegetarian,Main Course,,N/A,0,Synthetic_IFCT_schema,Synthetic_Variant
SYN02933,Litti chokha (fried),Composite Dishes,,305.7,1340,9.0,10.0,50.0,3.5,,,,East India,Vegetarian,Beverage,Fried,100,1,Synthetic_IFCT_schema,Synthetic_Variant
SYN02934,"Potato, raw (steamed)",Vegetables,Scientific_20,79.0,322,1.9,0.1,17.8,1.8,11,0.7,13,Pan India,Vegetarian,lunch,Cooked,150,0,Synthetic_IFCT_schema,Synthetic_Variant
SYN02935,"Rice, raw, milled (boiled)",Cereals and Millets,,,1448,6.8,0.5,78.2,0.2,10,0.7,,Pan India,Vegetarian,Breakfast,Baked,,0,Synthetic_IFCT_schema,Synthetic_Variant
SYN02936,"Soybean, raw (fried)",Pulses and Legumes,,406.5,1808,36.5,19.9,30.2,9.3,240,,,West India,Vegetarian,Any,Boiled,150,0,Synthetic_IFCT_schema,Synthetic_Variant
SYN02937,Pomegranate (boiled),Fruits,,81.4,347,1.7,1.2,18.7,4.0,10,0.3,10,West India,Vegetarian,,Raw,N/A,0,Synthetic_IFCT_schema,Synthetic_Variant
SYN02938,"Soybean, raw (fried)",Pulses and Legumes,,420.9,1808,36.5,19.9,30.2,9.3,240,,,West India,Vegetarian,Any,Boiled,150,0,Synthetic_IFCT_schema,Synthetic_Variant
SYN02939,Pomegranate (boiled),Fruits,Scientific_59,76.6,347,1.7,1.2,18.7,4.0,10,0.3,10,West India,Vegetarian,Dessert,Steamed,150,0,Synthetic_IFCT_schema,Synthetic_Variant
SYN02940,Cowpea (Black-eyed pea) (raw),Pulses and Legumes,,301.6,1351,23.4,1.8,54.5,,227,8.6,1,South India,Vegetarian,Lunch,Roasted,200,0,Synthetic_IFCT_schema,Synthetic_Variant
SYN02941,Pomegranate (fried),Fruits,,77.5,347,1.7,1.2,18.7,4.0,10,0.3,10,West India,Vegetarian,Beverage,Steamed,,0,Synthetic_IFCT_schema,Synthetic_Variant
SYN02942,"Papaya, ripe (steamed)",Fruits,,40.6,180,0.5,0.1,10.8,1.7,20,0.1,62,South India,Vegetarian,snack,Fried,,0,Synthetic_IFCT_schema,Synthetic_Variant
SYN02943,Sattu (roasted gram flour) (steamed),Cereals and Millets,,436.8,1700,22.5,7.0,64.0,1.8,,,,East India,Vegetarian,snack,Grilled,100,0,Synthetic_IFCT_schema,Synthetic_Variant
SYN02944,Dhokla (boiled),Composite Dishes,,77.0,318,3.5,1.5,12.0,0.8,,,,West India,Vegetarian,Breakfast,N/A,100,1,Synthetic_IFCT_schema,Synthetic_Variant
SYN02945,"Toor dal, raw (roasted)",Pulses and Legumes,,349.3,,22.3,1.7,57.6,4.2,73,5.6,0,Pan India,Vegetarian,Dessert,Baked,100,0,Synthetic_IFCT_schema,Synthetic_Variant
SYN02946,Rasam (boiled),Composite Dishes,,32.0,125,1.2,0.8,4.5,,,,,South India,Vegetarian,Beverage,,100,1,Synthetic_IFCT_schema,Synthetic_Variant
SYN02947,"Cauliflower, raw (roasted)",Vegetables,,26.1,105,1.9,0.4,4.9,2.5,22,0.4,,Western,Non-Veg,Breakfast,Steamed,200,0,Synthetic_IFCT_schema,Synthetic_Variant
SYN02948,Khandvi (raw),Composite Dishes,,122.0,544,4.5,4.8,18.0,1.2,,,,West India,Vegetarian,breakfast,Roasted,100,1,Synthetic_IFCT_schema,Synthetic_Variant
SYN02949,"Cauliflower, raw (boiled)",Vegetables,,25.3,105,1.9,0.4,4.9,2.5,22,0.4,,Western,Non-Veg,Breakfast,Steamed,200,0,Synthetic_IFCT_schema,Synthetic_Variant
SYN02950,"Wheat flour, refined (roasted)",Cereals and Millets,Scientific_3,366.4,1456,10.3,0.9,73.9,0.3,23,2.7,0,North India,Vegetarian,snack,,,0,Synthetic_IFCT_schema,Synthetic_Variant
SYN02951,Rajma (Kidney beans) (steamed),Pulses and Legumes,,353.3,1448,22.9,1.5,60.6,6.4,260,7.0,4,North India,Vegetarian,Any,N/A,N/A,0,Synthetic_IFCT_schema,Synthetic_Variant
SYN02952,"Wheat flour, whole (raw)",Cereals and Millets,Scientific_2,364.0,1427,11.8,1.5,69.4,1.9,41,4.9,0,North India,Vegetarian,Beverage,Cooked,150,0,Synthetic_IFCT_schema,Synthetic_Variant
SYN02953,Pomegranate (fried),Fruits,Scientific_70,,347,1.7,1.2,18.7,,10,0.3,10,West India,Veg,Main Course,Baked,200,0,Synthetic_IFCT_schema,Synthetic_Variant
SYN02954,Pomegranate (roasted),Fruits,Scientific_69,84.3,347,1.7,1.2,18.7,4.0,10,0.3,,West India,Vegetarian,Dinner,Fried,150,0,Synthetic_IFCT_schema,Synthetic_Variant
SYN02955,Litti chokha (fried),Composite Dishes,,336.4,1340,9.0,10.0,50.0,3.5,,,,East India,Vegetarian,Beverage,Fried,100,1,Synthetic_IFCT_schema,Synthetic_Variant
SYN02956,"Wheat flour, whole (roasted)",Cereals and Millets,Scientific_2,324.0,1427,11.8,1.5,69.4,1.9,41,4.9,0,North India,Vegetarian,Beverage,Cooked,150,0,Synthetic_IFCT_schema,Synthetic_Variant
SYN02957,"Onion, raw (boiled)",Vegetables,,40.9,167,1.1,0.1,9.3,1.7,23,0.4,7,Pan India,Vegetarian,lunch,Cooked,200,0,Synthetic_IFCT_schema,Synthetic_Variant
SYN02958,Ragi (Finger millet) (steamed),Cereals and Millets,Scientific_6,307.6,1373,7.3,1.5,66.8,3.6,344,3.9,0,South India,Vegetarian,Main Course,Boiled,N/A,0,Synthetic_IFCT_schema,Synthetic_Variant
SYN02959,"Tomato, raw (fried)",Vegetables,,,75,0.9,0.2,3.9,1.2,13,,27,Pan India,Vegetarian,Dessert,Roasted,100,0,Synthetic_IFCT_schema,Synthetic_Variant
SYN02960,"Rice, raw, milled (boiled)",Cereals and Millets,,,1448,6.8,0.5,78.2,0.2,10,0.7,,Pan India,Vegetarian,Breakfast,Baked,,0,Synthetic_IFCT_schema,Synthetic_Variant
SYN02961,Bottle gourd (Lauki) (fried),Vegetables,,13.8,59,0.6,0.1,3.4,0.5,26,0.5,10,Pan India,Vegetarian,Beverage,Fried,150,0,Synthetic_IFCT_schema,Synthetic_Variant
SYN02962,Bottle gourd (Lauki) (fried),Vegetables,,15.0,59,0.6,0.1,3.4,0.5,26,0.5,10,Pan India,Vegetarian,Beverage,Fried,150,0,Synthetic_IFCT_schema,Synthetic_Variant
SYN02963,Pomegranate (raw),Fruits,Scientific_65,89.6,347,1.7,1.2,18.7,4.0,10,0.3,10,West India,Vegetarian,Main Course,Baked,N/A,0,Synthetic_IFCT_schema,Synthetic_Variant
SYN02964,Bajra (Pearl millet) (fried),Cereals and Millets,,362.9,1519,11.6,5.0,67.5,1.2,42,8.0,0,West India,Vegetarian,Main Course,Cooked,150,0,Synthetic_IFCT_schema,Synthetic_Variant
SYN02965,Banana (Cavendish) (raw),Fruits,Scientific_32,89.9,372,1.1,0.3,23.0,2.6,5,0.3,8,South India,Vegetarian,Dinner,,100,0,Synthetic_IFCT_schema,Synthetic_Variant
SYN02966,Khandvi (steamed),Composite Dishes,,131.8,544,4.5,4.8,18.0,1.2,,,,West India,Vegetarian,breakfast,Roasted,100,1,Synthetic_IFCT_schema,Synthetic_Variant
SYN02967,Pomegranate (raw),Fruits,,81.9,347,1.7,1.2,18.7,4.0,10,0.3,10,West India,Vegetarian,Beverage,Steamed,,0,Synthetic_IFCT_schema,Synthetic_Variant
SYN02968,Bamboo shoots (steamed),Vegetables,,26.9,113,2.6,0.3,5.2,2.2,,,,East India,Vegetarian,Dinner,Boiled,100,0,Synthetic_IFCT_schema,Synthetic_Variant
SYN02969,Pomegranate (boiled),Fruits,Scientific_63,78.9,347,1.7,1.2,18.7,4.0,10,0.3,10,West India,Vegetarian,Any,Baked,N/A,0,Synthetic_IFCT_schema,Synthetic_Variant
SYN02970,"Cauliflower, raw (boiled)",Vegetables,,26.4,105,1.9,0.4,4.9,2.5,22,0.4,,Western,Non-Veg,Breakfast,Steamed,200,0,Synthetic_IFCT_schema,Synthetic_Variant
SYN02971,Pomegranate (boiled),Fruits,Scientific_59,86.5,347,1.7,1.2,18.7,4.0,10,0.3,10,West India,Vegetarian,Dessert,Steamed,150,0,Synthetic_IFCT_schema,Synthetic_Variant
SYN02972,Khandvi (fried),Composite Dishes,,125.0,544,4.5,4.8,18.0,1.2,,,,West India,Vegetarian,breakfast,Roasted,100,1,Synthetic_IFCT_schema,Synthetic_Variant
SYN02973,Pomegranate (fried),Fruits,Scientific_70,,347,1.7,1.2,18.7,,10,0.3,10,West India,Veg,Main Course,Baked,200,0,Synthetic_IFCT_schema,Synthetic_Variant
SYN02974,Pomegranate (raw),Fruits,,78.1,347,1.7,1.2,18.7,4.0,,0.3,10,West India,Vegetarian,Main Course,Grilled,,0,Synthetic_IFCT_schema,Synthetic_Variant
SYN02975,"Onion, raw (roasted)",Vegetables,,42.0,167,1.1,0.1,9.3,1.7,23,0.4,7,Pan India,Vegetarian,lunch,Cooked,200,0,Synthetic_IFCT_schema,Synthetic_Variant
SYN02976,Pomegranate (roasted),Fruits,Scientific_65,87.2,347,1.7,1.2,18.7,4.0,10,0.3,10,West India,Vegetarian,Main Course,Baked,N/A,0,Synthetic_IFCT_schema,Synthetic_Variant
SYN02977,Pomegranate (steamed),Fruits,Scientific_61,83.7,347,1.7,1.2,18.7,4.0,10,0.3,,West India,Vegetarian,Dessert,,100,0,Synthetic_IFCT_schema,Synthetic_Variant
SYN02978,Amla (Indian gooseberry) (roasted),Fruits,,44.0,184,0.9,0.6,10.2,4.3,50,1.2,600,Western,Vegetarian,breakfast,Roasted,150,0,Synthetic_IFCT_schema,Synthetic_Variant
SYN02979,Pomegranate (fried),Fruits,,83.3,,1.7,1.2,18.7,4.0,10,0.3,10,West India,Vegetarian,Dessert,Baked,150,0,Synthetic_IFCT_schema,Synthetic_Variant
SYN02980,Fenugreek leaves (Methi) (steamed),Vegetables,Scientific_28,51.8,205,4.4,0.9,6.0,1.1,,1.9,52,North India,Vegetarian,Dessert,Boiled,150,0,Synthetic_IFCT_schema,Synthetic_Variant
SYN02981,Amla (Indian gooseberry) (roasted),Fruits,,42.7,184,0.9,0.6,10.2,4.3,50,1.2,600,Western,Vegetarian,breakfast,Roasted,150,0,Synthetic_IFCT_schema,Synthetic_Variant
SYN02982,Pomegranate (steamed),Fruits,,79.6,,1.7,1.2,18.7,4.0,10,0.3,10,West India,Vegetarian,Dessert,Baked,150,0,Synthetic_IFCT_schema,Synthetic_Variant
SYN02983,Pomegranate (boiled),Fruits,Scientific_78,85.1,347,1.7,1.2,18.7,4.0,10,0.3,10,West India,Vegetarian,,,,0,Synthetic_IFCT_schema,Synthetic_Variant
SYN02984,"Tomato, raw (steamed)",Vegetables,,,75,0.9,0.2,3.9,1.2,13,,27,Pan India,Vegetarian,Dessert,Roasted,100,0,Synthetic_IFCT_schema,Synthetic_Variant
SYN02985,Pomegranate (roasted),Fruits,Scientific_70,,347,1.7,1.2,18.7,,10,0.3,10,West India,Veg,Main Course,Baked,200,0,Synthetic_IFCT_schema,Synthetic_Variant
SYN02986,"Potato, raw (roasted)",Vegetables,Scientific_20,81.6,322,1.9,0.1,17.8,1.8,11,0.7,13,Pan India,Vegetarian,lunch,Cooked,150,0,Synthetic_IFCT_schema,Synthetic_Variant
SYN02987,"Toor dal, raw (raw)",Pulses and Legumes,,333.8,,22.3,1.7,57.6,4.2,73,5.6,0,Pan India,Vegetarian,Dessert,Baked,100,0,Synthetic_IFCT_schema,Synthetic_Variant
SYN02988,Pomegranate (steamed),Fruits,,77.4,347,1.7,1.2,18.7,4.0,10,0.3,,West India,Vegetarian,Snack,Baked,200,0,Synthetic_IFCT_schema,Synthetic_Variant
SYN02989,Pomegranate (roasted),Fruits,Scientific_68,79.2,347,1.7,1.2,18.7,4.0,10,0.3,10,Northern,Veg,dinner,Steamed,N/A,0,Synthetic_IFCT_schema,Synthetic_Variant
SYN02990,Puttu (fried),Composite Dishes,,170.9,733,3.5,1.2,38.0,1.5,,,,South India,Vegetarian,Main Course,,100,1,Synthetic_IFCT_schema,Synthetic_Variant
SYN02991,Pomegranate (roasted),Fruits,Scientific_69,83.2,347,1.7,1.2,18.7,4.0,10,0.3,,West India,Vegetarian,Dinner,Fried,150,0,Synthetic_IFCT_schema,Synthetic_Variant
SYN02992,"Tomato, raw (fried)",Vegetables,,,75,0.9,0.2,3.9,1.2,13,,27,Pan India,Vegetarian,Dessert,Roasted,100,0,Synthetic_IFCT_schema,Synthetic_Variant
SYN02993,Pomegranate (fried),Fruits,,84.2,347,1.7,1.2,18.7,4.0,10,0.3,10,Unknown,Vegetarian,Beverage,Steamed,N/A,0,Synthetic_IFCT_schema,Synthetic_Variant
SYN02994,Okra (Bhindi) (roasted),Vegetables,Scientific_26,30.5,138,2.1,0.2,7.0,2.5,82,0.8,21,Pan India,non-vegetarian,,Fried,150,0,Synthetic_IFCT_schema,Synthetic_Variant
SYN02995,Pomegranate (raw),Fruits,,78.9,347,1.7,1.2,18.7,4.0,10,0.3,10,Unknown,Vegetarian,Beverage,Steamed,N/A,0,Synthetic_IFCT_schema,Synthetic_Variant
SYN02996,Pomegranate (raw),Fruits,,80.8,347,1.7,1.2,18.7,4.0,10,0.3,10,West India,Vegetarian,Lunch,Roasted,200,0,Synthetic_IFCT_schema,Synthetic_Variant
SYN02997,"Wheat flour, refined (steamed)",Cereals and Millets,Scientific_3,365.8,1456,10.3,0.9,73.9,0.3,23,2.7,0,North India,Vegetarian,snack,,,0,Synthetic_IFCT_schema,Synthetic_Variant
SYN02998,"Masoor dal, raw (fried)",Pulses and Legumes,,364.7,1435,25.1,0.9,59.0,3.5,68,7.6,1,Southern,Vegetarian,lunch,Grilled,100,0,Synthetic_IFCT_schema,Synthetic_Variant
SYN02999,Pomegranate (raw),Fruits,Scientific_70,,347,1.7,1.2,18.7,,10,0.3,10,West India,Veg,Main Course,Baked,200,0,Synthetic_IFCT_schema,Synthetic_Variant
SYN03000,"Onion, raw (roasted)",Vegetables,,37.6,167,1.1,0.1,9.3,1.7,23,0.4,7,Pan India,Vegetarian,lunch,Cooked,200,0,Synthetic_IFCT_schema,Synthetic_Variant
SYN03001,Pomegranate (boiled),Fruits,,,347,1.7,1.2,18.7,4.0,10,0.3,,West India,Vegetarian,breakfast,Fried,,0,Synthetic_IFCT_schema,Synthetic_Variant
SYN03002,"Wheat flour, whole (roasted)",Cereals and Millets,Scientific_2,339.1,1427,11.8,1.5,69.4,1.9,41,4.9,0,North India,Vegetarian,Beverage,Cooked,150,0,Synthetic_IFCT_schema,Synthetic_Variant
SYN03003,"Toor dal, raw (roasted)",Pulses and Legumes,,312.9,,22.3,1.7,57.6,4.2,73,5.6,0,Pan India,Vegetarian,Dessert,Baked,100,0,Synthetic_IFCT_schema,Synthetic_Variant
SYN03004,Methi thepla (boiled),Composite Dishes,,306.9,1193,7.5,12.0,38.0,3.0,,,,West India,Vegetarian,Beverage,Boiled,100,1,Synthetic_IFCT_schema,Synthetic_Variant
SYN03005,Amla (Indian gooseberry) (fried),Fruits,,42.9,184,0.9,0.6,10.2,4.3,50,1.2,600,Western,Vegetarian,breakfast,Roasted,150,0,Synthetic_IFCT_schema,Synthetic_Variant
SYN03006,Rasam (raw),Composite Dishes,,31.9,125,1.2,0.8,4.5,,,,,South India,Vegetarian,Beverage,,100,1,Synthetic_IFCT_schema,Synthetic_Variant
SYN03007,"Tofu, firm (raw)",Pulses and Legumes,,79.5,318,8.0,4.8,1.9,0.3,,,,West India,Vegetarian,Lunch,N/A,100,0,Synthetic_IFCT_schema,Synthetic_Variant
SYN03008,Pomegranate (raw),Fruits,,82.6,347,1.7,1.2,18.7,4.0,10,0.3,10,East,Vegetarian,snack,Grilled,100,0,Synthetic_IFCT_schema,Synthetic_Variant
SYN03009,Pomegranate (steamed),Fruits,Scientific_73,77.7,347,1.7,1.2,18.7,4.0,10,0.3,10,West India,Vegetarian,snack,Cooked,100,0,Synthetic_IFCT_schema,Synthetic_Variant
SYN03010,Pomegranate (boiled),Fruits,,,347,1.7,1.2,18.7,4.0,,0.3,10,West India,Vegetarian,Main Course,Steamed,200,0,Synthetic_IFCT_schema,Synthetic_Variant
SYN03011,Pomegranate (roasted),Fruits,,85.4,347,1.7,1.2,18.7,4.0,10,0.3,10,West India,Vegetarian,Lunch,Roasted,200,0,Synthetic_IFCT_schema,Synthetic_Variant
SYN03012,Pomegranate (steamed),Fruits,,81.6,347,1.7,1.2,18.7,4.0,10,0.3,10,West India,Vegetarian,Dessert,Steamed,150,0,Synthetic_IFCT_schema,Synthetic_Variant
SYN03013,Oats (steamed),Cereals and Millets,,366.4,1628,16.9,6.9,66.3,,54,4.7,0,North India,Vegetarian,Breakfast,Cooked,100,0,Synthetic_IFCT_schema,Synthetic_Variant
SYN03014,Rasam (boiled),Composite Dishes,,28.3,125,1.2,0.8,4.5,,,,,South India,Vegetarian,Beverage,,100,1,Synthetic_IFCT_schema,Synthetic_Variant
SYN03015,"Spinach (Palak), raw (roasted)",Vegetables,Scientific_23,,96,2.0,0.3,3.5,,99,1.8,28,Pan India,Vegetarian,breakfast,Fried,200,0,Synthetic_IFCT_schema,Synthetic_Variant
SYN03016,Pomegranate (boiled),Fruits,,88.6,,1.7,1.2,18.7,4.0,10,0.3,10,West India,Vegetarian,Dessert,Baked,150,0,Synthetic_IFCT_schema,Synthetic_Variant
SYN03017,Pomegranate (fried),Fruits,,,347,1.7,1.2,18.7,4.0,10,0.3,10,North,Vegetarian,Snack,Roasted,,0,Synthetic_IFCT_schema,Synthetic_Variant
SYN03018,Machher jhol (steamed),Composite Dishes,,151.2,649,17.0,9.0,3.0,0.6,,,,East India,Non-Vegetarian,Dessert,Boiled,100,1,Synthetic_IFCT_schema,Synthetic_Variant
SYN03019,Pomegranate (fried),Fruits,Scientific_67,81.6,347,1.7,1.2,18.7,4.0,10,0.3,10,West India,Non-Vegetarian,lunch,Roasted,200,0,Synthetic_IFCT_schema,Synthetic_Variant
SYN03020,Kabuli chana (roasted),Pulses and Legumes,,353.1,,20.1,5.3,60.9,7.6,202,4.9,3,North India,Vegetarian,Breakfast,Grilled,N/A,0,Synthetic_IFCT_schema,Synthetic_Variant
SYN03021,Bottle gourd (Lauki) (boiled),Vegetables,,13.1,59,0.6,0.1,3.4,0.5,26,0.5,10,Pan India,Vegetarian,Beverage,Fried,150,0,Synthetic_IFCT_schema,Synthetic_Variant
SYN03022,Khandvi (raw),Composite Dishes,,121.2,544,4.5,4.8,18.0,1.2,,,,West India,Vegetarian,breakfast,Roasted,100,1,Synthetic_IFCT_schema,Synthetic_Variant
SYN03023,Pomegranate (steamed),Fruits,,81.1,347,1.7,1.2,18.7,4.0,10,0.3,10,West India,Vegetarian,Snack,Boiled,N/A,0,Synthetic_IFCT_schema,Synthetic_Variant
SYN03024,Kabuli chana (fried),Pulses and Legumes,,366.5,,20.1,5.3,60.9,7.6,202,4.9,3,North India,Vegetarian,Breakfast,Grilled,N/A,0,Synthetic_IFCT_schema,Synthetic_Variant
SYN03025,"Tomato, raw (fried)",Vegetables,,,75,0.9,0.2,3.9,1.2,13,,27,Pan India,Vegetarian,Dessert,Roasted,100,0,Synthetic_IFCT_schema,Synthetic_Variant
SYN03026,Okra (Bhindi) (raw),Vegetables,Scientific_26,35.3,138,2.1,0.2,7.0,2.5,82,0.8,21,Pan India,non-vegetarian,,Fried,150,0,Synthetic_IFCT_schema,Synthetic_Variant
SYN03027,Pomegranate (fried),Fruits,Scientific_67,82.5,347,1.7,1.2,18.7,4.0,10,0.3,10,West India,Non-Vegetarian,lunch,Roasted,200,0,Synthetic_IFCT_schema,Synthetic_Variant
SYN03028,Pomegranate (fried),Fruits,Scientific_61,81.6,347,1.7,1.2,18.7,4.0,10,0.3,,West India,Vegetarian,Dessert,,100,0,Synthetic_IFCT_schema,Synthetic_Variant
SYN03029,"Wheat flour, whole (boiled)",Cereals and Millets,Scientific_2,320.5,1427,11.8,1.5,69.4,1.9,41,4.9,0,North India,Vegetarian,Beverage,Cooked,150,0,Synthetic_IFCT_schema,Synthetic_Variant
SYN03030,"Onion, raw (boiled)",Vegetables,,38.3,167,1.1,0.1,9.3,1.7,23,0.4,7,Pan India,Vegetarian,lunch,Cooked,200,0,Synthetic_IFCT_schema,Synthetic_Variant
SYN03031,Pomegranate (steamed),Fruits,Scientific_40,89.0,347,1.7,1.2,18.7,4.0,10,0.3,10,West India,Vegetarian,Any,Cooked,N/A,0,Synthetic_IFCT_schema,Synthetic_Variant
SYN03032,Rajma (Kidney beans) (raw),Pulses and Legumes,,344.5,1448,22.9,1.5,60.6,6.4,260,7.0,4,North India,Vegetarian,Any,N/A,N/A,0,Synthetic_IFCT_schema,Synthetic_Variant
SYN03033,Pomegranate (boiled),Fruits,,80.0,347,1.7,1.2,18.7,4.0,10,0.3,10,Unknown,Vegetarian,Beverage,Steamed,N/A,0,Synthetic_IFCT_schema,Synthetic_Variant
SYN03034,Pomegranate (fried),Fruits,Scientific_45,83.5,347,1.7,1.2,18.7,4.0,10,0.3,,West India,Veg,breakfast,Roasted,N/A,0,Synthetic_IFCT_schema,Synthetic_Variant
SYN03035,Pomegranate (fried),Fruits,Scientific_63,80.1,347,1.7,1.2,18.7,4.0,10,0.3,10,West India,Vegetarian,Any,Baked,N/A,0,Synthetic_IFCT_schema,Synthetic_Variant
SYN03036,Pomegranate (boiled),Fruits,,89.6,347,1.7,1.2,18.7,4.0,,0.3,10,West India,Vegetarian,breakfast,,,0,Synthetic_IFCT_schema,Synthetic_Variant
SYN03037,Pomegranate (boiled),Fruits,Scientific_63,86.5,347,1.7,1.2,18.7,4.0,10,0.3,10,West India,Vegetarian,Any,Baked,N/A,0,Synthetic_IFCT_schema,Synthetic_Variant
SYN03038,Pomegranate (fried),Fruits,,79.4,347,1.7,1.2,18.7,4.0,10,0.3,10,East,Vegetarian,snack,Grilled,100,0,Synthetic_IFCT_schema,Synthetic_Variant
SYN03039,Ragi (Finger millet) (roasted),Cereals and Millets,Scientific_6,336.4,1373,7.3,1.5,66.8,3.6,344,3.9,0,South India,Vegetarian,Main Course,Boiled,N/A,0,Synthetic_IFCT_schema,Synthetic_Variant
SYN03040,Pomegranate (fried),Fruits,,87.2,347,1.7,1.2,18.7,4.0,,0.3,10,West India,Vegetarian,breakfast,,,0,Synthetic_IFCT_schema,Synthetic_Variant
SYN03041,Pomegranate (roasted),Fruits,,77.3,347,1.7,1.2,18.7,4.0,,0.3,10,West India,Vegetarian,breakfast,,,0,Synthetic_IFCT_schema,Synthetic_Variant
SYN03042,"Urad dal, raw (fried)",Pulses and Legumes,Scientific_15,,1428,25.1,1.4,59.0,1.8,154,4.5,0,South India,Vegetarian,Main Course,Grilled,N/A,0,Synthetic_IFCT_schema,Synthetic_Variant
SYN03043,Pomegranate (boiled),Fruits,,80.6,347,1.7,1.2,18.7,4.0,10,0.3,10,West India,Vegetarian,Snack,Boiled,N/A,0,Synthetic_IFCT_schema,Synthetic_Variant
SYN03044,Pomegranate (fried),Fruits,,86.3,347,1.7,1.2,18.7,4.0,10,0.3,10,West India,Vegetarian,,Raw,N/A,0,Synthetic_IFCT_schema,Synthetic_Variant
SYN03045,Brinjal (Eggplant) (fried),Vegetables,,26.4,105,1.4,0.3,5.5,3.4,18,0.3,2,Pan India,Vegetarian,lunch,Steamed,100,0,Synthetic_IFCT_schema,Synthetic_Variant
SYN03046,"Peanut, raw (fried)",Nuts and Oilseeds,Scientific_19,570.1,,25.8,49.2,16.1,8.5,92,4.6,0,West India,Non-Vegetarian,Dinner,Cooked,,0,Synthetic_IFCT_schema,Synthetic_Variant
SYN03047,"Mango, ripe (Alphonso) (fried)",Fruits,Scientific_31,72.4,293,0.6,0.4,17.0,1.6,10,0.3,36,West India,Vegetarian,Lunch,N/A,N/A,0,Synthetic_IFCT_schema,Synthetic_Variant
SYN03048,Pomegranate (steamed),Fruits,Scientific_73,88.4,347,1.7,1.2,18.7,4.0,10,0.3,10,West India,Vegetarian,snack,Cooked,100,0,Synthetic_IFCT_schema,Synthetic_Variant
SYN03049,Pomegranate (raw),Fruits,Scientific_78,79.5,347,1.7,1.2,18.7,4.0,10,0.3,10,West India,Vegetarian,,,,0,Synthetic_IFCT_schema,Synthetic_Variant
SYN03050,Litti chokha (roasted),Composite Dishes,,302.0,1340,9.0,10.0,50.0,3.5,,,,East India,Vegetarian,Beverage,Fried,100,1,Synthetic_IFCT_schema,Synthetic_Variant
SYN03051,Pomegranate (roasted),Fruits,,86.5,347,1.7,1.2,18.7,4.0,10,0.3,10,West India,Vegetarian,Snack,Grilled,150,0,Synthetic_IFCT_schema,Synthetic_Variant
SYN03052,Avial (fried),Composite Dishes,,112.9,481,2.8,6.5,12.0,3.0,,,,South India,Vegetarian,lunch,,100,1,Synthetic_IFCT_schema,Synthetic_Variant
SYN03053,Pomegranate (fried),Fruits,,89.2,347,1.7,1.2,18.7,4.0,10,0.3,10,West India,Vegetarian,,Raw,N/A,0,Synthetic_IFCT_schema,Synthetic_Variant
SYN03054,Avial (boiled),Composite Dishes,,116.3,481,2.8,6.5,12.0,3.0,,,,South India,Vegetarian,lunch,,100,1,Synthetic_IFCT_schema,Synthetic_Variant
SYN03055,"Masoor dal, raw (roasted)",Pulses and Legumes,,326.1,1435,25.1,0.9,59.0,3.5,68,7.6,1,Southern,Vegetarian,lunch,Grilled,100,0,Synthetic_IFCT_schema,Synthetic_Variant
SYN03056,"Tomato, raw (raw)",Vegetables,,,75,0.9,0.2,3.9,1.2,13,,27,Pan India,Vegetarian,Dessert,Roasted,100,0,Synthetic_IFCT_schema,Synthetic_Variant
SYN03057,Bottle gourd (Lauki) (raw),Vegetables,,13.0,59,0.6,0.1,3.4,0.5,26,0.5,10,Pan India,Vegetarian,Beverage,Fried,150,0,Synthetic_IFCT_schema,Synthetic_Variant
SYN03058,Pomegranate (boiled),Fruits,,83.0,347,1.7,1.2,18.7,4.0,10,0.3,10,West India,Vegetarian,breakfast,,100,0,Synthetic_IFCT_schema,Synthetic_Variant
SYN03059,Pomegranate (fried),Fruits,,83.1,347,1.7,1.2,18.7,4.0,,0.3,10,West India,Vegetarian,Main Course,Grilled,,0,Synthetic_IFCT_schema,Synthetic_Variant
SYN03060,"Tofu, firm (roasted)",Pulses and Legumes,,74.7,318,8.0,4.8,1.9,0.3,,,,West India,Vegetarian,Lunch,N/A,100,0,Synthetic_IFCT_schema,Synthetic_Variant
SYN03061,Pomegranate (boiled),Fruits,Scientific_50,88.7,347,1.7,1.2,18.7,4.0,10,0.3,,North India,Veg,Beverage,Steamed,100,0,Synthetic_IFCT_schema,Synthetic_Variant
SYN03062,"Wheat flour, refined (fried)",Cereals and Millets,Scientific_3,369.2,1456,10.3,0.9,73.9,0.3,23,2.7,0,North India,Vegetarian,snack,,,0,Synthetic_IFCT_schema,Synthetic_Variant
SYN03063,Pomegranate (roasted),Fruits,Scientific_78,79.7,347,1.7,1.2,18.7,4.0,10,0.3,10,West India,Vegetarian,,,,0,Synthetic_IFCT_schema,Synthetic_Variant
SYN03064,Pomegranate (raw),Fruits,Scientific_79,80.1,347,1.7,1.2,18.7,,,0.3,,West India,Vegetarian,lunch,Fried,200,0,Synthetic_IFCT_schema,Synthetic_Variant
SYN03065,Bajra (Pearl millet) (raw),Cereals and Millets,,359.8,1519,11.6,5.0,67.5,1.2,42,8.0,0,West India,Vegetarian,Main Course,Cooked,150,0,Synthetic_IFCT_schema,Synthetic_Variant
SYN03066,Pomegranate (boiled),Fruits,,86.7,347,1.7,1.2,18.7,,10,0.3,10,West India,Vegetarian,Dinner,Baked,100,0,Synthetic_IFCT_schema,Synthetic_Variant
SYN03067,Pomegranate (fried),Fruits,,87.8,347,1.7,1.2,18.7,4.0,10,0.3,10,West India,Vegetarian,Lunch,Steamed,100,0,Synthetic_IFCT_schema,Synthetic_Variant
SYN03068,Bitter gourd (Karela) (roasted),Vegetables,Scientific_27,15.7,,1.0,0.2,3.4,2.8,20,0.6,84,Pan India,Vegetarian,snack,,,0,Synthetic_IFCT_schema,Synthetic_Variant
SYN03069,Guava (boiled),Fruits,,65.1,285,2.6,1.0,14.3,5.4,18,,228,Maharashtra,Vegetarian,Snack,Baked,N/A,0,Synthetic_IFCT_schema,Synthetic_Variant
SYN03070,Machher jhol (fried),Composite Dishes,,159.3,649,17.0,9.0,3.0,0.6,,,,East India,Non-Vegetarian,Dessert,Boiled,100,1,Synthetic_IFCT_schema,Synthetic_Variant
SYN03071,Pomegranate (steamed),Fruits,Scientific_73,84.9,347,1.7,1.2,18.7,4.0,10,0.3,10,West India,Vegetarian,snack,Cooked,100,0,Synthetic_IFCT_schema,Synthetic_Variant
SYN03072,Pomegranate (fried),Fruits,,80.0,347,1.7,1.2,18.7,4.0,10,0.3,10,West India,Vegetarian,,Raw,N/A,0,Synthetic_IFCT_schema,Synthetic_Variant
SYN03073,Pomegranate (roasted),Fruits,,89.5,347,1.7,1.2,18.7,4.0,10,0.3,10,West India,Vegetarian,Dessert,Steamed,150,0,Synthetic_IFCT_schema,Synthetic_Variant
SYN03074,Sabudana (Tapioca pearls) (raw),Cereals and Millets,,366.0,1469,0.2,0.2,88.7,0.9,,,,West India,Vegetarian,Dinner,Steamed,100,0,Synthetic_IFCT_schema,Synthetic_Variant
SYN03075,Pomegranate (raw),Fruits,Scientific_69,80.3,347,1.7,1.2,18.7,4.0,10,0.3,,West India,Vegetarian,Dinner,Fried,150,0,Synthetic_IFCT_schema,Synthetic_Variant
SYN03076,Pomegranate (boiled),Fruits,,89.3,347,1.7,1.2,18.7,4.0,10,0.3,10,West India,Vegetarian,Main Course,Fried,,0,Synthetic_IFCT_schema,Synthetic_Variant
SYN03077,Pomegranate (boiled),Fruits,,81.1,347,1.7,1.2,18.7,4.0,10,,10,West India,Vegetarian,Snack,N/A,150,0,Synthetic_IFCT_schema,Synthetic_Variant
SYN03078,Fenugreek leaves (Methi) (roasted),Vegetables,Scientific_28,51.9,205,4.4,0.9,6.0,1.1,,1.9,52,North India,Vegetarian,Dessert,Boiled,150,0,Synthetic_IFCT_schema,Synthetic_Variant
SYN03079,Pomegranate (boiled),Fruits,Scientific_78,89.2,347,1.7,1.2,18.7,4.0,10,0.3,10,West India,Vegetarian,,,,0,Synthetic_IFCT_schema,Synthetic_Variant
SYN03080,Pomegranate (raw),Fruits,,84.0,347,1.7,1.2,18.7,4.0,10,0.3,10,West India,Vegetarian,Dessert,Steamed,150,0,Synthetic_IFCT_schema,Synthetic_Variant
SYN03081,"Potato, raw (roasted)",Vegetables,Scientific_20,82.0,322,1.9,0.1,17.8,1.8,11,0.7,13,Pan India,Vegetarian,lunch,Cooked,150,0,Synthetic_IFCT_schema,Synthetic_Variant
SYN03082,Pomegranate (steamed),Fruits,Scientific_80,,347,1.7,1.2,18.7,4.0,10,0.3,10,West India,Vegetarian,lunch,Cooked,200,0,Synthetic_IFCT_schema,Synthetic_Variant
SYN03083,Pomegranate (roasted),Fruits,Scientific_61,89.0,347,1.7,1.2,18.7,4.0,10,0.3,,West India,Vegetarian,Dessert,,100,0,Synthetic_IFCT_schema,Synthetic_Variant
SYN03084,Litti chokha (raw),Composite Dishes,,301.4,1340,9.0,10.0,50.0,3.5,,,,East India,Vegetarian,Beverage,Fried,100,1,Synthetic_IFCT_schema,Synthetic_Variant
SYN03085,Pomegranate (raw),Fruits,,84.5,347,1.7,1.2,18.7,4.0,10,0.3,,West India,Vegetarian,Snack,Baked,200,0,Synthetic_IFCT_schema,Synthetic_Variant
SYN03086,Amla (Indian gooseberry) (roasted),Fruits,,41.8,184,0.9,0.6,10.2,4.3,50,1.2,600,Western,Vegetarian,breakfast,Roasted,150,0,Synthetic_IFCT_schema,Synthetic_Variant
SYN03087,Pomegranate (raw),Fruits,,78.9,347,1.7,1.2,18.7,4.0,,0.3,10,West India,Vegetarian,Main Course,Grilled,,0,Synthetic_IFCT_schema,Synthetic_Variant
SYN03088,Pomegranate (boiled),Fruits,Scientific_50,78.9,347,1.7,1.2,18.7,4.0,10,0.3,,North India,Veg,Beverage,Steamed,100,0,Synthetic_IFCT_schema,Synthetic_Variant
SYN03089,Pomegranate (fried),Fruits,,82.2,347,1.7,1.2,18.7,4.0,10,0.3,10,West India,non-vegetarian,,Roasted,100,0,Synthetic_IFCT_schema,Synthetic_Variant
SYN03090,Semolina (Rava) (boiled),Cereals and Millets,,,1506,10.0,1.0,74.0,,16,4.7,0,Pan India,Veg,breakfast,Steamed,,0,Synthetic_IFCT_schema,Synthetic_Variant
SYN03091,Avial (fried),Composite Dishes,,122.3,481,2.8,6.5,12.0,3.0,,,,South India,Vegetarian,lunch,,100,1,Synthetic_IFCT_schema,Synthetic_Variant
SYN03092,Cowpea (Black-eyed pea) (raw),Pulses and Legumes,,348.1,1351,23.4,1.8,54.5,,227,8.6,1,South India,Vegetarian,Lunch,Roasted,200,0,Synthetic_IFCT_schema,Synthetic_Variant
SYN03093,Pomegranate (raw),Fruits,,83.4,347,1.7,1.2,18.7,4.0,10,0.3,10,West India,Vegetarian,Beverage,Steamed,,0,Synthetic_IFCT_schema,Synthetic_Variant
SYN03094,Pomegranate (raw),Fruits,,88.5,347,1.7,1.2,18.7,4.0,10,0.3,10,West India,Vegetarian,breakfast,,100,0,Synthetic_IFCT_schema,Synthetic_Variant
SYN03095,Avial (roasted),Composite Dishes,,112.9,481,2.8,6.5,12.0,3.0,,,,South India,Vegetarian,lunch,,100,1,Synthetic_IFCT_schema,Synthetic_Variant
SYN03096,Khandvi (fried),Composite Dishes,,128.3,544,4.5,4.8,18.0,1.2,,,,West India,Vegetarian,breakfast,Roasted,100,1,Synthetic_IFCT_schema,Synthetic_Variant
SYN03097,Bajra (Pearl millet) (steamed),Cereals and Millets,,348.5,1519,11.6,5.0,67.5,1.2,42,8.0,0,West India,Vegetarian,Main Course,Cooked,150,0,Synthetic_IFCT_schema,Synthetic_Variant
SYN03098,Pomegranate (steamed),Fruits,Scientific_63,77.5,347,1.7,1.2,18.7,4.0,10,0.3,10,West India,Vegetarian,Any,Baked,N/A,0,Synthetic_IFCT_schema,Synthetic_Variant
SYN03099,Sabudana (Tapioca pearls) (roasted),Cereals and Millets,,330.9,1469,0.2,0.2,88.7,0.9,,,,West India,Vegetarian,Dinner,Steamed,100,0,Synthetic_IFCT_schema,Synthetic_Variant
SYN03100,"Toor dal, raw (boiled)",Pulses and Legumes,,318.0,,22.3,1.7,57.6,4.2,73,5.6,0,Pan India,Vegetarian,Dessert,Baked,100,0,Synthetic_IFCT_schema,Synthetic_Variant
SYN03101,Pomegranate (steamed),Fruits,Scientific_62,82.0,347,1.7,1.2,18.7,4.0,10,0.3,10,West India,non-vegetarian,snack,Fried,,0,Synthetic_IFCT_schema,Synthetic_Variant
SYN03102,Jowar (Sorghum) (raw),Cereals and Millets,Scientific_5,370.8,,10.4,1.9,72.6,1.6,25,,0,Unknown,Vegetarian,Main Course,Fried,,0,Synthetic_IFCT_schema,Synthetic_Variant
SYN03103,Sattu (roasted gram flour) (raw),Cereals and Millets,,390.0,1700,22.5,7.0,64.0,1.8,,,,East India,Vegetarian,snack,Grilled,100,0,Synthetic_IFCT_schema,Synthetic_Variant
SYN03104,Pomegranate (fried),Fruits,,82.1,,1.7,1.2,18.7,4.0,10,0.3,10,West India,Vegetarian,Dessert,Baked,150,0,Synthetic_IFCT_schema,Synthetic_Variant
SYN03105,"Momos, veg (steamed) (steamed)",Composite Dishes,,176.8,753,5.5,5.5,28.0,2.0,,,,East India,Vegetarian,lunch,Steamed,100,1,Synthetic_IFCT_schema,Synthetic_Variant
SYN03106,Methi thepla (boiled),Composite Dishes,,294.1,1193,7.5,12.0,38.0,3.0,,,,West India,Vegetarian,Beverage,Boiled,100,1,Synthetic_IFCT_schema,Synthetic_Variant
SYN03107,Pomegranate (raw),Fruits,Scientific_78,80.7,347,1.7,1.2,18.7,4.0,10,0.3,10,West India,Vegetarian,,,,0,Synthetic_IFCT_schema,Synthetic_Variant
SYN03108,Rasam (fried),Composite Dishes,,27.9,125,1.2,0.8,4.5,,,,,South India,Vegetarian,Beverage,,100,1,Synthetic_IFCT_schema,Synthetic_Variant
SYN03109,"Papaya, ripe (boiled)",Fruits,,43.5,180,0.5,0.1,10.8,1.7,20,0.1,62,South India,Vegetarian,snack,Fried,,0,Synthetic_IFCT_schema,Synthetic_Variant
SYN03110,Pomegranate (fried),Fruits,,83.6,347,1.7,1.2,18.7,4.0,10,0.3,10,West India,Vegetarian,Lunch,Steamed,100,0,Synthetic_IFCT_schema,Synthetic_Variant
SYN03111,Sattu (roasted gram flour) (fried),Cereals and Millets,,436.2,1700,22.5,7.0,64.0,1.8,,,,East India,Vegetarian,snack,Grilled,100,0,Synthetic_IFCT_schema,Synthetic_Variant
SYN03112,Oats (steamed),Cereals and Millets,,397.8,1628,16.9,6.9,66.3,,54,4.7,0,North India,Vegetarian,Breakfast,Cooked,100,0,Synthetic_IFCT_schema,Synthetic_Variant
SYN03113,Oats (roasted),Cereals and Millets,,358.1,1628,16.9,6.9,66.3,,54,4.7,0,North India,Vegetarian,Breakfast,Cooked,100,0,Synthetic_IFCT_schema,Synthetic_Variant
SYN03114,Puttu (boiled),Composite Dishes,,182.1,733,3.5,1.2,38.0,1.5,,,,South India,Vegetarian,Main Course,,100,1,Synthetic_IFCT_schema,Synthetic_Variant
SYN03115,Cowpea (Black-eyed pea) (raw),Pulses and Legumes,,305.3,1351,23.4,1.8,54.5,,227,8.6,1,South India,Vegetarian,Lunch,Roasted,200,0,Synthetic_IFCT_schema,Synthetic_Variant
SYN03116,Pomegranate (boiled),Fruits,,85.0,347,1.7,1.2,18.7,4.0,10,0.3,10,Unknown,Vegetarian,Beverage,Steamed,N/A,0,Synthetic_IFCT_schema,Synthetic_Variant
SYN03117,"Tofu, firm (fried)",Pulses and Legumes,,72.6,318,8.0,4.8,1.9,0.3,,,,West India,Vegetarian,Lunch,N/A,100,0,Synthetic_IFCT_schema,Synthetic_Variant
SYN03118,Pomegranate (boiled),Fruits,Scientific_70,,347,1.7,1.2,18.7,,10,0.3,10,West India,Veg,Main Course,Baked,200,0,Synthetic_IFCT_schema,Synthetic_Variant
SYN03119,Pomegranate (fried),Fruits,,82.0,347,1.7,1.2,18.7,4.0,,0.3,10,West India,Vegetarian,Main Course,Grilled,,0,Synthetic_IFCT_schema,Synthetic_Variant
SYN03120,Pomegranate (fried),Fruits,,81.2,347,1.7,1.2,18.7,,10,0.3,10,West India,Vegetarian,Dinner,Baked,100,0,Synthetic_IFCT_schema,Synthetic_Variant
SYN03121,Pomegranate (roasted),Fruits,Scientific_67,81.1,347,1.7,1.2,18.7,4.0,10,0.3,10,West India,Non-Vegetarian,lunch,Roasted,200,0,Synthetic_IFCT_schema,Synthetic_Variant
SYN03122,Bajra (Pearl millet) (steamed),Cereals and Millets,,377.3,1519,11.6,5.0,67.5,1.2,42,8.0,0,West India,Vegetarian,Main Course,Cooked,150,0,Synthetic_IFCT_schema,Synthetic_Variant
SYN03123,Fenugreek leaves (Methi) (raw),Vegetables,Scientific_28,49.6,205,4.4,0.9,6.0,1.1,,1.9,52,North India,Vegetarian,Dessert,Boiled,150,0,Synthetic_IFCT_schema,Synthetic_Variant
SYN03124,Bitter gourd (Karela) (raw),Vegetables,Scientific_27,16.4,,1.0,0.2,3.4,2.8,20,0.6,84,Pan India,Vegetarian,snack,,,0,Synthetic_IFCT_schema,Synthetic_Variant
SYN03125,Pomegranate (steamed),Fruits,Scientific_47,88.2,,1.7,1.2,18.7,4.0,10,0.3,10,West India,Non-Veg,snack,Grilled,200,0,Synthetic_IFCT_schema,Synthetic_Variant
SYN03126,"Rice, raw, milled (roasted)",Cereals and Millets,,,1448,6.8,0.5,78.2,0.2,10,0.7,,Pan India,Vegetarian,Breakfast,Baked,,0,Synthetic_IFCT_schema,Synthetic_Variant
SYN03127,Pomegranate (roasted),Fruits,Scientific_67,81.7,347,1.7,1.2,18.7,4.0,10,0.3,10,West India,Non-Vegetarian,lunch,Roasted,200,0,Synthetic_IFCT_schema,Synthetic_Variant
SYN03128,Pomegranate (raw),Fruits,Scientific_71,84.3,347,1.7,1.2,18.7,4.0,10,0.3,10,West India,Vegetarian,Breakfast,Fried,100,0,Synthetic_IFCT_schema,Synthetic_Variant
SYN03129,Pomegranate (boiled),Fruits,,78.1,347,1.7,1.2,18.7,4.0,10,0.3,10,West India,Vegetarian,Snack,Grilled,150,0,Synthetic_IFCT_schema,Synthetic_Variant
SYN03130,"Potato, raw (steamed)",Vegetables,Scientific_20,78.7,322,1.9,0.1,17.8,1.8,11,0.7,13,Pan India,Vegetarian,lunch,Cooked,150,0,Synthetic_IFCT_schema,Synthetic_Variant
SYN03131,Pomegranate (boiled),Fruits,,86.6,347,1.7,1.2,18.7,4.0,10,0.3,,West India,Vegetarian,Snack,Baked,200,0,Synthetic_IFCT_schema,Synthetic_Variant
SYN03132,Watermelon (fried),Fruits,,29.4,125,0.6,0.2,7.6,0.4,7,,8,Pan India,Vegetarian,Breakfast,,200,0,Synthetic_IFCT_schema,Synthetic_Variant
SYN03133,Pomegranate (boiled),Fruits,Scientific_80,,347,1.7,1.2,18.7,4.0,10,0.3,10,West India,Vegetarian,lunch,Cooked,200,0,Synthetic_IFCT_schema,Synthetic_Variant
SYN03134,Pomegranate (boiled),Fruits,,78.4,347,1.7,1.2,18.7,4.0,10,0.3,10,West India,Vegetarian,Lunch,Roasted,200,0,Synthetic_IFCT_schema,Synthetic_Variant
SYN03135,Ragi (Finger millet) (fried),Cereals and Millets,Scientific_6,350.2,1373,7.3,1.5,66.8,3.6,344,3.9,0,South India,Vegetarian,Main Course,Boiled,N/A,0,Synthetic_IFCT_schema,Synthetic_Variant
SYN03136,Pomegranate (fried),Fruits,,88.4,347,1.7,1.2,18.7,4.0,10,0.3,10,West India,Vegetarian,Lunch,Roasted,200,0,Synthetic_IFCT_schema,Synthetic_Variant
SYN03137,"Peanut, raw (fried)",Nuts and Oilseeds,Scientific_19,573.1,,25.8,49.2,16.1,8.5,92,4.6,0,West India,Non-Vegetarian,Dinner,Cooked,,0,Synthetic_IFCT_schema,Synthetic_Variant
SYN03138,Pomegranate (roasted),Fruits,Scientific_40,79.5,347,1.7,1.2,18.7,4.0,10,0.3,10,West India,Vegetarian,Any,Cooked,N/A,0,Synthetic_IFCT_schema,Synthetic_Variant
SYN03139,"Urad dal, raw (steamed)",Pulses and Legumes,Scientific_15,,1428,25.1,1.4,59.0,1.8,154,4.5,0,South India,Vegetarian,Main Course,Grilled,N/A,0,Synthetic_IFCT_schema,Synthetic_Variant
SYN03140,Banana (Cavendish) (boiled),Fruits,Scientific_32,96.1,372,1.1,0.3,23.0,2.6,5,0.3,8,South India,Vegetarian,Dinner,,100,0,Synthetic_IFCT_schema,Synthetic_Variant
SYN03141,"Onion, raw (boiled)",Vegetables,,37.1,167,1.1,0.1,9.3,1.7,23,0.4,7,Pan India,Vegetarian,lunch,Cooked,200,0,Synthetic_IFCT_schema,Synthetic_Variant
SYN03142,"Soya chunks, raw (fried)",Pulses and Legumes,,320.0,1444,52.0,0.5,33.0,13.0,,,,Pan India,Vegetarian,snack,Baked,100,0,Synthetic_IFCT_schema,Synthetic_Variant
SYN03143,Cowpea (Black-eyed pea) (roasted),Pulses and Legumes,,297.5,1351,23.4,1.8,54.5,,227,8.6,1,South India,Vegetarian,Lunch,Roasted,200,0,Synthetic_IFCT_schema,Synthetic_Variant
SYN03144,Avial (fried),Composite Dishes,,123.0,481,2.8,6.5,12.0,3.0,,,,South India,Vegetarian,lunch,,100,1,Synthetic_IFCT_schema,Synthetic_Variant
SYN03145,Bajra (Pearl millet) (raw),Cereals and Millets,,334.7,1519,11.6,5.0,67.5,1.2,42,8.0,0,West India,Vegetarian,Main Course,Cooked,150,0,Synthetic_IFCT_schema,Synthetic_Variant
SYN03146,"Spinach (Palak), raw (boiled)",Vegetables,Scientific_23,,96,2.0,0.3,3.5,,99,1.8,28,Pan India,Vegetarian,breakfast,Fried,200,0,Synthetic_IFCT_schema,Synthetic_Variant
SYN03147,Jowar (Sorghum) (boiled),Cereals and Millets,Scientific_5,339.8,,10.4,1.9,72.6,1.6,25,,0,Unknown,Vegetarian,Main Course,Fried,,0,Synthetic_IFCT_schema,Synthetic_Variant
SYN03148,Pomegranate (raw),Fruits,,86.8,347,1.7,1.2,18.7,4.0,10,0.3,10,West India,Vegetarian,Beverage,Steamed,,0,Synthetic_IFCT_schema,Synthetic_Variant
SYN03149,Bamboo shoots (raw),Vegetables,,27.2,113,2.6,0.3,5.2,2.2,,,,East India,Vegetarian,Dinner,Boiled,100,0,Synthetic_IFCT_schema,Synthetic_Variant
SYN03150,"Chana dal, raw (roasted)",Pulses and Legumes,Scientific_12,389.3,1556,20.8,5.6,59.8,,56,4.9,1,North India,Vegetarian,breakfast,Cooked,100,0,Synthetic_IFCT_schema,Synthetic_Variant
SYN03151,Pomegranate (roasted),Fruits,Scientific_71,79.7,347,1.7,1.2,18.7,4.0,10,0.3,10,West India,Vegetarian,Breakfast,Fried,100,0,Synthetic_IFCT_schema,Synthetic_Variant
SYN03152,Pomegranate (roasted),Fruits,,81.9,347,1.7,1.2,18.7,4.0,10,0.3,10,West India,Vegetarian,Dessert,N/A,100,0,Synthetic_IFCT_schema,Synthetic_Variant
SYN03153,"Wheat flour, whole (steamed)",Cereals and Millets,Scientific_2,356.1,1427,11.8,1.5,69.4,1.9,41,4.9,0,North India,Vegetarian,Beverage,Cooked,150,0,Synthetic_IFCT_schema,Synthetic_Variant
SYN03154,Machher jhol (raw),Composite Dishes,,153.5,649,17.0,9.0,3.0,0.6,,,,East India,Non-Vegetarian,Dessert,Boiled,100,1,Synthetic_IFCT_schema,Synthetic_Variant
SYN03155,Litti chokha (raw),Composite Dishes,,336.3,1340,9.0,10.0,50.0,3.5,,,,East India,Vegetarian,Beverage,Fried,100,1,Synthetic_IFCT_schema,Synthetic_Variant
SYN03156,"Onion, raw (fried)",Vegetables,,37.2,167,1.1,0.1,9.3,1.7,23,0.4,7,Pan India,Vegetarian,lunch,Cooked,200,0,Synthetic_IFCT_schema,Synthetic_Variant
SYN03157,Bitter gourd (Karela) (raw),Vegetables,Scientific_27,17.5,,1.0,0.2,3.4,2.8,20,0.6,84,Pan India,Vegetarian,snack,,,0,Synthetic_IFCT_schema,Synthetic_Variant
SYN03158,"Chana dal, raw (steamed)",Pulses and Legumes,Scientific_12,386.3,1556,20.8,5.6,59.8,,56,4.9,1,North India,Vegetarian,breakfast,Cooked,100,0,Synthetic_IFCT_schema,Synthetic_Variant
SYN03159,"Wheat flour, refined (roasted)",Cereals and Millets,Scientific_3,337.8,1456,10.3,0.9,73.9,0.3,23,2.7,0,North India,Vegetarian,snack,,,0,Synthetic_IFCT_schema,Synthetic_Variant
SYN03160,Puttu (fried),Composite Dishes,,183.2,733,3.5,1.2,38.0,1.5,,,,South India,Vegetarian,Main Course,,100,1,Synthetic_IFCT_schema,Synthetic_Variant
SYN03161,"Masoor dal, raw (fried)",Pulses and Legumes,,349.4,1435,25.1,0.9,59.0,3.5,68,7.6,1,Southern,Vegetarian,lunch,Grilled,100,0,Synthetic_IFCT_schema,Synthetic_Variant
SYN03162,Pomegranate (fried),Fruits,,86.1,347,1.7,1.2,18.7,4.0,10,0.3,10,West India,Vegetarian,Breakfast,N/A,,0,Synthetic_IFCT_schema,Synthetic_Variant
SYN03163,Pomegranate (fried),Fruits,,86.4,347,1.7,1.2,18.7,,10,0.3,10,Pan India,Vegetarian,Main Course,Fried,150,0,Synthetic_IFCT_schema,Synthetic_Variant
SYN03164,Pomegranate (fried),Fruits,,81.6,347,1.7,1.2,18.7,4.0,10,0.3,10,West India,Vegetarian,Main Course,,N/A,0,Synthetic_IFCT_schema,Synthetic_Variant
SYN03165,Pomegranate (steamed),Fruits,Scientific_47,79.9,,1.7,1.2,18.7,4.0,10,0.3,10,West India,Non-Veg,snack,Grilled,200,0,Synthetic_IFCT_schema,Synthetic_Variant
SYN03166,Pomegranate (boiled),Fruits,Scientific_45,81.1,347,1.7,1.2,18.7,4.0,10,0.3,,West India,Veg,breakfast,Roasted,N/A,0,Synthetic_IFCT_schema,Synthetic_Variant
SYN03167,Avial (fried),Composite Dishes,,119.3,481,2.8,6.5,12.0,3.0,,,,South India,Vegetarian,lunch,,100,1,Synthetic_IFCT_schema,Synthetic_Variant
SYN03168,Cowpea (Black-eyed pea) (steamed),Pulses and Legumes,,339.3,1351,23.4,1.8,54.5,,227,8.6,1,South India,Vegetarian,Lunch,Roasted,200,0,Synthetic_IFCT_schema,Synthetic_Variant
SYN03169,Pomegranate (roasted),Fruits,Scientific_67,79.8,347,1.7,1.2,18.7,4.0,10,0.3,10,West India,Non-Vegetarian,lunch,Roasted,200,0,Synthetic_IFCT_schema,Synthetic_Variant
SYN03170,"Mango, ripe (Alphonso) (fried)",Fruits,Scientific_31,71.5,293,0.6,0.4,17.0,1.6,10,0.3,36,West India,Vegetarian,Lunch,N/A,N/A,0,Synthetic_IFCT_schema,Synthetic_Variant
SYN03171,Okra (Bhindi) (steamed),Vegetables,Scientific_26,33.9,138,2.1,0.2,7.0,2.5,82,0.8,21,Pan India,non-vegetarian,,Fried,150,0,Synthetic_IFCT_schema,Synthetic_Variant
SYN03172,Rasam (raw),Composite Dishes,,29.1,125,1.2,0.8,4.5,,,,,South India,Vegetarian,Beverage,,100,1,Synthetic_IFCT_schema,Synthetic_Variant
SYN03173,"Tomato, raw (steamed)",Vegetables,,,75,0.9,0.2,3.9,1.2,13,,27,Pan India,Vegetarian,Dessert,Roasted,100,0,Synthetic_IFCT_schema,Synthetic_Variant
SYN03174,Pomegranate (boiled),Fruits,,85.1,347,1.7,1.2,18.7,4.0,10,0.3,10,West India,Vegetarian,Dessert,N/A,100,0,Synthetic_IFCT_schema,Synthetic_Variant
SYN03175,Pomegranate (roasted),Fruits,Scientific_67,81.4,347,1.7,1.2,18.7,4.0,10,0.3,10,West India,Non-Vegetarian,lunch,Roasted,200,0,Synthetic_IFCT_schema,Synthetic_Variant
SYN03176,Pomegranate (steamed),Fruits,,85.7,347,1.7,1.2,18.7,4.0,10,0.3,,West India,Veg,lunch,,,0,Synthetic_IFCT_schema,Synthetic_Variant
SYN03177,Pomegranate (fried),Fruits,Scientific_45,88.4,347,1.7,1.2,18.7,4.0,10,0.3,,West India,Veg,breakfast,Roasted,N/A,0,Synthetic_IFCT_schema,Synthetic_Variant
SYN03178,Dhokla (roasted),Composite Dishes,,81.9,318,3.5,1.5,12.0,0.8,,,,West India,Vegetarian,Breakfast,N/A,100,1,Synthetic_IFCT_schema,Synthetic_Variant
SYN03179,"Toor dal, raw (roasted)",Pulses and Legumes,,339.0,,22.3,1.7,57.6,4.2,73,5.6,0,Pan India,Vegetarian,Dessert,Baked,100,0,Synthetic_IFCT_schema,Synthetic_Variant
SYN03180,"Moong dal, raw (boiled)",Pulses and Legumes,,350.9,,24.0,1.3,59.9,4.1,75,6.7,7,Pan India,Vegetarian,,,,0,Synthetic_IFCT_schema,Synthetic_Variant
SYN03181,Fenugreek leaves (Methi) (steamed),Vegetables,Scientific_28,51.7,205,4.4,0.9,6.0,1.1,,1.9,52,North India,Vegetarian,Dessert,Boiled,150,0,Synthetic_IFCT_schema,Synthetic_Variant
SYN03182,Maize flour (fried),Cereals and Millets,Scientific_7,381.2,1485,8.7,3.6,70.0,2.7,9,2.3,,Pan India,Vegetarian,Main Course,N/A,N/A,0,Synthetic_IFCT_schema,Synthetic_Variant
SYN03183,Pomegranate (raw),Fruits,,86.7,347,1.7,1.2,18.7,4.0,10,0.3,,West India,Veg,lunch,,,0,Synthetic_IFCT_schema,Synthetic_Variant
SYN03184,Banana (Cavendish) (raw),Fruits,Scientific_32,87.4,372,1.1,0.3,23.0,2.6,5,0.3,8,South India,Vegetarian,Dinner,,100,0,Synthetic_IFCT_schema,Synthetic_Variant
SYN03185,Rasam (boiled),Composite Dishes,,32.0,125,1.2,0.8,4.5,,,,,South India,Vegetarian,Beverage,,100,1,Synthetic_IFCT_schema,Synthetic_Variant
SYN03186,Pomegranate (steamed),Fruits,Scientific_68,86.4,347,1.7,1.2,18.7,4.0,10,0.3,10,Northern,Veg,dinner,Steamed,N/A,0,Synthetic_IFCT_schema,Synthetic_Variant
SYN03187,Pomegranate (roasted),Fruits,,89.5,347,1.7,1.2,18.7,4.0,10,0.3,10,West India,Vegetarian,Lunch,Roasted,200,0,Synthetic_IFCT_schema,Synthetic_Variant
SYN03188,Semolina (Rava) (steamed),Cereals and Millets,,,1506,10.0,1.0,74.0,,16,4.7,0,Pan India,Veg,breakfast,Steamed,,0,Synthetic_IFCT_schema,Synthetic_Variant
SYN03189,Pomegranate (boiled),Fruits,,,347,1.7,1.2,18.7,4.0,10,0.3,,West India,Vegetarian,breakfast,Fried,,0,Synthetic_IFCT_schema,Synthetic_Variant
SYN03190,Pomegranate (raw),Fruits,,80.1,347,1.7,1.2,18.7,4.0,10,0.3,10,West India,Vegetarian,Breakfast,N/A,,0,Synthetic_IFCT_schema,Synthetic_Variant
SYN03191,Pomegranate (steamed),Fruits,,86.8,347,1.7,1.2,18.7,4.0,10,0.3,10,West India,non-vegetarian,,Roasted,100,0,Synthetic_IFCT_schema,Synthetic_Variant
SYN03192,Pomegranate (raw),Fruits,Scientific_61,82.5,347,1.7,1.2,18.7,4.0,10,0.3,,West India,Vegetarian,Dessert,,100,0,Synthetic_IFCT_schema,Synthetic_Variant
SYN03193,"Cauliflower, raw (steamed)",Vegetables,,25.4,105,1.9,0.4,4.9,2.5,22,0.4,,Western,Non-Veg,Breakfast,Steamed,200,0,Synthetic_IFCT_schema,Synthetic_Variant
SYN03194,"Cauliflower, raw (raw)",Vegetables,,23.6,105,1.9,0.4,4.9,2.5,22,0.4,,Western,Non-Veg,Breakfast,Steamed,200,0,Synthetic_IFCT_schema,Synthetic_Variant
SYN03195,Pomegranate (boiled),Fruits,Scientific_40,78.6,347,1.7,1.2,18.7,4.0,10,0.3,10,West India,Vegetarian,Any,Cooked,N/A,0,Synthetic_IFCT_schema,Synthetic_Variant
SYN03196,Rajma (Kidney beans) (boiled),Pulses and Legumes,,353.4,1448,22.9,1.5,60.6,6.4,260,7.0,4,North India,Vegetarian,Any,N/A,N/A,0,Synthetic_IFCT_schema,Synthetic_Variant
SYN03197,Methi thepla (fried),Composite Dishes,,262.9,1193,7.5,12.0,38.0,3.0,,,,West India,Vegetarian,Beverage,Boiled,100,1,Synthetic_IFCT_schema,Synthetic_Variant
SYN03198,Pomegranate (steamed),Fruits,Scientific_62,82.6,347,1.7,1.2,18.7,4.0,10,0.3,10,West India,non-vegetarian,snack,Fried,,0,Synthetic_IFCT_schema,Synthetic_Variant
SYN03199,Pomegranate (fried),Fruits,Scientific_53,84.3,347,1.7,1.2,18.7,4.0,10,0.3,10,West India,Vegetarian,Snack,Baked,100,0,Synthetic_IFCT_schema,Synthetic_Variant
SYN03200,Litti chokha (fried),Composite Dishes,,337.6,1340,9.0,10.0,50.0,3.5,,,,East India,Vegetarian,Beverage,Fried,100,1,Synthetic_IFCT_schema,Synthetic_Variant
SYN03201,Sabudana (Tapioca pearls) (steamed),Cereals and Millets,,370.2,1469,0.2,0.2,88.7,0.9,,,,West India,Vegetarian,Dinner,Steamed,100,0,Synthetic_IFCT_schema,Synthetic_Variant
SYN03202,"Toor dal, raw (boiled)",Pulses and Legumes,,310.0,,22.3,1.7,57.6,4.2,73,5.6,0,Pan India,Vegetarian,Dessert,Baked,100,0,Synthetic_IFCT_schema,Synthetic_Variant
SYN03203,"Rice, raw, milled (raw)",Cereals and Millets,,,1448,6.8,0.5,78.2,0.2,10,0.7,,Pan India,Vegetarian,Breakfast,Baked,,0,Synthetic_IFCT_schema,Synthetic_Variant
SYN03204,Fenugreek leaves (Methi) (roasted),Vegetables,Scientific_28,47.6,205,4.4,0.9,6.0,1.1,,1.9,52,North India,Vegetarian,Dessert,Boiled,150,0,Synthetic_IFCT_schema,Synthetic_Variant
SYN03205,Pomegranate (steamed),Fruits,,77.6,347,1.7,1.2,18.7,4.0,10,0.3,10,West India,Vegetarian,Beverage,Steamed,,0,Synthetic_IFCT_schema,Synthetic_Variant
SYN03206,Watermelon (steamed),Fruits,,32.2,125,0.6,0.2,7.6,0.4,7,,8,Pan India,Vegetarian,Breakfast,,200,0,Synthetic_IFCT_schema,Synthetic_Variant
SYN03207,Sabudana (Tapioca pearls) (roasted),Cereals and Millets,,327.3,1469,0.2,0.2,88.7,0.9,,,,West India,Vegetarian,Dinner,Steamed,100,0,Synthetic_IFCT_schema,Synthetic_Variant
SYN03208,Pomegranate (steamed),Fruits,,,347,1.7,1.2,18.7,4.0,10,0.3,10,North,Vegetarian,Snack,Roasted,,0,Synthetic_IFCT_schema,Synthetic_Variant
SYN03209,Pomegranate (steamed),Fruits,,78.7,347,1.7,1.2,18.7,4.0,10,,10,West India,Vegetarian,Snack,N/A,150,0,Synthetic_IFCT_schema,Synthetic_Variant
SYN03210,Pomegranate (boiled),Fruits,,80.1,347,1.7,1.2,18.7,4.0,10,0.3,10,West India,Vegetarian,Dessert,N/A,100,0,Synthetic_IFCT_schema,Synthetic_Variant
SYN03211,Pomegranate (boiled),Fruits,,83.5,347,1.7,1.2,18.7,4.0,10,0.3,10,West India,non-vegetarian,,Roasted,100,0,Synthetic_IFCT_schema,Synthetic_Variant
SYN03212,Pomegranate (fried),Fruits,,78.2,347,1.7,1.2,18.7,4.0,10,0.3,10,East,Vegetarian,snack,Grilled,100,0,Synthetic_IFCT_schema,Synthetic_Variant
SYN03213,Avial (boiled),Composite Dishes,,124.1,481,2.8,6.5,12.0,3.0,,,,South India,Vegetarian,lunch,,100,1,Synthetic_IFCT_schema,Synthetic_Variant
SYN03214,Pomegranate (roasted),Fruits,Scientific_68,82.4,347,1.7,1.2,18.7,4.0,10,0.3,10,Northern,Veg,dinner,Steamed,N/A,0,Synthetic_IFCT_schema,Synthetic_Variant
SYN03215,"Papaya, ripe (steamed)",Fruits,,40.2,180,0.5,0.1,10.8,1.7,20,0.1,62,South India,Vegetarian,snack,Fried,,0,Synthetic_IFCT_schema,Synthetic_Variant
SYN03216,Pomegranate (raw),Fruits,Scientific_45,86.0,347,1.7,1.2,18.7,4.0,10,0.3,,West India,Veg,breakfast,Roasted,N/A,0,Synthetic_IFCT_schema,Synthetic_Variant
SYN03217,Pomegranate (raw),Fruits,,81.5,347,1.7,1.2,18.7,4.0,10,0.3,10,West India,Vegetarian,Main Course,,N/A,0,Synthetic_IFCT_schema,Synthetic_Variant
SYN03218,Pomegranate (roasted),Fruits,Scientific_79,80.9,347,1.7,1.2,18.7,,,0.3,,West India,Vegetarian,lunch,Fried,200,0,Synthetic_IFCT_schema,Synthetic_Variant
SYN03219,Kabuli chana (fried),Pulses and Legumes,,353.6,,20.1,5.3,60.9,7.6,202,4.9,3,North India,Vegetarian,Breakfast,Grilled,N/A,0,Synthetic_IFCT_schema,Synthetic_Variant
SYN03220,Shrikhand (steamed),Milk and Milk Products,,219.2,921,7.0,7.0,33.0,,,,,West India,Vegetarian,Dinner,Cooked,100,0,Synthetic_IFCT_schema,Synthetic_Variant
SYN03221,Dhokla (steamed),Composite Dishes,,74.7,318,3.5,1.5,12.0,0.8,,,,West India,Vegetarian,Breakfast,N/A,100,1,Synthetic_IFCT_schema,Synthetic_Variant
SYN03222,Pomegranate (raw),Fruits,,89.2,347,1.7,1.2,18.7,4.0,10,0.3,10,West India,Vegetarian,Lunch,Roasted,200,0,Synthetic_IFCT_schema,Synthetic_Variant
SYN03223,Pomegranate (steamed),Fruits,,82.8,347,1.7,1.2,18.7,4.0,10,0.3,10,West India,Vegetarian,Snack,Grilled,150,0,Synthetic_IFCT_schema,Synthetic_Variant
SYN03224,Pomegranate (boiled),Fruits,Scientific_62,78.4,347,1.7,1.2,18.7,4.0,10,0.3,10,West India,non-vegetarian,snack,Fried,,0,Synthetic_IFCT_schema,Synthetic_Variant
SYN03225,"Moong dal, raw (boiled)",Pulses and Legumes,,359.4,,24.0,1.3,59.9,4.1,75,6.7,7,Pan India,Vegetarian,,,,0,Synthetic_IFCT_schema,Synthetic_Variant
SYN03226,Rasam (roasted),Composite Dishes,,29.5,125,1.2,0.8,4.5,,,,,South India,Vegetarian,Beverage,,100,1,Synthetic_IFCT_schema,Synthetic_Variant
SYN03227,"Onion, raw (steamed)",Vegetables,,41.8,167,1.1,0.1,9.3,1.7,23,0.4,7,Pan India,Vegetarian,lunch,Cooked,200,0,Synthetic_IFCT_schema,Synthetic_Variant
SYN03228,"Spinach (Palak), raw (boiled)",Vegetables,Scientific_23,,96,2.0,0.3,3.5,,99,1.8,28,Pan India,Vegetarian,breakfast,Fried,200,0,Synthetic_IFCT_schema,Synthetic_Variant
SYN03229,Pomegranate (roasted),Fruits,,88.6,347,1.7,1.2,18.7,4.0,10,0.3,10,West India,non-vegetarian,,Roasted,100,0,Synthetic_IFCT_schema,Synthetic_Variant
SYN03230,Bottle gourd (Lauki) (raw),Vegetables,,14.2,59,0.6,0.1,3.4,0.5,26,0.5,10,Pan India,Vegetarian,Beverage,Fried,150,0,Synthetic_IFCT_schema,Synthetic_Variant
SYN03231,Pomegranate (boiled),Fruits,Scientific_66,87.3,347,1.7,1.2,18.7,4.0,10,0.3,10,West India,Vegetarian,Dessert,Raw,200,0,Synthetic_IFCT_schema,Synthetic_Variant
SYN03232,Ragi (Finger millet) (fried),Cereals and Millets,Scientific_6,346.9,1373,7.3,1.5,66.8,3.6,344,3.9,0,South India,Vegetarian,Main Course,Boiled,N/A,0,Synthetic_IFCT_schema,Synthetic_Variant
SYN03233,Pomegranate (boiled),Fruits,,78.2,347,1.7,1.2,18.7,,10,0.3,10,Pan India,Vegetarian,Main Course,Fried,150,0,Synthetic_IFCT_schema,Synthetic_Variant
SYN03234,Pomegranate (boiled),Fruits,Scientific_80,,347,1.7,1.2,18.7,4.0,10,0.3,10,West India,Vegetarian,lunch,Cooked,200,0,Synthetic_IFCT_schema,Synthetic_Variant
SYN03235,Pomegranate (fried),Fruits,Scientific_61,82.9,347,1.7,1.2,18.7,4.0,10,0.3,,West India,Vegetarian,Dessert,,100,0,Synthetic_IFCT_schema,Synthetic_Variant
SYN03236,Watermelon (fried),Fruits,,30.3,125,0.6,0.2,7.6,0.4,7,,8,Pan India,Vegetarian,Breakfast,,200,0,Synthetic_IFCT_schema,Synthetic_Variant
SYN03237,Pomegranate (roasted),Fruits,Scientific_78,79.8,347,1.7,1.2,18.7,4.0,10,0.3,10,West India,Vegetarian,,,,0,Synthetic_IFCT_schema,Synthetic_Variant
SYN03238,Jowar (Sorghum) (steamed),Cereals and Millets,Scientific_5,339.4,,10.4,1.9,72.6,1.6,25,,0,Unknown,Vegetarian,Main Course,Fried,,0,Synthetic_IFCT_schema,Synthetic_Variant
SYN03239,Pomegranate (raw),Fruits,Scientific_61,82.8,347,1.7,1.2,18.7,4.0,10,0.3,,West India,Vegetarian,Dessert,,100,0,Synthetic_IFCT_schema,Synthetic_Variant
SYN03240,Pomegranate (raw),Fruits,,82.8,347,1.7,1.2,18.7,4.0,10,0.3,,West India,Vegetarian,Snack,Baked,200,0,Synthetic_IFCT_schema,Synthetic_Variant
SYN03241,"Wheat flour, whole (steamed)",Cereals and Millets,Scientific_2,363.8,1427,11.8,1.5,69.4,1.9,41,4.9,0,North India,Vegetarian,Beverage,Cooked,150,0,Synthetic_IFCT_schema,Synthetic_Variant
SYN03242,Khandvi (fried),Composite Dishes,,121.1,544,4.5,4.8,18.0,1.2,,,,West India,Vegetarian,breakfast,Roasted,100,1,Synthetic_IFCT_schema,Synthetic_Variant
SYN03243,Semolina (Rava) (steamed),Cereals and Millets,,,1506,10.0,1.0,74.0,,16,4.7,0,Pan India,Veg,breakfast,Steamed,,0,Synthetic_IFCT_schema,Synthetic_Variant
SYN03244,Pomegranate (raw),Fruits,,80.5,347,1.7,1.2,18.7,4.0,10,0.3,,West India,Veg,lunch,,,0,Synthetic_IFCT_schema,Synthetic_Variant
SYN03245,Dhokla (roasted),Composite Dishes,,78.0,318,3.5,1.5,12.0,0.8,,,,West India,Vegetarian,Breakfast,N/A,100,1,Synthetic_IFCT_schema,Synthetic_Variant
SYN03246,"Urad dal, raw (raw)",Pulses and Legumes,Scientific_15,,1428,25.1,1.4,59.0,1.8,154,4.5,0,South India,Vegetarian,Main Course,Grilled,N/A,0,Synthetic_IFCT_schema,Synthetic_Variant
SYN03247,Fenugreek leaves (Methi) (boiled),Vegetables,Scientific_28,48.8,205,4.4,0.9,6.0,1.1,,1.9,52,North India,Vegetarian,Dessert,Boiled,150,0,Synthetic_IFCT_schema,Synthetic_Variant
SYN03248,"Soybean, raw (fried)",Pulses and Legumes,,436.2,1808,36.5,19.9,30.2,9.3,240,,,West India,Vegetarian,Any,Boiled,150,0,Synthetic_IFCT_schema,Synthetic_Variant
SYN03249,Pomegranate (roasted),Fruits,Scientific_65,81.1,347,1.7,1.2,18.7,4.0,10,0.3,10,West India,Vegetarian,Main Course,Baked,N/A,0,Synthetic_IFCT_schema,Synthetic_Variant
SYN03250,Watermelon (boiled),Fruits,,31.2,125,0.6,0.2,7.6,0.4,7,,8,Pan India,Vegetarian,Breakfast,,200,0,Synthetic_IFCT_schema,Synthetic_Variant
SYN03251,"Potato, raw (raw)",Vegetables,Scientific_20,75.4,322,1.9,0.1,17.8,1.8,11,0.7,13,Pan India,Vegetarian,lunch,Cooked,150,0,Synthetic_IFCT_schema,Synthetic_Variant
SYN03252,Pomegranate (fried),Fruits,,81.6,347,1.7,1.2,18.7,4.0,10,0.3,10,West India,Vegetarian,Main Course,,N/A,0,Synthetic_IFCT_schema,Synthetic_Variant
SYN03253,Pomegranate (steamed),Fruits,,76.4,347,1.7,1.2,18.7,4.0,,0.3,10,West India,Vegetarian,breakfast,,,0,Synthetic_IFCT_schema,Synthetic_Variant
SYN03254,Rasam (fried),Composite Dishes,,31.2,125,1.2,0.8,4.5,,,,,South India,Vegetarian,Beverage,,100,1,Synthetic_IFCT_schema,Synthetic_Variant
SYN03255,Sabudana (Tapioca pearls) (roasted),Cereals and Millets,,374.7,1469,0.2,0.2,88.7,0.9,,,,West India,Vegetarian,Dinner,Steamed,100,0,Synthetic_IFCT_schema,Synthetic_Variant
SYN03256,Pomegranate (fried),Fruits,,80.3,347,1.7,1.2,18.7,4.0,,0.3,10,West India,Vegetarian,breakfast,,,0,Synthetic_IFCT_schema,Synthetic_Variant
SYN03257,"Soya chunks, raw (steamed)",Pulses and Legumes,,369.6,1444,52.0,0.5,33.0,13.0,,,,Pan India,Vegetarian,snack,Baked,100,0,Synthetic_IFCT_schema,Synthetic_Variant
SYN03258,Pomegranate (steamed),Fruits,Scientific_62,89.6,347,1.7,1.2,18.7,4.0,10,0.3,10,West India,non-vegetarian,snack,Fried,,0,Synthetic_IFCT_schema,Synthetic_Variant
SYN03259,Puttu (steamed),Composite Dishes,,181.5,733,3.5,1.2,38.0,1.5,,,,South India,Vegetarian,Main Course,,100,1,Synthetic_IFCT_schema,Synthetic_Variant
SYN03260,Rasam (fried),Composite Dishes,,31.3,125,1.2,0.8,4.5,,,,,South India,Vegetarian,Beverage,,100,1,Synthetic_IFCT_schema,Synthetic_Variant
SYN03261,Okra (Bhindi) (steamed),Vegetables,Scientific_26,32.4,138,2.1,0.2,7.0,2.5,82,0.8,21,Pan India,non-vegetarian,,Fried,150,0,Synthetic_IFCT_schema,Synthetic_Variant
SYN03262,"Rice, raw, milled (roasted)",Cereals and Millets,,,1448,6.8,0.5,78.2,0.2,10,0.7,,Pan India,Vegetarian,Breakfast,Baked,,0,Synthetic_IFCT_schema,Synthetic_Variant
SYN03263,Pomegranate (boiled),Fruits,,81.3,347,1.7,1.2,18.7,4.0,10,0.3,10,Unknown,Vegetarian,Beverage,Steamed,N/A,0,Synthetic_IFCT_schema,Synthetic_Variant
SYN03264,Pomegranate (fried),Fruits,,85.3,347,1.7,1.2,18.7,4.0,10,0.3,10,West India,Vegetarian,Breakfast,N/A,,0,Synthetic_IFCT_schema,Synthetic_Variant
SYN03265,"Momos, veg (steamed) (boiled)",Composite Dishes,,172.2,753,5.5,5.5,28.0,2.0,,,,East India,Vegetarian,lunch,Steamed,100,1,Synthetic_IFCT_schema,Synthetic_Variant
SYN03266,Pomegranate (roasted),Fruits,Scientific_67,86.0,347,1.7,1.2,18.7,4.0,10,0.3,10,West India,Non-Vegetarian,lunch,Roasted,200,0,Synthetic_IFCT_schema,Synthetic_Variant
SYN03267,Pomegranate (steamed),Fruits,,89.3,347,1.7,1.2,18.7,4.0,10,0.3,,West India,Veg,lunch,,,0,Synthetic_IFCT_schema,Synthetic_Variant
SYN03268,Pomegranate (steamed),Fruits,Scientific_69,77.1,347,1.7,1.2,18.7,4.0,10,0.3,,West India,Vegetarian,Dinner,Fried,150,0,Synthetic_IFCT_schema,Synthetic_Variant
SYN03269,Amla (Indian gooseberry) (steamed),Fruits,,43.7,184,0.9,0.6,10.2,4.3,50,1.2,600,Western,Vegetarian,breakfast,Roasted,150,0,Synthetic_IFCT_schema,Synthetic_Variant
SYN03270,Pomegranate (roasted),Fruits,,83.9,,1.7,1.2,18.7,4.0,10,0.3,10,West India,Vegetarian,Dessert,Baked,150,0,Synthetic_IFCT_schema,Synthetic_Variant
SYN03271,"Tofu, firm (boiled)",Pulses and Legumes,,76.7,318,8.0,4.8,1.9,0.3,,,,West India,Vegetarian,Lunch,N/A,100,0,Synthetic_IFCT_schema,Synthetic_Variant
SYN03272,Pomegranate (steamed),Fruits,Scientific_78,88.1,347,1.7,1.2,18.7,4.0,10,0.3,10,West India,Vegetarian,,,,0,Synthetic_IFCT_schema,Synthetic_Variant
SYN03273,Pomegranate (fried),Fruits,Scientific_67,79.7,347,1.7,1.2,18.7,4.0,10,0.3,10,West India,Non-Vegetarian,lunch,Roasted,200,0,Synthetic_IFCT_schema,Synthetic_Variant
SYN03274,Maize flour (raw),Cereals and Millets,Scientific_7,365.2,1485,8.7,3.6,70.0,2.7,9,2.3,,Pan India,Vegetarian,Main Course,N/A,N/A,0,Synthetic_IFCT_schema,Synthetic_Variant
SYN03275,Pomegranate (raw),Fruits,,,347,1.7,1.2,18.7,4.0,,0.3,10,West India,Vegetarian,Main Course,Steamed,200,0,Synthetic_IFCT_schema,Synthetic_Variant
SYN03276,Amla (Indian gooseberry) (raw),Fruits,,42.6,184,0.9,0.6,10.2,4.3,50,1.2,600,Western,Vegetarian,breakfast,Roasted,150,0,Synthetic_IFCT_schema,Synthetic_Variant
SYN03277,Pomegranate (roasted),Fruits,Scientific_69,85.4,347,1.7,1.2,18.7,4.0,10,0.3,,West India,Vegetarian,Dinner,Fried,150,0,Synthetic_IFCT_schema,Synthetic_Variant
SYN03278,"Soya chunks, raw (fried)",Pulses and Legumes,,361.0,1444,52.0,0.5,33.0,13.0,,,,Pan India,Vegetarian,snack,Baked,100,0,Synthetic_IFCT_schema,Synthetic_Variant
SYN03279,Pomegranate (raw),Fruits,Scientific_66,79.8,347,1.7,1.2,18.7,4.0,10,0.3,10,West India,Vegetarian,Dessert,Raw,200,0,Synthetic_IFCT_schema,Synthetic_Variant
SYN03280,"Jackfruit, raw (raw)",Fruits,,95.9,398,1.7,0.6,23.2,1.5,,,,South India,Vegetarian,Any,Baked,100,0,Synthetic_IFCT_schema,Synthetic_Variant
SYN03281,Pomegranate (fried),Fruits,,80.6,347,1.7,1.2,18.7,,10,0.3,10,Pan India,Vegetarian,Main Course,Fried,150,0,Synthetic_IFCT_schema,Synthetic_Variant
SYN03282,"Cauliflower, raw (raw)",Vegetables,,24.9,105,1.9,0.4,4.9,2.5,22,0.4,,Western,Non-Veg,Breakfast,Steamed,200,0,Synthetic_IFCT_schema,Synthetic_Variant
SYN03283,Pomegranate (roasted),Fruits,Scientific_61,85.1,347,1.7,1.2,18.7,4.0,10,0.3,,West India,Vegetarian,Dessert,,100,0,Synthetic_IFCT_schema,Synthetic_Variant
SYN03284,Rasam (boiled),Composite Dishes,,31.3,125,1.2,0.8,4.5,,,,,South India,Vegetarian,Beverage,,100,1,Synthetic_IFCT_schema,Synthetic_Variant
SYN03285,Machher jhol (raw),Composite Dishes,,146.8,649,17.0,9.0,3.0,0.6,,,,East India,Non-Vegetarian,Dessert,Boiled,100,1,Synthetic_IFCT_schema,Synthetic_Variant
SYN03286,Pomegranate (roasted),Fruits,,85.3,347,1.7,1.2,18.7,4.0,10,0.3,10,West India,Vegetarian,Snack,Grilled,150,0,Synthetic_IFCT_schema,Synthetic_Variant
SYN03287,Pomegranate (boiled),Fruits,,87.7,347,1.7,1.2,18.7,4.0,10,0.3,10,West India,Vegetarian,Breakfast,N/A,,0,Synthetic_IFCT_schema,Synthetic_Variant
SYN03288,Pomegranate (boiled),Fruits,,79.2,347,1.7,1.2,18.7,,10,0.3,10,Pan India,Vegetarian,Main Course,Fried,150,0,Synthetic_IFCT_schema,Synthetic_Variant
SYN03289,"Urad dal, raw (fried)",Pulses and Legumes,Scientific_15,,1428,25.1,1.4,59.0,1.8,154,4.5,0,South India,Vegetarian,Main Course,Grilled,N/A,0,Synthetic_IFCT_schema,Synthetic_Variant
SYN03290,"Urad dal, raw (fried)",Pulses and Legumes,Scientific_15,,1428,25.1,1.4,59.0,1.8,154,4.5,0,South India,Vegetarian,Main Course,Grilled,N/A,0,Synthetic_IFCT_schema,Synthetic_Variant
SYN03291,Pomegranate (steamed),Fruits,Scientific_71,84.6,347,1.7,1.2,18.7,4.0,10,0.3,10,West India,Vegetarian,Breakfast,Fried,100,0,Synthetic_IFCT_schema,Synthetic_Variant
SYN03292,"Soybean, raw (raw)",Pulses and Legumes,,423.6,1808,36.5,19.9,30.2,9.3,240,,,West India,Vegetarian,Any,Boiled,150,0,Synthetic_IFCT_schema,Synthetic_Variant
SYN03293,"Rice, cooked (raw)",Cereals and Millets,,122.6,544,2.7,0.3,28.2,,3,0.2,0,Pan India,non-vegetarian,Snack,Baked,100,0,Synthetic_IFCT_schema,Synthetic_Variant
SYN03294,Pomegranate (roasted),Fruits,,82.6,347,1.7,1.2,18.7,4.0,10,,10,West India,Vegetarian,Snack,N/A,150,0,Synthetic_IFCT_schema,Synthetic_Variant
SYN03295,Pomegranate (raw),Fruits,Scientific_61,89.0,347,1.7,1.2,18.7,4.0,10,0.3,,West India,Vegetarian,Dessert,,100,0,Synthetic_IFCT_schema,Synthetic_Variant
SYN03296,Pomegranate (boiled),Fruits,,,347,1.7,1.2,18.7,4.0,10,0.3,10,North,Vegetarian,Snack,Roasted,,0,Synthetic_IFCT_schema,Synthetic_Variant
SYN03297,Bajra (Pearl millet) (roasted),Cereals and Millets,,365.8,1519,11.6,5.0,67.5,1.2,42,8.0,0,West India,Vegetarian,Main Course,Cooked,150,0,Synthetic_IFCT_schema,Synthetic_Variant
SYN03298,Pomegranate (fried),Fruits,,80.7,347,1.7,1.2,18.7,,10,0.3,10,West India,Vegetarian,Dinner,Baked,100,0,Synthetic_IFCT_schema,Synthetic_Variant
SYN03299,Pomegranate (boiled),Fruits,,81.0,347,1.7,1.2,18.7,4.0,10,0.3,,West India,Veg,lunch,,,0,Synthetic_IFCT_schema,Synthetic_Variant
SYN03300,Maize flour (steamed),Cereals and Millets,Scientific_7,340.8,1485,8.7,3.6,70.0,2.7,9,2.3,,Pan India,Vegetarian,Main Course,N/A,N/A,0,Synthetic_IFCT_schema,Synthetic_Variant
SYN03301,Dhokla (boiled),Composite Dishes,,78.9,318,3.5,1.5,12.0,0.8,,,,West India,Vegetarian,Breakfast,N/A,100,1,Synthetic_IFCT_schema,Synthetic_Variant
SYN03302,Pomegranate (steamed),Fruits,,86.1,,1.7,1.2,18.7,4.0,10,0.3,10,West India,Vegetarian,Dessert,Baked,150,0,Synthetic_IFCT_schema,Synthetic_Variant
SYN03303,"Momos, veg (steamed) (raw)",Composite Dishes,,184.4,753,5.5,5.5,28.0,2.0,,,,East India,Vegetarian,lunch,Steamed,100,1,Synthetic_IFCT_schema,Synthetic_Variant
SYN03304,Dhokla (boiled),Composite Dishes,,71.6,318,3.5,1.5,12.0,0.8,,,,West India,Vegetarian,Breakfast,N/A,100,1,Synthetic_IFCT_schema,Synthetic_Variant
SYN03305,"Soya chunks, raw (fried)",Pulses and Legumes,,364.6,1444,52.0,0.5,33.0,13.0,,,,Pan India,Vegetarian,snack,Baked,100,0,Synthetic_IFCT_schema,Synthetic_Variant
SYN03306,Machher jhol (fried),Composite Dishes,,157.3,649,17.0,9.0,3.0,0.6,,,,East India,Non-Vegetarian,Dessert,Boiled,100,1,Synthetic_IFCT_schema,Synthetic_Variant
SYN03307,Pomegranate (roasted),Fruits,,80.6,347,1.7,1.2,18.7,4.0,10,0.3,10,West India,Vegetarian,Dessert,Steamed,150,0,Synthetic_IFCT_schema,Synthetic_Variant
SYN03308,Pomegranate (roasted),Fruits,,81.2,347,1.7,1.2,18.7,4.0,,0.3,10,West India,Vegetarian,Main Course,Grilled,,0,Synthetic_IFCT_schema,Synthetic_Variant
SYN03309,Jowar (Sorghum) (boiled),Cereals and Millets,Scientific_5,325.7,,10.4,1.9,72.6,1.6,25,,0,Unknown,Vegetarian,Main Course,Fried,,0,Synthetic_IFCT_schema,Synthetic_Variant
SYN03310,Bamboo shoots (roasted),Vegetables,,25.1,113,2.6,0.3,5.2,2.2,,,,East India,Vegetarian,Dinner,Boiled,100,0,Synthetic_IFCT_schema,Synthetic_Variant
SYN03311,Ragi (Finger millet) (boiled),Cereals and Millets,Scientific_6,343.2,1373,7.3,1.5,66.8,3.6,344,3.9,0,South India,Vegetarian,Main Course,Boiled,N/A,0,Synthetic_IFCT_schema,Synthetic_Variant
SYN03312,"Rice, cooked (raw)",Cereals and Millets,,135.6,544,2.7,0.3,28.2,,3,0.2,0,Pan India,non-vegetarian,Snack,Baked,100,0,Synthetic_IFCT_schema,Synthetic_Variant
SYN03313,Pomegranate (roasted),Fruits,Scientific_40,85.2,347,1.7,1.2,18.7,4.0,10,0.3,10,West India,Vegetarian,Any,Cooked,N/A,0,Synthetic_IFCT_schema,Synthetic_Variant
SYN03314,Pomegranate (roasted),Fruits,Scientific_70,,347,1.7,1.2,18.7,,10,0.3,10,West India,Veg,Main Course,Baked,200,0,Synthetic_IFCT_schema,Synthetic_Variant
SYN03315,"Coconut, fresh (fried)",Nuts and Oilseeds,Scientific_30,381.9,1482,3.3,33.5,15.2,9.0,14,1.9,3,South India,Vegetarian,Lunch,,200,0,Synthetic_IFCT_schema,Synthetic_Variant
SYN03316,Pomegranate (roasted),Fruits,,82.2,347,1.7,1.2,18.7,4.0,,0.3,10,West India,Vegetarian,Main Course,Grilled,,0,Synthetic_IFCT_schema,Synthetic_Variant
SYN03317,"Rice, cooked (boiled)",Cereals and Millets,,135.6,544,2.7,0.3,28.2,,3,0.2,0,Pan India,non-vegetarian,Snack,Baked,100,0,Synthetic_IFCT_schema,Synthetic_Variant
SYN03318,Pomegranate (fried),Fruits,,80.2,347,1.7,1.2,18.7,4.0,10,0.3,10,West India,Vegetarian,Main Course,Fried,,0,Synthetic_IFCT_schema,Synthetic_Variant
SYN03319,"Mango, ripe (Alphonso) (steamed)",Fruits,Scientific_31,68.0,293,0.6,0.4,17.0,1.6,10,0.3,36,West India,Vegetarian,Lunch,N/A,N/A,0,Synthetic_IFCT_schema,Synthetic_Variant
SYN03320,Banana (Cavendish) (roasted),Fruits,Scientific_32,94.0,372,1.1,0.3,23.0,2.6,5,0.3,8,South India,Vegetarian,Dinner,,100,0,Synthetic_IFCT_schema,Synthetic_Variant
SYN03321,Avial (steamed),Composite Dishes,,107.1,481,2.8,6.5,12.0,3.0,,,,South India,Vegetarian,lunch,,100,1,Synthetic_IFCT_schema,Synthetic_Variant
SYN03322,Pomegranate (fried),Fruits,Scientific_68,87.2,347,1.7,1.2,18.7,4.0,10,0.3,10,Northern,Veg,dinner,Steamed,N/A,0,Synthetic_IFCT_schema,Synthetic_Variant
SYN03323,"Potato, raw (roasted)",Vegetables,Scientific_20,76.1,322,1.9,0.1,17.8,1.8,11,0.7,13,Pan India,Vegetarian,lunch,Cooked,150,0,Synthetic_IFCT_schema,Synthetic_Variant
SYN03324,Pomegranate (fried),Fruits,,81.5,347,1.7,1.2,18.7,4.0,10,0.3,10,West India,Vegetarian,Snack,Boiled,N/A,0,Synthetic_IFCT_schema,Synthetic_Variant
SYN03325,Pomegranate (raw),Fruits,,89.4,347,1.7,1.2,18.7,4.0,10,0.3,10,West India,Vegetarian,breakfast,,100,0,Synthetic_IFCT_schema,Synthetic_Variant
SYN03326,Khandvi (raw),Composite Dishes,,138.1,544,4.5,4.8,18.0,1.2,,,,West India,Vegetarian,breakfast,Roasted,100,1,Synthetic_IFCT_schema,Synthetic_Variant
SYN03327,Pomegranate (boiled),Fruits,,,347,1.7,1.2,18.7,4.0,10,0.3,,West India,Vegetarian,breakfast,Fried,,0,Synthetic_IFCT_schema,Synthetic_Variant
SYN03328,Pomegranate (raw),Fruits,Scientific_65,79.5,347,1.7,1.2,18.7,4.0,10,0.3,10,West India,Vegetarian,Main Course,Baked,N/A,0,Synthetic_IFCT_schema,Synthetic_Variant
SYN03329,Oats (fried),Cereals and Millets,,377.2,1628,16.9,6.9,66.3,,54,4.7,0,North India,Vegetarian,Breakfast,Cooked,100,0,Synthetic_IFCT_schema,Synthetic_Variant
SYN03330,Puttu (steamed),Composite Dishes,,177.0,733,3.5,1.2,38.0,1.5,,,,South India,Vegetarian,Main Course,,100,1,Synthetic_IFCT_schema,Synthetic_Variant
SYN03331,Pomegranate (fried),Fruits,,83.8,347,1.7,1.2,18.7,4.0,10,0.3,10,West India,Vegetarian,Breakfast,N/A,,0,Synthetic_IFCT_schema,Synthetic_Variant
SYN03332,"Soya chunks, raw (roasted)",Pulses and Legumes,,338.6,1444,52.0,0.5,33.0,13.0,,,,Pan India,Vegetarian,snack,Baked,100,0,Synthetic_IFCT_schema,Synthetic_Variant
SYN03333,Kabuli chana (steamed),Pulses and Legumes,,344.3,,20.1,5.3,60.9,7.6,202,4.9,3,North India,Vegetarian,Breakfast,Grilled,N/A,0,Synthetic_IFCT_schema,Synthetic_Variant
SYN03334,Banana (Cavendish) (raw),Fruits,Scientific_32,94.1,372,1.1,0.3,23.0,2.6,5,0.3,8,South India,Vegetarian,Dinner,,100,0,Synthetic_IFCT_schema,Synthetic_Variant
SYN03335,Pomegranate (raw),Fruits,,87.1,347,1.7,1.2,18.7,4.0,10,0.3,10,West India,Vegetarian,Snack,Boiled,N/A,0,Synthetic_IFCT_schema,Synthetic_Variant
SYN03336,Amla (Indian gooseberry) (roasted),Fruits,,41.8,184,0.9,0.6,10.2,4.3,50,1.2,600,Western,Vegetarian,breakfast,Roasted,150,0,Synthetic_IFCT_schema,Synthetic_Variant
SYN03337,"Momos, veg (steamed) (fried)",Composite Dishes,,189.4,753,5.5,5.5,28.0,2.0,,,,East India,Vegetarian,lunch,Steamed,100,1,Synthetic_IFCT_schema,Synthetic_Variant
SYN03338,"Cauliflower, raw (fried)",Vegetables,,24.2,105,1.9,0.4,4.9,2.5,22,0.4,,Western,Non-Veg,Breakfast,Steamed,200,0,Synthetic_IFCT_schema,Synthetic_Variant
SYN03339,Semolina (Rava) (boiled),Cereals and Millets,,,1506,10.0,1.0,74.0,,16,4.7,0,Pan India,Veg,breakfast,Steamed,,0,Synthetic_IFCT_schema,Synthetic_Variant
SYN03340,Bamboo shoots (steamed),Vegetables,,25.8,113,2.6,0.3,5.2,2.2,,,,East India,Vegetarian,Dinner,Boiled,100,0,Synthetic_IFCT_schema,Synthetic_Variant
SYN03341,Pomegranate (steamed),Fruits,,,347,1.7,1.2,18.7,4.0,10,0.3,,West India,Vegetarian,breakfast,Fried,,0,Synthetic_IFCT_schema,Synthetic_Variant
SYN03342,Brinjal (Eggplant) (fried),Vegetables,,25.6,105,1.4,0.3,5.5,3.4,18,0.3,2,Pan India,Vegetarian,lunch,Steamed,100,0,Synthetic_IFCT_schema,Synthetic_Variant
SYN03343,Pomegranate (raw),Fruits,,88.1,347,1.7,1.2,18.7,4.0,10,0.3,10,West India,Vegetarian,Dessert,Steamed,150,0,Synthetic_IFCT_schema,Synthetic_Variant
SYN03344,Pomegranate (roasted),Fruits,Scientific_67,78.4,347,1.7,1.2,18.7,4.0,10,0.3,10,West India,Non-Vegetarian,lunch,Roasted,200,0,Synthetic_IFCT_schema,Synthetic_Variant
SYN03345,"Cauliflower, raw (raw)",Vegetables,,24.8,105,1.9,0.4,4.9,2.5,22,0.4,,Western,Non-Veg,Breakfast,Steamed,200,0,Synthetic_IFCT_schema,Synthetic_Variant
SYN03346,Pomegranate (boiled),Fruits,,,347,1.7,1.2,18.7,4.0,,0.3,10,West India,Vegetarian,Main Course,Steamed,200,0,Synthetic_IFCT_schema,Synthetic_Variant
SYN03347,Jowar (Sorghum) (fried),Cereals and Millets,Scientific_5,349.4,,10.4,1.9,72.6,1.6,25,,0,Unknown,Vegetarian,Main Course,Fried,,0,Synthetic_IFCT_schema,Synthetic_Variant
SYN03348,Shrikhand (fried),Milk and Milk Products,,209.7,921,7.0,7.0,33.0,,,,,West India,Vegetarian,Dinner,Cooked,100,0,Synthetic_IFCT_schema,Synthetic_Variant
SYN03349,Avial (roasted),Composite Dishes,,119.8,481,2.8,6.5,12.0,3.0,,,,South India,Vegetarian,lunch,,100,1,Synthetic_IFCT_schema,Synthetic_Variant
SYN03350,"Masoor dal, raw (roasted)",Pulses and Legumes,,358.9,1435,25.1,0.9,59.0,3.5,68,7.6,1,Southern,Vegetarian,lunch,Grilled,100,0,Synthetic_IFCT_schema,Synthetic_Variant
SYN03351,Pomegranate (boiled),Fruits,,84.1,347,1.7,1.2,18.7,4.0,10,0.3,10,West India,Vegetarian,Lunch,Roasted,200,0,Synthetic_IFCT_schema,Synthetic_Variant
SYN03352,Pomegranate (fried),Fruits,,79.0,347,1.7,1.2,18.7,4.0,10,0.3,10,West India,Vegetarian,Lunch,Roasted,200,0,Synthetic_IFCT_schema,Synthetic_Variant
SYN03353,Pomegranate (steamed),Fruits,,77.6,347,1.7,1.2,18.7,4.0,10,0.3,10,West India,Vegetarian,Dessert,Steamed,150,0,Synthetic_IFCT_schema,Synthetic_Variant
SYN03354,Pomegranate (roasted),Fruits,Scientific_45,85.7,347,1.7,1.2,18.7,4.0,10,0.3,,West India,Veg,breakfast,Roasted,N/A,0,Synthetic_IFCT_schema,Synthetic_Variant
SYN03355,Pomegranate (steamed),Fruits,,82.7,347,1.7,1.2,18.7,4.0,10,0.3,10,West India,Vegetarian,breakfast,,100,0,Synthetic_IFCT_schema,Synthetic_Variant
SYN03356,"Papaya, ripe (boiled)",Fruits,,42.7,180,0.5,0.1,10.8,1.7,20,0.1,62,South India,Vegetarian,snack,Fried,,0,Synthetic_IFCT_schema,Synthetic_Variant
SYN03357,Pomegranate (steamed),Fruits,,83.4,347,1.7,1.2,18.7,4.0,10,0.3,10,West India,Vegetarian,Main Course,Fried,,0,Synthetic_IFCT_schema,Synthetic_Variant
SYN03358,Pomegranate (boiled),Fruits,Scientific_53,85.9,347,1.7,1.2,18.7,4.0,10,0.3,10,West India,Vegetarian,Snack,Baked,100,0,Synthetic_IFCT_schema,Synthetic_Variant
SYN03359,"Jackfruit, raw (steamed)",Fruits,,99.0,398,1.7,0.6,23.2,1.5,,,,South India,Vegetarian,Any,Baked,100,0,Synthetic_IFCT_schema,Synthetic_Variant
SYN03360,"Jackfruit, raw (raw)",Fruits,,99.0,398,1.7,0.6,23.2,1.5,,,,South India,Vegetarian,Any,Baked,100,0,Synthetic_IFCT_schema,Synthetic_Variant
SYN03361,Kabuli chana (fried),Pulses and Legumes,,380.1,,20.1,5.3,60.9,7.6,202,4.9,3,North India,Vegetarian,Breakfast,Grilled,N/A,0,Synthetic_IFCT_schema,Synthetic_Variant
SYN03362,Okra (Bhindi) (steamed),Vegetables,Scientific_26,32.6,138,2.1,0.2,7.0,2.5,82,0.8,21,Pan India,non-vegetarian,,Fried,150,0,Synthetic_IFCT_schema,Synthetic_Variant
SYN03363,"Rice, cooked (boiled)",Cereals and Millets,,133.0,544,2.7,0.3,28.2,,3,0.2,0,Pan India,non-vegetarian,Snack,Baked,100,0,Synthetic_IFCT_schema,Synthetic_Variant
SYN03364,Pomegranate (boiled),Fruits,Scientific_40,88.6,347,1.7,1.2,18.7,4.0,10,0.3,10,West India,Vegetarian,Any,Cooked,N/A,0,Synthetic_IFCT_schema,Synthetic_Variant
SYN03365,Machher jhol (fried),Composite Dishes,,156.3,649,17.0,9.0,3.0,0.6,,,,East India,Non-Vegetarian,Dessert,Boiled,100,1,Synthetic_IFCT_schema,Synthetic_Variant
SYN03366,Semolina (Rava) (boiled),Cereals and Millets,,,1506,10.0,1.0,74.0,,16,4.7,0,Pan India,Veg,breakfast,Steamed,,0,Synthetic_IFCT_schema,Synthetic_Variant
SYN03367,Rajma (Kidney beans) (boiled),Pulses and Legumes,,341.1,1448,22.9,1.5,60.6,6.4,260,7.0,4,North India,Vegetarian,Any,N/A,N/A,0,Synthetic_IFCT_schema,Synthetic_Variant
SYN03368,Pomegranate (boiled),Fruits,,87.6,347,1.7,1.2,18.7,4.0,10,0.3,10,West India,Vegetarian,Dessert,N/A,100,0,Synthetic_IFCT_schema,Synthetic_Variant
SYN03369,Pomegranate (roasted),Fruits,,77.1,347,1.7,1.2,18.7,4.0,10,0.3,10,West India,Vegetarian,Snack,Boiled,N/A,0,Synthetic_IFCT_schema,Synthetic_Variant
SYN03370,"Spinach (Palak), raw (steamed)",Vegetables,Scientific_23,,96,2.0,0.3,3.5,,99,1.8,28,Pan India,Vegetarian,breakfast,Fried,200,0,Synthetic_IFCT_schema,Synthetic_Variant
SYN03371,Pomegranate (steamed),Fruits,,76.5,347,1.7,1.2,18.7,4.0,,0.3,10,West India,Vegetarian,Main Course,Grilled,,0,Synthetic_IFCT_schema,Synthetic_Variant
SYN03372,Pomegranate (boiled),Fruits,,85.7,347,1.7,1.2,18.7,4.0,10,0.3,10,West India,Vegetarian,Lunch,Roasted,200,0,Synthetic_IFCT_schema,Synthetic_Variant
SYN03373,Pomegranate (boiled),Fruits,,81.7,347,1.7,1.2,18.7,4.0,10,0.3,10,West India,Vegetarian,,Raw,N/A,0,Synthetic_IFCT_schema,Synthetic_Variant
SYN03374,Pomegranate (roasted),Fruits,,86.9,347,1.7,1.2,18.7,4.0,10,0.3,10,West India,non-vegetarian,,Roasted,100,0,Synthetic_IFCT_schema,Synthetic_Variant
SYN03375,"Chana dal, raw (steamed)",Pulses and Legumes,Scientific_12,365.0,1556,20.8,5.6,59.8,,56,4.9,1,North India,Vegetarian,breakfast,Cooked,100,0,Synthetic_IFCT_schema,Synthetic_Variant
SYN03376,Rajma (Kidney beans) (fried),Pulses and Legumes,,334.9,1448,22.9,1.5,60.6,6.4,260,7.0,4,North India,Vegetarian,Any,N/A,N/A,0,Synthetic_IFCT_schema,Synthetic_Variant
SYN03377,Fenugreek leaves (Methi) (raw),Vegetables,Scientific_28,48.6,205,4.4,0.9,6.0,1.1,,1.9,52,North India,Vegetarian,Dessert,Boiled,150,0,Synthetic_IFCT_schema,Synthetic_Variant
SYN03378,Pomegranate (roasted),Fruits,,88.3,347,1.7,1.2,18.7,,10,0.3,10,West India,Vegetarian,Dinner,Baked,100,0,Synthetic_IFCT_schema,Synthetic_Variant
SYN03379,Pomegranate (roasted),Fruits,,82.7,,1.7,1.2,18.7,4.0,10,0.3,10,West India,Vegetarian,Dessert,Baked,150,0,Synthetic_IFCT_schema,Synthetic_Variant
SYN03380,"Tomato, raw (boiled)",Vegetables,,,75,0.9,0.2,3.9,1.2,13,,27,Pan India,Vegetarian,Dessert,Roasted,100,0,Synthetic_IFCT_schema,Synthetic_Variant
SYN03381,Pomegranate (boiled),Fruits,Scientific_80,,347,1.7,1.2,18.7,4.0,10,0.3,10,West India,Vegetarian,lunch,Cooked,200,0,Synthetic_IFCT_schema,Synthetic_Variant
SYN03382,Fenugreek leaves (Methi) (boiled),Vegetables,Scientific_28,45.6,205,4.4,0.9,6.0,1.1,,1.9,52,North India,Vegetarian,Dessert,Boiled,150,0,Synthetic_IFCT_schema,Synthetic_Variant
SYN03383,Pomegranate (fried),Fruits,Scientific_47,86.1,,1.7,1.2,18.7,4.0,10,0.3,10,West India,Non-Veg,snack,Grilled,200,0,Synthetic_IFCT_schema,Synthetic_Variant
SYN03384,Pomegranate (raw),Fruits,,89.2,347,1.7,1.2,18.7,4.0,10,0.3,10,West India,Vegetarian,Snack,Grilled,150,0,Synthetic_IFCT_schema,Synthetic_Variant
SYN03385,Pomegranate (boiled),Fruits,,86.4,347,1.7,1.2,18.7,4.0,10,0.3,10,West India,Vegetarian,Snack,Grilled,150,0,Synthetic_IFCT_schema,Synthetic_Variant
SYN03386,Pomegranate (steamed),Fruits,Scientific_59,86.8,347,1.7,1.2,18.7,4.0,10,0.3,10,West India,Vegetarian,Dessert,Steamed,150,0,Synthetic_IFCT_schema,Synthetic_Variant
SYN03387,Litti chokha (roasted),Composite Dishes,,340.5,1340,9.0,10.0,50.0,3.5,,,,East India,Vegetarian,Beverage,Fried,100,1,Synthetic_IFCT_schema,Synthetic_Variant
SYN03388,Amla (Indian gooseberry) (fried),Fruits,,42.0,184,0.9,0.6,10.2,4.3,50,1.2,600,Western,Vegetarian,breakfast,Roasted,150,0,Synthetic_IFCT_schema,Synthetic_Variant
SYN03389,Pomegranate (fried),Fruits,Scientific_63,82.5,347,1.7,1.2,18.7,4.0,10,0.3,10,West India,Vegetarian,Any,Baked,N/A,0,Synthetic_IFCT_schema,Synthetic_Variant
SYN03390,Bitter gourd (Karela) (boiled),Vegetables,Scientific_27,17.7,,1.0,0.2,3.4,2.8,20,0.6,84,Pan India,Vegetarian,snack,,,0,Synthetic_IFCT_schema,Synthetic_Variant
SYN03391,Bamboo shoots (fried),Vegetables,,25.1,113,2.6,0.3,5.2,2.2,,,,East India,Vegetarian,Dinner,Boiled,100,0,Synthetic_IFCT_schema,Synthetic_Variant
SYN03392,"Chana dal, raw (raw)",Pulses and Legumes,Scientific_12,372.9,1556,20.8,5.6,59.8,,56,4.9,1,North India,Vegetarian,breakfast,Cooked,100,0,Synthetic_IFCT_schema,Synthetic_Variant
SYN03393,Avial (fried),Composite Dishes,,120.0,481,2.8,6.5,12.0,3.0,,,,South India,Vegetarian,lunch,,100,1,Synthetic_IFCT_schema,Synthetic_Variant
SYN03394,Pomegranate (raw),Fruits,,79.3,347,1.7,1.2,18.7,4.0,10,0.3,10,East,Vegetarian,snack,Grilled,100,0,Synthetic_IFCT_schema,Synthetic_Variant
SYN03395,Pomegranate (boiled),Fruits,,,347,1.7,1.2,18.7,4.0,10,0.3,10,North,Vegetarian,Snack,Roasted,,0,Synthetic_IFCT_schema,Synthetic_Variant
SYN03396,Pomegranate (steamed),Fruits,,82.2,347,1.7,1.2,18.7,4.0,10,0.3,10,West India,Vegetarian,Lunch,Steamed,100,0,Synthetic_IFCT_schema,Synthetic_Variant
SYN03397,Dhokla (roasted),Composite Dishes,,80.9,318,3.5,1.5,12.0,0.8,,,,West India,Vegetarian,Breakfast,N/A,100,1,Synthetic_IFCT_schema,Synthetic_Variant
SYN03398,Pomegranate (boiled),Fruits,,87.0,347,1.7,1.2,18.7,4.0,10,0.3,10,West India,Vegetarian,Beverage,Steamed,,0,Synthetic_IFCT_schema,Synthetic_Variant
SYN03399,Khandvi (raw),Composite Dishes,,119.8,544,4.5,4.8,18.0,1.2,,,,West India,Vegetarian,breakfast,Roasted,100,1,Synthetic_IFCT_schema,Synthetic_Variant
SYN03400,Machher jhol (roasted),Composite Dishes,,158.9,649,17.0,9.0,3.0,0.6,,,,East India,Non-Vegetarian,Dessert,Boiled,100,1,Synthetic_IFCT_schema,Synthetic_Variant
SYN03401,Bajra (Pearl millet) (boiled),Cereals and Millets,,357.3,1519,11.6,5.0,67.5,1.2,42,8.0,0,West India,Vegetarian,Main Course,Cooked,150,0,Synthetic_IFCT_schema,Synthetic_Variant
SYN03402,Maize flour (raw),Cereals and Millets,Scientific_7,350.6,1485,8.7,3.6,70.0,2.7,9,2.3,,Pan India,Vegetarian,Main Course,N/A,N/A,0,Synthetic_IFCT_schema,Synthetic_Variant
SYN03403,Maize flour (roasted),Cereals and Millets,Scientific_7,362.1,1485,8.7,3.6,70.0,2.7,9,2.3,,Pan India,Vegetarian,Main Course,N/A,N/A,0,Synthetic_IFCT_schema,Synthetic_Variant
SYN03404,Pomegranate (steamed),Fruits,Scientific_63,88.6,347,1.7,1.2,18.7,4.0,10,0.3,10,West India,Vegetarian,Any,Baked,N/A,0,Synthetic_IFCT_schema,Synthetic_Variant
SYN03405,Pomegranate (raw),Fruits,,85.6,347,1.7,1.2,18.7,4.0,10,0.3,10,West India,non-vegetarian,,Roasted,100,0,Synthetic_IFCT_schema,Synthetic_Variant
SYN03406,"Tomato, raw (roasted)",Vegetables,,,75,0.9,0.2,3.9,1.2,13,,27,Pan India,Vegetarian,Dessert,Roasted,100,0,Synthetic_IFCT_schema,Synthetic_Variant
SYN03407,Pomegranate (boiled),Fruits,,,347,1.7,1.2,18.7,4.0,10,0.3,,West India,Vegetarian,breakfast,Fried,,0,Synthetic_IFCT_schema,Synthetic_Variant
SYN03408,"Masoor dal, raw (steamed)",Pulses and Legumes,,367.0,1435,25.1,0.9,59.0,3.5,68,7.6,1,Southern,Vegetarian,lunch,Grilled,100,0,Synthetic_IFCT_schema,Synthetic_Variant
SYN03409,"Toor dal, raw (raw)",Pulses and Legumes,,321.0,,22.3,1.7,57.6,4.2,73,5.6,0,Pan India,Vegetarian,Dessert,Baked,100,0,Synthetic_IFCT_schema,Synthetic_Variant
SYN03410,Ragi (Finger millet) (fried),Cereals and Millets,Scientific_6,319.6,1373,7.3,1.5,66.8,3.6,344,3.9,0,South India,Vegetarian,Main Course,Boiled,N/A,0,Synthetic_IFCT_schema,Synthetic_Variant
SYN03411,Pomegranate (fried),Fruits,,88.1,347,1.7,1.2,18.7,4.0,10,0.3,10,West India,Vegetarian,Main Course,Fried,,0,Synthetic_IFCT_schema,Synthetic_Variant
SYN03412,Pomegranate (fried),Fruits,,83.1,347,1.7,1.2,18.7,4.0,10,0.3,10,West India,Vegetarian,Main Course,,N/A,0,Synthetic_IFCT_schema,Synthetic_Variant
SYN03413,"Urad dal, raw (boiled)",Pulses and Legumes,Scientific_15,,1428,25.1,1.4,59.0,1.8,154,4.5,0,South India,Vegetarian,Main Course,Grilled,N/A,0,Synthetic_IFCT_schema,Synthetic_Variant
SYN03414,Guava (raw),Fruits,,69.4,285,2.6,1.0,14.3,5.4,18,,228,Maharashtra,Vegetarian,Snack,Baked,N/A,0,Synthetic_IFCT_schema,Synthetic_Variant
SYN03415,Pomegranate (steamed),Fruits,Scientific_53,88.6,347,1.7,1.2,18.7,4.0,10,0.3,10,West India,Vegetarian,Snack,Baked,100,0,Synthetic_IFCT_schema,Synthetic_Variant
SYN03416,"Mango, ripe (Alphonso) (fried)",Fruits,Scientific_31,73.4,293,0.6,0.4,17.0,1.6,10,0.3,36,West India,Vegetarian,Lunch,N/A,N/A,0,Synthetic_IFCT_schema,Synthetic_Variant
SYN03417,Guava (fried),Fruits,,72.5,285,2.6,1.0,14.3,5.4,18,,228,Maharashtra,Vegetarian,Snack,Baked,N/A,0,Synthetic_IFCT_schema,Synthetic_Variant
SYN03418,"Rice, cooked (boiled)",Cereals and Millets,,133.8,544,2.7,0.3,28.2,,3,0.2,0,Pan India,non-vegetarian,Snack,Baked,100,0,Synthetic_IFCT_schema,Synthetic_Variant
SYN03419,Jowar (Sorghum) (steamed),Cereals and Millets,Scientific_5,350.1,,10.4,1.9,72.6,1.6,25,,0,Unknown,Vegetarian,Main Course,Fried,,0,Synthetic_IFCT_schema,Synthetic_Variant
SYN03420,"Chana dal, raw (roasted)",Pulses and Legumes,Scientific_12,395.4,1556,20.8,5.6,59.8,,56,4.9,1,North India,Vegetarian,breakfast,Cooked,100,0,Synthetic_IFCT_schema,Synthetic_Variant
SYN03421,Litti chokha (raw),Composite Dishes,,324.9,1340,9.0,10.0,50.0,3.5,,,,East India,Vegetarian,Beverage,Fried,100,1,Synthetic_IFCT_schema,Synthetic_Variant
SYN03422,Pomegranate (steamed),Fruits,,,347,1.7,1.2,18.7,4.0,10,0.3,,West India,Vegetarian,breakfast,Fried,,0,Synthetic_IFCT_schema,Synthetic_Variant
SYN03423,Oats (roasted),Cereals and Millets,,412.4,1628,16.9,6.9,66.3,,54,4.7,0,North India,Vegetarian,Breakfast,Cooked,100,0,Synthetic_IFCT_schema,Synthetic_Variant
SYN03424,Pomegranate (raw),Fruits,,87.8,347,1.7,1.2,18.7,4.0,10,0.3,10,West India,Vegetarian,Main Course,Fried,,0,Synthetic_IFCT_schema,Synthetic_Variant
SYN03425,"Tomato, raw (fried)",Vegetables,,,75,0.9,0.2,3.9,1.2,13,,27,Pan India,Vegetarian,Dessert,Roasted,100,0,Synthetic_IFCT_schema,Synthetic_Variant
SYN03426,Rasam (steamed),Composite Dishes,,28.8,125,1.2,0.8,4.5,,,,,South India,Vegetarian,Beverage,,100,1,Synthetic_IFCT_schema,Synthetic_Variant
SYN03427,Cowpea (Black-eyed pea) (fried),Pulses and Legumes,,321.4,1351,23.4,1.8,54.5,,227,8.6,1,South India,Vegetarian,Lunch,Roasted,200,0,Synthetic_IFCT_schema,Synthetic_Variant
SYN03428,Puttu (raw),Composite Dishes,,186.6,733,3.5,1.2,38.0,1.5,,,,South India,Vegetarian,Main Course,,100,1,Synthetic_IFCT_schema,Synthetic_Variant
SYN03429,Avial (boiled),Composite Dishes,,116.4,481,2.8,6.5,12.0,3.0,,,,South India,Vegetarian,lunch,,100,1,Synthetic_IFCT_schema,Synthetic_Variant
SYN03430,Pomegranate (boiled),Fruits,Scientific_50,81.3,347,1.7,1.2,18.7,4.0,10,0.3,,North India,Veg,Beverage,Steamed,100,0,Synthetic_IFCT_schema,Synthetic_Variant
SYN03431,"Coconut, fresh (steamed)",Nuts and Oilseeds,Scientific_30,369.0,1482,3.3,33.5,15.2,9.0,14,1.9,3,South India,Vegetarian,Lunch,,200,0,Synthetic_IFCT_schema,Synthetic_Variant
SYN03432,"Wheat flour, refined (raw)",Cereals and Millets,Scientific_3,340.3,1456,10.3,0.9,73.9,0.3,23,2.7,0,North India,Vegetarian,snack,,,0,Synthetic_IFCT_schema,Synthetic_Variant
SYN03433,Semolina (Rava) (boiled),Cereals and Millets,,,1506,10.0,1.0,74.0,,16,4.7,0,Pan India,Veg,breakfast,Steamed,,0,Synthetic_IFCT_schema,Synthetic_Variant
SYN03434,"Jackfruit, raw (fried)",Fruits,,100.6,398,1.7,0.6,23.2,1.5,,,,South India,Vegetarian,Any,Baked,100,0,Synthetic_IFCT_schema,Synthetic_Variant
SYN03435,Pomegranate (boiled),Fruits,,81.3,347,1.7,1.2,18.7,4.0,10,0.3,10,West India,Vegetarian,Main Course,,N/A,0,Synthetic_IFCT_schema,Synthetic_Variant
SYN03436,"Papaya, ripe (fried)",Fruits,,40.6,180,0.5,0.1,10.8,1.7,20,0.1,62,South India,Vegetarian,snack,Fried,,0,Synthetic_IFCT_schema,Synthetic_Variant
SYN03437,Pomegranate (steamed),Fruits,Scientific_66,81.6,347,1.7,1.2,18.7,4.0,10,0.3,10,West India,Vegetarian,Dessert,Raw,200,0,Synthetic_IFCT_schema,Synthetic_Variant
SYN03438,Rasam (fried),Composite Dishes,,30.0,125,1.2,0.8,4.5,,,,,South India,Vegetarian,Beverage,,100,1,Synthetic_IFCT_schema,Synthetic_Variant
SYN03439,Pomegranate (roasted),Fruits,,87.2,347,1.7,1.2,18.7,,10,0.3,10,Pan India,Vegetarian,Main Course,Fried,150,0,Synthetic_IFCT_schema,Synthetic_Variant
SYN03440,Pomegranate (fried),Fruits,Scientific_53,80.0,347,1.7,1.2,18.7,4.0,10,0.3,10,West India,Vegetarian,Snack,Baked,100,0,Synthetic_IFCT_schema,Synthetic_Variant
SYN03441,Pomegranate (raw),Fruits,,,347,1.7,1.2,18.7,4.0,10,0.3,10,North,Vegetarian,Snack,Roasted,,0,Synthetic_IFCT_schema,Synthetic_Variant
SYN03442,Pomegranate (boiled),Fruits,Scientific_71,76.4,347,1.7,1.2,18.7,4.0,10,0.3,10,West India,Vegetarian,Breakfast,Fried,100,0,Synthetic_IFCT_schema,Synthetic_Variant
SYN03443,Pomegranate (roasted),Fruits,,77.5,347,1.7,1.2,18.7,4.0,10,0.3,,West India,Vegetarian,Snack,Baked,200,0,Synthetic_IFCT_schema,Synthetic_Variant
SYN03444,"Spinach (Palak), raw (roasted)",Vegetables,Scientific_23,,96,2.0,0.3,3.5,,99,1.8,28,Pan India,Vegetarian,breakfast,Fried,200,0,Synthetic_IFCT_schema,Synthetic_Variant
SYN03445,Pomegranate (roasted),Fruits,Scientific_62,82.9,347,1.7,1.2,18.7,4.0,10,0.3,10,West India,non-vegetarian,snack,Fried,,0,Synthetic_IFCT_schema,Synthetic_Variant
SYN03446,Pomegranate (fried),Fruits,,82.0,347,1.7,1.2,18.7,,10,0.3,10,West India,Vegetarian,Dinner,Baked,100,0,Synthetic_IFCT_schema,Synthetic_Variant
SYN03447,Pomegranate (raw),Fruits,,79.5,347,1.7,1.2,18.7,4.0,10,0.3,,West India,Vegetarian,Snack,Baked,200,0,Synthetic_IFCT_schema,Synthetic_Variant
SYN03448,Pomegranate (fried),Fruits,Scientific_66,84.9,347,1.7,1.2,18.7,4.0,10,0.3,10,West India,Vegetarian,Dessert,Raw,200,0,Synthetic_IFCT_schema,Synthetic_Variant
SYN03449,"Onion, raw (raw)",Vegetables,,38.0,167,1.1,0.1,9.3,1.7,23,0.4,7,Pan India,Vegetarian,lunch,Cooked,200,0,Synthetic_IFCT_schema,Synthetic_Variant
SYN03450,Bottle gourd (Lauki) (boiled),Vegetables,,13.0,59,0.6,0.1,3.4,0.5,26,0.5,10,Pan India,Vegetarian,Beverage,Fried,150,0,Synthetic_IFCT_schema,Synthetic_Variant
SYN03451,Pomegranate (roasted),Fruits,,76.9,347,1.7,1.2,18.7,,10,0.3,10,West India,Vegetarian,Dinner,Baked,100,0,Synthetic_IFCT_schema,Synthetic_Variant
SYN03452,Bitter gourd (Karela) (steamed),Vegetables,Scientific_27,16.0,,1.0,0.2,3.4,2.8,20,0.6,84,Pan India,Vegetarian,snack,,,0,Synthetic_IFCT_schema,Synthetic_Variant
SYN03453,Pomegranate (fried),Fruits,,,347,1.7,1.2,18.7,4.0,10,0.3,,West India,Vegetarian,breakfast,Fried,,0,Synthetic_IFCT_schema,Synthetic_Variant
SYN03454,Appam (fried),Composite Dishes,,121.3,502,2.5,2.8,22.0,0.5,,,,South India,Vegetarian,Beverage,N/A,100,1,Synthetic_IFCT_schema,Synthetic_Variant
SYN03455,Semolina (Rava) (fried),Cereals and Millets,,,1506,10.0,1.0,74.0,,16,4.7,0,Pan India,Veg,breakfast,Steamed,,0,Synthetic_IFCT_schema,Synthetic_Variant
SYN03456,Pomegranate (steamed),Fruits,,88.1,347,1.7,1.2,18.7,4.0,10,0.3,10,West India,Vegetarian,Main Course,,N/A,0,Synthetic_IFCT_schema,Synthetic_Variant
SYN03457,Pomegranate (steamed),Fruits,Scientific_61,83.5,347,1.7,1.2,18.7,4.0,10,0.3,,West India,Vegetarian,Dessert,,100,0,Synthetic_IFCT_schema,Synthetic_Variant
SYN03458,Pomegranate (fried),Fruits,Scientific_71,85.9,347,1.7,1.2,18.7,4.0,10,0.3,10,West India,Vegetarian,Breakfast,Fried,100,0,Synthetic_IFCT_schema,Synthetic_Variant
SYN03459,"Spinach (Palak), raw (steamed)",Vegetables,Scientific_23,,96,2.0,0.3,3.5,,99,1.8,28,Pan India,Vegetarian,breakfast,Fried,200,0,Synthetic_IFCT_schema,Synthetic_Variant
SYN03460,"Papaya, ripe (roasted)",Fruits,,45.2,180,0.5,0.1,10.8,1.7,20,0.1,62,South India,Vegetarian,snack,Fried,,0,Synthetic_IFCT_schema,Synthetic_Variant
SYN03461,Pomegranate (steamed),Fruits,Scientific_65,89.2,347,1.7,1.2,18.7,4.0,10,0.3,10,West India,Vegetarian,Main Course,Baked,N/A,0,Synthetic_IFCT_schema,Synthetic_Variant
SYN03462,Pomegranate (raw),Fruits,Scientific_66,78.3,347,1.7,1.2,18.7,4.0,10,0.3,10,West India,Vegetarian,Dessert,Raw,200,0,Synthetic_IFCT_schema,Synthetic_Variant
SYN03463,"Mango, ripe (Alphonso) (fried)",Fruits,Scientific_31,66.8,293,0.6,0.4,17.0,1.6,10,0.3,36,West India,Vegetarian,Lunch,N/A,N/A,0,Synthetic_IFCT_schema,Synthetic_Variant
SYN03464,Pomegranate (fried),Fruits,Scientific_45,84.3,347,1.7,1.2,18.7,4.0,10,0.3,,West India,Veg,breakfast,Roasted,N/A,0,Synthetic_IFCT_schema,Synthetic_Variant
SYN03465,Pomegranate (steamed),Fruits,Scientific_79,78.0,347,1.7,1.2,18.7,,,0.3,,West India,Vegetarian,lunch,Fried,200,0,Synthetic_IFCT_schema,Synthetic_Variant
SYN03466,Pomegranate (roasted),Fruits,,89.1,347,1.7,1.2,18.7,4.0,10,0.3,10,West India,Vegetarian,breakfast,,100,0,Synthetic_IFCT_schema,Synthetic_Variant
SYN03467,Pomegranate (steamed),Fruits,Scientific_66,78.3,347,1.7,1.2,18.7,4.0,10,0.3,10,West India,Vegetarian,Dessert,Raw,200,0,Synthetic_IFCT_schema,Synthetic_Variant
SYN03468,Pomegranate (steamed),Fruits,,88.5,347,1.7,1.2,18.7,4.0,10,0.3,10,West India,Vegetarian,Breakfast,N/A,,0,Synthetic_IFCT_schema,Synthetic_Variant
SYN03469,Jowar (Sorghum) (raw),Cereals and Millets,Scientific_5,362.5,,10.4,1.9,72.6,1.6,25,,0,Unknown,Vegetarian,Main Course,Fried,,0,Synthetic_IFCT_schema,Synthetic_Variant
SYN03470,"Papaya, ripe (raw)",Fruits,,43.8,180,0.5,0.1,10.8,1.7,20,0.1,62,South India,Vegetarian,snack,Fried,,0,Synthetic_IFCT_schema,Synthetic_Variant
SYN03471,Bajra (Pearl millet) (steamed),Cereals and Millets,,351.4,1519,11.6,5.0,67.5,1.2,42,8.0,0,West India,Vegetarian,Main Course,Cooked,150,0,Synthetic_IFCT_schema,Synthetic_Variant
SYN03472,Fenugreek leaves (Methi) (boiled),Vegetables,Scientific_28,52.8,205,4.4,0.9,6.0,1.1,,1.9,52,North India,Vegetarian,Dessert,Boiled,150,0,Synthetic_IFCT_schema,Synthetic_Variant
SYN03473,Pomegranate (boiled),Fruits,,83.2,347,1.7,1.2,18.7,,10,0.3,10,West India,Vegetarian,Dinner,Baked,100,0,Synthetic_IFCT_schema,Synthetic_Variant
SYN03474,Brinjal (Eggplant) (steamed),Vegetables,,23.8,105,1.4,0.3,5.5,3.4,18,0.3,2,Pan India,Vegetarian,lunch,Steamed,100,0,Synthetic_IFCT_schema,Synthetic_Variant
SYN03475,Rajma (Kidney beans) (steamed),Pulses and Legumes,,345.3,1448,22.9,1.5,60.6,6.4,260,7.0,4,North India,Vegetarian,Any,N/A,N/A,0,Synthetic_IFCT_schema,Synthetic_Variant
SYN03476,Sabudana (Tapioca pearls) (boiled),Cereals and Millets,,372.2,1469,0.2,0.2,88.7,0.9,,,,West India,Vegetarian,Dinner,Steamed,100,0,Synthetic_IFCT_schema,Synthetic_Variant
SYN03477,"Wheat flour, whole (fried)",Cereals and Millets,Scientific_2,324.1,1427,11.8,1.5,69.4,1.9,41,4.9,0,North India,Vegetarian,Beverage,Cooked,150,0,Synthetic_IFCT_schema,Synthetic_Variant
SYN03478,Pomegranate (raw),Fruits,,78.0,347,1.7,1.2,18.7,4.0,10,0.3,10,West India,Vegetarian,Breakfast,N/A,,0,Synthetic_IFCT_schema,Synthetic_Variant
SYN03479,"Coconut, fresh (roasted)",Nuts and Oilseeds,Scientific_30,336.0,1482,3.3,33.5,15.2,9.0,14,1.9,3,South India,Vegetarian,Lunch,,200,0,Synthetic_IFCT_schema,Synthetic_Variant
SYN03480,"Chana dal, raw (raw)",Pulses and Legumes,Scientific_12,357.1,1556,20.8,5.6,59.8,,56,4.9,1,North India,Vegetarian,breakfast,Cooked,100,0,Synthetic_IFCT_schema,Synthetic_Variant
SYN03481,Pomegranate (boiled),Fruits,,81.0,347,1.7,1.2,18.7,4.0,10,0.3,10,West India,Vegetarian,Snack,Grilled,150,0,Synthetic_IFCT_schema,Synthetic_Variant
SYN03482,Pomegranate (boiled),Fruits,Scientific_47,78.7,,1.7,1.2,18.7,4.0,10,0.3,10,West India,Non-Veg,snack,Grilled,200,0,Synthetic_IFCT_schema,Synthetic_Variant
SYN03483,Pomegranate (fried),Fruits,,83.5,347,1.7,1.2,18.7,4.0,10,,10,West India,Vegetarian,Snack,N/A,150,0,Synthetic_IFCT_schema,Synthetic_Variant
SYN03484,Bajra (Pearl millet) (steamed),Cereals and Millets,,372.3,1519,11.6,5.0,67.5,1.2,42,8.0,0,West India,Vegetarian,Main Course,Cooked,150,0,Synthetic_IFCT_schema,Synthetic_Variant
SYN03485,"Wheat flour, whole (roasted)",Cereals and Millets,Scientific_2,365.1,1427,11.8,1.5,69.4,1.9,41,4.9,0,North India,Vegetarian,Beverage,Cooked,150,0,Synthetic_IFCT_schema,Synthetic_Variant
SYN03486,"Tofu, firm (fried)",Pulses and Legumes,,81.1,318,8.0,4.8,1.9,0.3,,,,West India,Vegetarian,Lunch,N/A,100,0,Synthetic_IFCT_schema,Synthetic_Variant
SYN03487,"Soybean, raw (raw)",Pulses and Legumes,,461.5,1808,36.5,19.9,30.2,9.3,240,,,West India,Vegetarian,Any,Boiled,150,0,Synthetic_IFCT_schema,Synthetic_Variant
SYN03488,Pomegranate (fried),Fruits,Scientific_73,86.7,347,1.7,1.2,18.7,4.0,10,0.3,10,West India,Vegetarian,snack,Cooked,100,0,Synthetic_IFCT_schema,Synthetic_Variant
SYN03489,Pomegranate (raw),Fruits,Scientific_80,,347,1.7,1.2,18.7,4.0,10,0.3,10,West India,Vegetarian,lunch,Cooked,200,0,Synthetic_IFCT_schema,Synthetic_Variant
SYN03490,Pomegranate (steamed),Fruits,,84.6,347,1.7,1.2,18.7,4.0,,0.3,10,West India,Vegetarian,Main Course,Grilled,,0,Synthetic_IFCT_schema,Synthetic_Variant
SYN03491,"Soya chunks, raw (boiled)",Pulses and Legumes,,350.4,1444,52.0,0.5,33.0,13.0,,,,Pan India,Vegetarian,snack,Baked,100,0,Synthetic_IFCT_schema,Synthetic_Variant
SYN03492,Pomegranate (roasted),Fruits,Scientific_73,81.5,347,1.7,1.2,18.7,4.0,10,0.3,10,West India,Vegetarian,snack,Cooked,100,0,Synthetic_IFCT_schema,Synthetic_Variant
SYN03493,Pomegranate (boiled),Fruits,,87.8,347,1.7,1.2,18.7,4.0,10,0.3,10,West India,Vegetarian,Breakfast,N/A,,0,Synthetic_IFCT_schema,Synthetic_Variant
SYN03494,Pomegranate (raw),Fruits,,82.1,347,1.7,1.2,18.7,4.0,,0.3,10,West India,Vegetarian,Main Course,Grilled,,0,Synthetic_IFCT_schema,Synthetic_Variant
SYN03495,"Cauliflower, raw (boiled)",Vegetables,,26.4,105,1.9,0.4,4.9,2.5,22,0.4,,Western,Non-Veg,Breakfast,Steamed,200,0,Synthetic_IFCT_schema,Synthetic_Variant
SYN03496,Pomegranate (fried),Fruits,Scientific_50,79.4,347,1.7,1.2,18.7,4.0,10,0.3,,North India,Veg,Beverage,Steamed,100,0,Synthetic_IFCT_schema,Synthetic_Variant
SYN03497,Rasam (boiled),Composite Dishes,,31.2,125,1.2,0.8,4.5,,,,,South India,Vegetarian,Beverage,,100,1,Synthetic_IFCT_schema,Synthetic_Variant
SYN03498,Pomegranate (steamed),Fruits,,79.2,347,1.7,1.2,18.7,,10,0.3,10,Pan India,Vegetarian,Main Course,Fried,150,0,Synthetic_IFCT_schema,Synthetic_Variant
SYN03499,Bajra (Pearl millet) (steamed),Cereals and Millets,,359.4,1519,11.6,5.0,67.5,1.2,42,8.0,0,West India,Vegetarian,Main Course,Cooked,150,0,Synthetic_IFCT_schema,Synthetic_Variant
SYN03500,Pomegranate (boiled),Fruits,,82.8,347,1.7,1.2,18.7,4.0,10,0.3,10,West India,Vegetarian,Main Course,Fried,,0,Synthetic_IFCT_schema,Synthetic_Variant
SYN03501,Ragi (Finger millet) (raw),Cereals and Millets,Scientific_6,353.5,1373,7.3,1.5,66.8,3.6,344,3.9,0,South India,Vegetarian,Main Course,Boiled,N/A,0,Synthetic_IFCT_schema,Synthetic_Variant
SYN03502,Pomegranate (roasted),Fruits,Scientific_47,87.7,,1.7,1.2,18.7,4.0,10,0.3,10,West India,Non-Veg,snack,Grilled,200,0,Synthetic_IFCT_schema,Synthetic_Variant
SYN03503,Watermelon (raw),Fruits,,29.0,125,0.6,0.2,7.6,0.4,7,,8,Pan India,Vegetarian,Breakfast,,200,0,Synthetic_IFCT_schema,Synthetic_Variant
SYN03504,Pomegranate (roasted),Fruits,,85.5,347,1.7,1.2,18.7,4.0,10,0.3,10,West India,Vegetarian,Lunch,Steamed,100,0,Synthetic_IFCT_schema,Synthetic_Variant
SYN03505,Jowar (Sorghum) (raw),Cereals and Millets,Scientific_5,356.0,,10.4,1.9,72.6,1.6,25,,0,Unknown,Vegetarian,Main Course,Fried,,0,Synthetic_IFCT_schema,Synthetic_Variant
SYN03506,Pomegranate (boiled),Fruits,Scientific_80,,347,1.7,1.2,18.7,4.0,10,0.3,10,West India,Vegetarian,lunch,Cooked,200,0,Synthetic_IFCT_schema,Synthetic_Variant
SYN03507,Sattu (roasted gram flour) (fried),Cereals and Millets,,427.9,1700,22.5,7.0,64.0,1.8,,,,East India,Vegetarian,snack,Grilled,100,0,Synthetic_IFCT_schema,Synthetic_Variant
SYN03508,"Chana dal, raw (boiled)",Pulses and Legumes,Scientific_12,392.3,1556,20.8,5.6,59.8,,56,4.9,1,North India,Vegetarian,breakfast,Cooked,100,0,Synthetic_IFCT_schema,Synthetic_Variant
SYN03509,Bamboo shoots (fried),Vegetables,,26.2,113,2.6,0.3,5.2,2.2,,,,East India,Vegetarian,Dinner,Boiled,100,0,Synthetic_IFCT_schema,Synthetic_Variant
SYN03510,Pomegranate (roasted),Fruits,,82.7,347,1.7,1.2,18.7,4.0,10,0.3,,West India,Veg,lunch,,,0,Synthetic_IFCT_schema,Synthetic_Variant
SYN03511,Puttu (steamed),Composite Dishes,,179.3,733,3.5,1.2,38.0,1.5,,,,South India,Vegetarian,Main Course,,100,1,Synthetic_IFCT_schema,Synthetic_Variant
SYN03512,Oats (roasted),Cereals and Millets,,394.5,1628,16.9,6.9,66.3,,54,4.7,0,North India,Vegetarian,Breakfast,Cooked,100,0,Synthetic_IFCT_schema,Synthetic_Variant
SYN03513,"Soya chunks, raw (boiled)",Pulses and Legumes,,361.2,1444,52.0,0.5,33.0,13.0,,,,Pan India,Vegetarian,snack,Baked,100,0,Synthetic_IFCT_schema,Synthetic_Variant
SYN03514,Khandvi (steamed),Composite Dishes,,131.2,544,4.5,4.8,18.0,1.2,,,,West India,Vegetarian,breakfast,Roasted,100,1,Synthetic_IFCT_schema,Synthetic_Variant
SYN03515,Dhokla (boiled),Composite Dishes,,71.4,318,3.5,1.5,12.0,0.8,,,,West India,Vegetarian,Breakfast,N/A,100,1,Synthetic_IFCT_schema,Synthetic_Variant
SYN03516,"Onion, raw (boiled)",Vegetables,,38.6,167,1.1,0.1,9.3,1.7,23,0.4,7,Pan India,Vegetarian,lunch,Cooked,200,0,Synthetic_IFCT_schema,Synthetic_Variant
SYN03517,Shrikhand (raw),Milk and Milk Products,,207.8,921,7.0,7.0,33.0,,,,,West India,Vegetarian,Dinner,Cooked,100,0,Synthetic_IFCT_schema,Synthetic_Variant
SYN03518,Brinjal (Eggplant) (roasted),Vegetables,,26.6,105,1.4,0.3,5.5,3.4,18,0.3,2,Pan India,Vegetarian,lunch,Steamed,100,0,Synthetic_IFCT_schema,Synthetic_Variant
SYN03519,Pomegranate (steamed),Fruits,,86.4,347,1.7,1.2,18.7,4.0,10,0.3,10,West India,non-vegetarian,,Roasted,100,0,Synthetic_IFCT_schema,Synthetic_Variant
SYN03520,Pomegranate (raw),Fruits,,78.4,347,1.7,1.2,18.7,,10,0.3,10,Pan India,Vegetarian,Main Course,Fried,150,0,Synthetic_IFCT_schema,Synthetic_Variant
SYN03521,Pomegranate (steamed),Fruits,Scientific_69,85.7,347,1.7,1.2,18.7,4.0,10,0.3,,West India,Vegetarian,Dinner,Fried,150,0,Synthetic_IFCT_schema,Synthetic_Variant
SYN03522,"Urad dal, raw (fried)",Pulses and Legumes,Scientific_15,,1428,25.1,1.4,59.0,1.8,154,4.5,0,South India,Vegetarian,Main Course,Grilled,N/A,0,Synthetic_IFCT_schema,Synthetic_Variant
SYN03523,Ragi (Finger millet) (boiled),Cereals and Millets,Scientific_6,325.2,1373,7.3,1.5,66.8,3.6,344,3.9,0,South India,Vegetarian,Main Course,Boiled,N/A,0,Synthetic_IFCT_schema,Synthetic_Variant
SYN03524,Methi thepla (roasted),Composite Dishes,,307.6,1193,7.5,12.0,38.0,3.0,,,,West India,Vegetarian,Beverage,Boiled,100,1,Synthetic_IFCT_schema,Synthetic_Variant
SYN03525,Pomegranate (steamed),Fruits,Scientific_71,80.2,347,1.7,1.2,18.7,4.0,10,0.3,10,West India,Vegetarian,Breakfast,Fried,100,0,Synthetic_IFCT_schema,Synthetic_Variant
SYN03526,Khandvi (roasted),Composite Dishes,,123.3,544,4.5,4.8,18.0,1.2,,,,West India,Vegetarian,breakfast,Roasted,100,1,Synthetic_IFCT_schema,Synthetic_Variant
SYN03527,"Coconut, fresh (fried)",Nuts and Oilseeds,Scientific_30,325.7,1482,3.3,33.5,15.2,9.0,14,1.9,3,South India,Vegetarian,Lunch,,200,0,Synthetic_IFCT_schema,Synthetic_Variant
SYN03528,Pomegranate (roasted),Fruits,,79.8,347,1.7,1.2,18.7,4.0,10,0.3,10,West India,Vegetarian,Dessert,N/A,100,0,Synthetic_IFCT_schema,Synthetic_Variant
SYN03529,Maize flour (roasted),Cereals and Millets,Scientific_7,368.1,1485,8.7,3.6,70.0,2.7,9,2.3,,Pan India,Vegetarian,Main Course,N/A,N/A,0,Synthetic_IFCT_schema,Synthetic_Variant
SYN03530,Pomegranate (boiled),Fruits,Scientific_67,81.1,347,1.7,1.2,18.7,4.0,10,0.3,10,West India,Non-Vegetarian,lunch,Roasted,200,0,Synthetic_IFCT_schema,Synthetic_Variant
SYN03531,Rasam (roasted),Composite Dishes,,27.9,125,1.2,0.8,4.5,,,,,South India,Vegetarian,Beverage,,100,1,Synthetic_IFCT_schema,Synthetic_Variant
SYN03532,Pomegranate (roasted),Fruits,Scientific_79,84.2,347,1.7,1.2,18.7,,,0.3,,West India,Vegetarian,lunch,Fried,200,0,Synthetic_IFCT_schema,Synthetic_Variant
SYN03533,"Rice, raw, milled (steamed)",Cereals and Millets,,,1448,6.8,0.5,78.2,0.2,10,0.7,,Pan India,Vegetarian,Breakfast,Baked,,0,Synthetic_IFCT_schema,Synthetic_Variant
SYN03534,Pomegranate (fried),Fruits,Scientific_66,83.2,347,1.7,1.2,18.7,4.0,10,0.3,10,West India,Vegetarian,Dessert,Raw,200,0,Synthetic_IFCT_schema,Synthetic_Variant
SYN03535,Pomegranate (fried),Fruits,Scientific_66,82.0,347,1.7,1.2,18.7,4.0,10,0.3,10,West India,Vegetarian,Dessert,Raw,200,0,Synthetic_IFCT_schema,Synthetic_Variant
SYN03536,"Tofu, firm (raw)",Pulses and Legumes,,70.0,318,8.0,4.8,1.9,0.3,,,,West India,Vegetarian,Lunch,N/A,100,0,Synthetic_IFCT_schema,Synthetic_Variant
SYN03537,Pomegranate (roasted),Fruits,,77.4,347,1.7,1.2,18.7,4.0,10,0.3,,West India,Veg,lunch,,,0,Synthetic_IFCT_schema,Synthetic_Variant
SYN03538,"Rice, cooked (fried)",Cereals and Millets,,136.7,544,2.7,0.3,28.2,,3,0.2,0,Pan India,non-vegetarian,Snack,Baked,100,0,Synthetic_IFCT_schema,Synthetic_Variant
SYN03539,Pomegranate (roasted),Fruits,,81.5,347,1.7,1.2,18.7,4.0,10,0.3,10,West India,Vegetarian,breakfast,,100,0,Synthetic_IFCT_schema,Synthetic_Variant
SYN03540,"Tomato, raw (fried)",Vegetables,,,75,0.9,0.2,3.9,1.2,13,,27,Pan India,Vegetarian,Dessert,Roasted,100,0,Synthetic_IFCT_schema,Synthetic_Variant
SYN03541,"Rice, raw, milled (raw)",Cereals and Millets,,,1448,6.8,0.5,78.2,0.2,10,0.7,,Pan India,Vegetarian,Breakfast,Baked,,0,Synthetic_IFCT_schema,Synthetic_Variant
SYN03542,"Rice, cooked (fried)",Cereals and Millets,,135.6,544,2.7,0.3,28.2,,3,0.2,0,Pan India,non-vegetarian,Snack,Baked,100,0,Synthetic_IFCT_schema,Synthetic_Variant
SYN03543,Pomegranate (fried),Fruits,,84.2,347,1.7,1.2,18.7,4.0,10,0.3,10,West India,Vegetarian,,Raw,N/A,0,Synthetic_IFCT_schema,Synthetic_Variant
SYN03544,Bajra (Pearl millet) (boiled),Cereals and Millets,,368.8,1519,11.6,5.0,67.5,1.2,42,8.0,0,West India,Vegetarian,Main Course,Cooked,150,0,Synthetic_IFCT_schema,Synthetic_Variant
SYN03545,Okra (Bhindi) (boiled),Vegetables,Scientific_26,32.0,138,2.1,0.2,7.0,2.5,82,0.8,21,Pan India,non-vegetarian,,Fried,150,0,Synthetic_IFCT_schema,Synthetic_Variant
SYN03546,Pomegranate (raw),Fruits,Scientific_40,89.3,347,1.7,1.2,18.7,4.0,10,0.3,10,West India,Vegetarian,Any,Cooked,N/A,0,Synthetic_IFCT_schema,Synthetic_Variant
SYN03547,Bajra (Pearl millet) (roasted),Cereals and Millets,,385.3,1519,11.6,5.0,67.5,1.2,42,8.0,0,West India,Vegetarian,Main Course,Cooked,150,0,Synthetic_IFCT_schema,Synthetic_Variant
SYN03548,Pomegranate (raw),Fruits,Scientific_71,87.6,347,1.7,1.2,18.7,4.0,10,0.3,10,West India,Vegetarian,Breakfast,Fried,100,0,Synthetic_IFCT_schema,Synthetic_Variant
SYN03549,"Onion, raw (fried)",Vegetables,,40.3,167,1.1,0.1,9.3,1.7,23,0.4,7,Pan India,Vegetarian,lunch,Cooked,200,0,Synthetic_IFCT_schema,Synthetic_Variant
SYN03550,"Urad dal, raw (steamed)",Pulses and Legumes,Scientific_15,,1428,25.1,1.4,59.0,1.8,154,4.5,0,South India,Vegetarian,Main Course,Grilled,N/A,0,Synthetic_IFCT_schema,Synthetic_Variant
SYN03551,Pomegranate (fried),Fruits,,78.6,,1.7,1.2,18.7,4.0,10,0.3,10,West India,Vegetarian,Dessert,Baked,150,0,Synthetic_IFCT_schema,Synthetic_Variant
SYN03552,Sattu (roasted gram flour) (raw),Cereals and Millets,,383.8,1700,22.5,7.0,64.0,1.8,,,,East India,Vegetarian,snack,Grilled,100,0,Synthetic_IFCT_schema,Synthetic_Variant
SYN03553,Watermelon (steamed),Fruits,,30.1,125,0.6,0.2,7.6,0.4,7,,8,Pan India,Vegetarian,Breakfast,,200,0,Synthetic_IFCT_schema,Synthetic_Variant
SYN03554,Sabudana (Tapioca pearls) (raw),Cereals and Millets,,365.1,1469,0.2,0.2,88.7,0.9,,,,West India,Vegetarian,Dinner,Steamed,100,0,Synthetic_IFCT_schema,Synthetic_Variant
SYN03555,Pomegranate (raw),Fruits,Scientific_79,80.0,347,1.7,1.2,18.7,,,0.3,,West India,Vegetarian,lunch,Fried,200,0,Synthetic_IFCT_schema,Synthetic_Variant
SYN03556,Watermelon (raw),Fruits,,31.2,125,0.6,0.2,7.6,0.4,7,,8,Pan India,Vegetarian,Breakfast,,200,0,Synthetic_IFCT_schema,Synthetic_Variant
SYN03557,Pomegranate (boiled),Fruits,,76.4,347,1.7,1.2,18.7,4.0,10,0.3,10,West India,Vegetarian,Dessert,N/A,100,0,Synthetic_IFCT_schema,Synthetic_Variant
SYN03558,Pomegranate (steamed),Fruits,Scientific_45,87.4,347,1.7,1.2,18.7,4.0,10,0.3,,West India,Veg,breakfast,Roasted,N/A,0,Synthetic_IFCT_schema,Synthetic_Variant
SYN03559,"Potato, raw (raw)",Vegetables,Scientific_20,75.9,322,1.9,0.1,17.8,1.8,11,0.7,13,Pan India,Vegetarian,lunch,Cooked,150,0,Synthetic_IFCT_schema,Synthetic_Variant
SYN03560,Pomegranate (raw),Fruits,,83.2,347,1.7,1.2,18.7,4.0,10,,10,West India,Vegetarian,Snack,N/A,150,0,Synthetic_IFCT_schema,Synthetic_Variant
SYN03561,Pomegranate (fried),Fruits,Scientific_68,89.5,347,1.7,1.2,18.7,4.0,10,0.3,10,Northern,Veg,dinner,Steamed,N/A,0,Synthetic_IFCT_schema,Synthetic_Variant
SYN03562,Pomegranate (fried),Fruits,,77.2,347,1.7,1.2,18.7,4.0,10,0.3,10,West India,Vegetarian,Main Course,,N/A,0,Synthetic_IFCT_schema,Synthetic_Variant
SYN03563,"Urad dal, raw (raw)",Pulses and Legumes,Scientific_15,,1428,25.1,1.4,59.0,1.8,154,4.5,0,South India,Vegetarian,Main Course,Grilled,N/A,0,Synthetic_IFCT_schema,Synthetic_Variant
SYN03564,Pomegranate (raw),Fruits,,,347,1.7,1.2,18.7,4.0,10,0.3,,West India,Vegetarian,breakfast,Fried,,0,Synthetic_IFCT_schema,Synthetic_Variant
SYN03565,Pomegranate (roasted),Fruits,,85.0,347,1.7,1.2,18.7,4.0,10,0.3,10,West India,Vegetarian,Lunch,Steamed,100,0,Synthetic_IFCT_schema,Synthetic_Variant
SYN03566,Pomegranate (steamed),Fruits,Scientific_45,85.2,347,1.7,1.2,18.7,4.0,10,0.3,,West India,Veg,breakfast,Roasted,N/A,0,Synthetic_IFCT_schema,Synthetic_Variant
SYN03567,Pomegranate (roasted),Fruits,Scientific_45,82.0,347,1.7,1.2,18.7,4.0,10,0.3,,West India,Veg,breakfast,Roasted,N/A,0,Synthetic_IFCT_schema,Synthetic_Variant
SYN03568,Pomegranate (raw),Fruits,,76.5,,1.7,1.2,18.7,4.0,10,0.3,10,West India,Vegetarian,Dessert,Baked,150,0,Synthetic_IFCT_schema,Synthetic_Variant
SYN03569,Pomegranate (boiled),Fruits,Scientific_63,89.6,347,1.7,1.2,18.7,4.0,10,0.3,10,West India,Vegetarian,Any,Baked,N/A,0,Synthetic_IFCT_schema,Synthetic_Variant
SYN03570,Pomegranate (roasted),Fruits,,80.9,347,1.7,1.2,18.7,,10,0.3,10,West India,Vegetarian,Dinner,Baked,100,0,Synthetic_IFCT_schema,Synthetic_Variant
SYN03571,Pomegranate (boiled),Fruits,,85.8,347,1.7,1.2,18.7,4.0,10,0.3,10,West India,Vegetarian,Dessert,N/A,100,0,Synthetic_IFCT_schema,Synthetic_Variant
SYN03572,Pomegranate (boiled),Fruits,Scientific_50,81.9,347,1.7,1.2,18.7,4.0,10,0.3,,North India,Veg,Beverage,Steamed,100,0,Synthetic_IFCT_schema,Synthetic_Variant
SYN03573,Pomegranate (raw),Fruits,Scientific_66,85.2,347,1.7,1.2,18.7,4.0,10,0.3,10,West India,Vegetarian,Dessert,Raw,200,0,Synthetic_IFCT_schema,Synthetic_Variant
SYN03574,Oats (fried),Cereals and Millets,,419.7,1628,16.9,6.9,66.3,,54,4.7,0,North India,Vegetarian,Breakfast,Cooked,100,0,Synthetic_IFCT_schema,Synthetic_Variant
SYN03575,Semolina (Rava) (boiled),Cereals and Millets,,,1506,10.0,1.0,74.0,,16,4.7,0,Pan India,Veg,breakfast,Steamed,,0,Synthetic_IFCT_schema,Synthetic_Variant
SYN03576,Ragi (Finger millet) (roasted),Cereals and Millets,Scientific_6,329.2,1373,7.3,1.5,66.8,3.6,344,3.9,0,South India,Vegetarian,Main Course,Boiled,N/A,0,Synthetic_IFCT_schema,Synthetic_Variant
SYN03577,Jowar (Sorghum) (steamed),Cereals and Millets,Scientific_5,339.0,,10.4,1.9,72.6,1.6,25,,0,Unknown,Vegetarian,Main Course,Fried,,0,Synthetic_IFCT_schema,Synthetic_Variant
SYN03578,Dhokla (steamed),Composite Dishes,,79.7,318,3.5,1.5,12.0,0.8,,,,West India,Vegetarian,Breakfast,N/A,100,1,Synthetic_IFCT_schema,Synthetic_Variant
SYN03579,"Toor dal, raw (boiled)",Pulses and Legumes,,342.5,,22.3,1.7,57.6,4.2,73,5.6,0,Pan India,Vegetarian,Dessert,Baked,100,0,Synthetic_IFCT_schema,Synthetic_Variant
SYN03580,"Rice, cooked (fried)",Cereals and Millets,,125.1,544,2.7,0.3,28.2,,3,0.2,0,Pan India,non-vegetarian,Snack,Baked,100,0,Synthetic_IFCT_schema,Synthetic_Variant
SYN03581,Pomegranate (boiled),Fruits,,89.3,347,1.7,1.2,18.7,4.0,10,0.3,10,West India,Vegetarian,Beverage,Steamed,,0,Synthetic_IFCT_schema,Synthetic_Variant
SYN03582,Pomegranate (boiled),Fruits,Scientific_66,88.3,347,1.7,1.2,18.7,4.0,10,0.3,10,West India,Vegetarian,Dessert,Raw,200,0,Synthetic_IFCT_schema,Synthetic_Variant
SYN03583,Pomegranate (fried),Fruits,,83.9,347,1.7,1.2,18.7,,10,0.3,10,Pan India,Vegetarian,Main Course,Fried,150,0,Synthetic_IFCT_schema,Synthetic_Variant
SYN03584,"Wheat flour, whole (steamed)",Cereals and Millets,Scientific_2,346.2,1427,11.8,1.5,69.4,1.9,41,4.9,0,North India,Vegetarian,Beverage,Cooked,150,0,Synthetic_IFCT_schema,Synthetic_Variant
SYN03585,Pomegranate (raw),Fruits,Scientific_53,87.7,347,1.7,1.2,18.7,4.0,10,0.3,10,West India,Vegetarian,Snack,Baked,100,0,Synthetic_IFCT_schema,Synthetic_Variant
SYN03586,Okra (Bhindi) (roasted),Vegetables,Scientific_26,31.2,138,2.1,0.2,7.0,2.5,82,0.8,21,Pan India,non-vegetarian,,Fried,150,0,Synthetic_IFCT_schema,Synthetic_Variant
SYN03587,Pomegranate (fried),Fruits,Scientific_63,77.5,347,1.7,1.2,18.7,4.0,10,0.3,10,West India,Vegetarian,Any,Baked,N/A,0,Synthetic_IFCT_schema,Synthetic_Variant
SYN03588,Pomegranate (fried),Fruits,,83.0,347,1.7,1.2,18.7,4.0,10,0.3,10,West India,Vegetarian,Snack,Boiled,N/A,0,Synthetic_IFCT_schema,Synthetic_Variant
SYN03589,Rasam (roasted),Composite Dishes,,31.8,125,1.2,0.8,4.5,,,,,South India,Vegetarian,Beverage,,100,1,Synthetic_IFCT_schema,Synthetic_Variant
SYN03590,Bottle gourd (Lauki) (raw),Vegetables,,15.0,59,0.6,0.1,3.4,0.5,26,0.5,10,Pan India,Vegetarian,Beverage,Fried,150,0,Synthetic_IFCT_schema,Synthetic_Variant
SYN03591,Pomegranate (roasted),Fruits,,,347,1.7,1.2,18.7,4.0,10,0.3,,West India,Vegetarian,breakfast,Fried,,0,Synthetic_IFCT_schema,Synthetic_Variant
SYN03592,Sabudana (Tapioca pearls) (fried),Cereals and Millets,,374.8,1469,0.2,0.2,88.7,0.9,,,,West India,Vegetarian,Dinner,Steamed,100,0,Synthetic_IFCT_schema,Synthetic_Variant
SYN03593,Bottle gourd (Lauki) (roasted),Vegetables,,14.0,59,0.6,0.1,3.4,0.5,26,0.5,10,Pan India,Vegetarian,Beverage,Fried,150,0,Synthetic_IFCT_schema,Synthetic_Variant
SYN03594,"Toor dal, raw (fried)",Pulses and Legumes,,327.5,,22.3,1.7,57.6,4.2,73,5.6,0,Pan India,Vegetarian,Dessert,Baked,100,0,Synthetic_IFCT_schema,Synthetic_Variant
SYN03595,Pomegranate (raw),Fruits,,78.9,347,1.7,1.2,18.7,,10,0.3,10,Pan India,Vegetarian,Main Course,Fried,150,0,Synthetic_IFCT_schema,Synthetic_Variant
SYN03596,Pomegranate (raw),Fruits,,,347,1.7,1.2,18.7,4.0,10,0.3,,West India,Vegetarian,breakfast,Fried,,0,Synthetic_IFCT_schema,Synthetic_Variant
SYN03597,Rajma (Kidney beans) (boiled),Pulses and Legumes,,355.6,1448,22.9,1.5,60.6,6.4,260,7.0,4,North India,Vegetarian,Any,N/A,N/A,0,Synthetic_IFCT_schema,Synthetic_Variant
SYN03598,Pomegranate (boiled),Fruits,,86.7,347,1.7,1.2,18.7,4.0,10,0.3,10,East,Vegetarian,snack,Grilled,100,0,Synthetic_IFCT_schema,Synthetic_Variant
SYN03599,Pomegranate (boiled),Fruits,Scientific_47,80.3,,1.7,1.2,18.7,4.0,10,0.3,10,West India,Non-Veg,snack,Grilled,200,0,Synthetic_IFCT_schema,Synthetic_Variant
SYN03600,Pomegranate (steamed),Fruits,,79.6,347,1.7,1.2,18.7,,10,0.3,10,Pan India,Vegetarian,Main Course,Fried,150,0,Synthetic_IFCT_schema,Synthetic_Variant
SYN03601,Kabuli chana (boiled),Pulses and Legumes,,351.0,,20.1,5.3,60.9,7.6,202,4.9,3,North India,Vegetarian,Breakfast,Grilled,N/A,0,Synthetic_IFCT_schema,Synthetic_Variant
SYN03602,"Toor dal, raw (fried)",Pulses and Legumes,,327.8,,22.3,1.7,57.6,4.2,73,5.6,0,Pan India,Vegetarian,Dessert,Baked,100,0,Synthetic_IFCT_schema,Synthetic_Variant
SYN03603,Rasam (boiled),Composite Dishes,,32.3,125,1.2,0.8,4.5,,,,,South India,Vegetarian,Beverage,,100,1,Synthetic_IFCT_schema,Synthetic_Variant
SYN03604,Machher jhol (raw),Composite Dishes,,161.3,649,17.0,9.0,3.0,0.6,,,,East India,Non-Vegetarian,Dessert,Boiled,100,1,Synthetic_IFCT_schema,Synthetic_Variant
SYN03605,"Potato, raw (raw)",Vegetables,Scientific_20,82.9,322,1.9,0.1,17.8,1.8,11,0.7,13,Pan India,Vegetarian,lunch,Cooked,150,0,Synthetic_IFCT_schema,Synthetic_Variant
SYN03606,Kabuli chana (boiled),Pulses and Legumes,,358.3,,20.1,5.3,60.9,7.6,202,4.9,3,North India,Vegetarian,Breakfast,Grilled,N/A,0,Synthetic_IFCT_schema,Synthetic_Variant
SYN03607,Pomegranate (steamed),Fruits,Scientific_67,85.3,347,1.7,1.2,18.7,4.0,10,0.3,10,West India,Non-Vegetarian,lunch,Roasted,200,0,Synthetic_IFCT_schema,Synthetic_Variant
SYN03608,Pomegranate (steamed),Fruits,Scientific_53,87.3,347,1.7,1.2,18.7,4.0,10,0.3,10,West India,Vegetarian,Snack,Baked,100,0,Synthetic_IFCT_schema,Synthetic_Variant
SYN03609,Bajra (Pearl millet) (steamed),Cereals and Millets,,363.5,1519,11.6,5.0,67.5,1.2,42,8.0,0,West India,Vegetarian,Main Course,Cooked,150,0,Synthetic_IFCT_schema,Synthetic_Variant
SYN03610,Pomegranate (boiled),Fruits,,89.0,347,1.7,1.2,18.7,4.0,,0.3,10,West India,Vegetarian,Main Course,Grilled,,0,Synthetic_IFCT_schema,Synthetic_Variant
SYN03611,"Potato, raw (fried)",Vegetables,Scientific_20,72.1,322,1.9,0.1,17.8,1.8,11,0.7,13,Pan India,Vegetarian,lunch,Cooked,150,0,Synthetic_IFCT_schema,Synthetic_Variant
SYN03612,Pomegranate (steamed),Fruits,,88.9,347,1.7,1.2,18.7,4.0,10,0.3,10,West India,Vegetarian,Main Course,Fried,,0,Synthetic_IFCT_schema,Synthetic_Variant
SYN03613,Puttu (fried),Composite Dishes,,188.1,733,3.5,1.2,38.0,1.5,,,,South India,Vegetarian,Main Course,,100,1,Synthetic_IFCT_schema,Synthetic_Variant
SYN03614,Pomegranate (boiled),Fruits,,84.1,347,1.7,1.2,18.7,4.0,10,0.3,10,West India,Vegetarian,Breakfast,N/A,,0,Synthetic_IFCT_schema,Synthetic_Variant
SYN03615,"Jackfruit, raw (roasted)",Fruits,,89.7,398,1.7,0.6,23.2,1.5,,,,South India,Vegetarian,Any,Baked,100,0,Synthetic_IFCT_schema,Synthetic_Variant
SYN03616,Semolina (Rava) (boiled),Cereals and Millets,,,1506,10.0,1.0,74.0,,16,4.7,0,Pan India,Veg,breakfast,Steamed,,0,Synthetic_IFCT_schema,Synthetic_Variant
SYN03617,Pomegranate (roasted),Fruits,Scientific_47,84.9,,1.7,1.2,18.7,4.0,10,0.3,10,West India,Non-Veg,snack,Grilled,200,0,Synthetic_IFCT_schema,Synthetic_Variant
SYN03618,Pomegranate (steamed),Fruits,Scientific_67,88.8,347,1.7,1.2,18.7,4.0,10,0.3,10,West India,Non-Vegetarian,lunch,Roasted,200,0,Synthetic_IFCT_schema,Synthetic_Variant
SYN03619,Pomegranate (steamed),Fruits,Scientific_59,86.7,347,1.7,1.2,18.7,4.0,10,0.3,10,West India,Vegetarian,Dessert,Steamed,150,0,Synthetic_IFCT_schema,Synthetic_Variant
SYN03620,"Moong dal, raw (raw)",Pulses and Legumes,,340.7,,24.0,1.3,59.9,4.1,75,6.7,7,Pan India,Vegetarian,,,,0,Synthetic_IFCT_schema,Synthetic_Variant
SYN03621,Pomegranate (boiled),Fruits,Scientific_53,81.5,347,1.7,1.2,18.7,4.0,10,0.3,10,West India,Vegetarian,Snack,Baked,100,0,Synthetic_IFCT_schema,Synthetic_Variant
SYN03622,Bamboo shoots (roasted),Vegetables,,26.1,113,2.6,0.3,5.2,2.2,,,,East India,Vegetarian,Dinner,Boiled,100,0,Synthetic_IFCT_schema,Synthetic_Variant
SYN03623,Pomegranate (fried),Fruits,,85.1,347,1.7,1.2,18.7,4.0,10,0.3,10,West India,Vegetarian,breakfast,,100,0,Synthetic_IFCT_schema,Synthetic_Variant
SYN03624,Sattu (roasted gram flour) (boiled),Cereals and Millets,,429.0,1700,22.5,7.0,64.0,1.8,,,,East India,Vegetarian,snack,Grilled,100,0,Synthetic_IFCT_schema,Synthetic_Variant
SYN03625,Pomegranate (raw),Fruits,Scientific_63,80.3,347,1.7,1.2,18.7,4.0,10,0.3,10,West India,Vegetarian,Any,Baked,N/A,0,Synthetic_IFCT_schema,Synthetic_Variant
SYN03626,Bitter gourd (Karela) (raw),Vegetables,Scientific_27,18.2,,1.0,0.2,3.4,2.8,20,0.6,84,Pan India,Vegetarian,snack,,,0,Synthetic_IFCT_schema,Synthetic_Variant
SYN03627,Guava (boiled),Fruits,,64.2,285,2.6,1.0,14.3,5.4,18,,228,Maharashtra,Vegetarian,Snack,Baked,N/A,0,Synthetic_IFCT_schema,Synthetic_Variant
SYN03628,"Rice, raw, milled (fried)",Cereals and Millets,,,1448,6.8,0.5,78.2,0.2,10,0.7,,Pan India,Vegetarian,Breakfast,Baked,,0,Synthetic_IFCT_schema,Synthetic_Variant
SYN03629,Pomegranate (steamed),Fruits,Scientific_62,80.6,347,1.7,1.2,18.7,4.0,10,0.3,10,West India,non-vegetarian,snack,Fried,,0,Synthetic_IFCT_schema,Synthetic_Variant
SYN03630,Pomegranate (fried),Fruits,,89.6,347,1.7,1.2,18.7,4.0,10,0.3,10,West India,Vegetarian,Dessert,N/A,100,0,Synthetic_IFCT_schema,Synthetic_Variant
SYN03631,"Onion, raw (boiled)",Vegetables,,40.1,167,1.1,0.1,9.3,1.7,23,0.4,7,Pan India,Vegetarian,lunch,Cooked,200,0,Synthetic_IFCT_schema,Synthetic_Variant
SYN03632,Pomegranate (roasted),Fruits,,77.2,347,1.7,1.2,18.7,4.0,10,0.3,10,West India,Vegetarian,,Raw,N/A,0,Synthetic_IFCT_schema,Synthetic_Variant
SYN03633,Pomegranate (boiled),Fruits,,79.8,347,1.7,1.2,18.7,4.0,10,,10,West India,Vegetarian,Snack,N/A,150,0,Synthetic_IFCT_schema,Synthetic_Variant
SYN03634,Pomegranate (steamed),Fruits,,81.2,347,1.7,1.2,18.7,4.0,10,0.3,10,West India,Vegetarian,Main Course,Fried,,0,Synthetic_IFCT_schema,Synthetic_Variant
SYN03635,"Tofu, firm (fried)",Pulses and Legumes,,81.2,318,8.0,4.8,1.9,0.3,,,,West India,Vegetarian,Lunch,N/A,100,0,Synthetic_IFCT_schema,Synthetic_Variant
SYN03636,Pomegranate (fried),Fruits,Scientific_69,84.5,347,1.7,1.2,18.7,4.0,10,0.3,,West India,Vegetarian,Dinner,Fried,150,0,Synthetic_IFCT_schema,Synthetic_Variant
SYN03637,Oats (roasted),Cereals and Millets,,394.0,1628,16.9,6.9,66.3,,54,4.7,0,North India,Vegetarian,Breakfast,Cooked,100,0,Synthetic_IFCT_schema,Synthetic_Variant
SYN03638,Khandvi (steamed),Composite Dishes,,127.5,544,4.5,4.8,18.0,1.2,,,,West India,Vegetarian,breakfast,Roasted,100,1,Synthetic_IFCT_schema,Synthetic_Variant
SYN03639,Pomegranate (fried),Fruits,Scientific_70,,347,1.7,1.2,18.7,,10,0.3,10,West India,Veg,Main Course,Baked,200,0,Synthetic_IFCT_schema,Synthetic_Variant
SYN03640,"Chana dal, raw (steamed)",Pulses and Legumes,Scientific_12,380.6,1556,20.8,5.6,59.8,,56,4.9,1,North India,Vegetarian,breakfast,Cooked,100,0,Synthetic_IFCT_schema,Synthetic_Variant
SYN03641,"Urad dal, raw (steamed)",Pulses and Legumes,Scientific_15,,1428,25.1,1.4,59.0,1.8,154,4.5,0,South India,Vegetarian,Main Course,Grilled,N/A,0,Synthetic_IFCT_schema,Synthetic_Variant
SYN03642,Cowpea (Black-eyed pea) (boiled),Pulses and Legumes,,304.9,1351,23.4,1.8,54.5,,227,8.6,1,South India,Vegetarian,Lunch,Roasted,200,0,Synthetic_IFCT_schema,Synthetic_Variant
SYN03643,Pomegranate (boiled),Fruits,,85.8,347,1.7,1.2,18.7,4.0,10,0.3,10,West India,Vegetarian,Snack,Boiled,N/A,0,Synthetic_IFCT_schema,Synthetic_Variant
SYN03644,Pomegranate (fried),Fruits,,79.5,347,1.7,1.2,18.7,4.0,10,0.3,,West India,Veg,lunch,,,0,Synthetic_IFCT_schema,Synthetic_Variant
SYN03645,Brinjal (Eggplant) (steamed),Vegetables,,24.8,105,1.4,0.3,5.5,3.4,18,0.3,2,Pan India,Vegetarian,lunch,Steamed,100,0,Synthetic_IFCT_schema,Synthetic_Variant
SYN03646,Pomegranate (fried),Fruits,,82.0,347,1.7,1.2,18.7,4.0,10,,10,West India,Vegetarian,Snack,N/A,150,0,Synthetic_IFCT_schema,Synthetic_Variant
SYN03647,Pomegranate (boiled),Fruits,,81.4,347,1.7,1.2,18.7,4.0,10,0.3,10,West India,Vegetarian,Main Course,Fried,,0,Synthetic_IFCT_schema,Synthetic_Variant
SYN03648,Guava (fried),Fruits,,68.8,285,2.6,1.0,14.3,5.4,18,,228,Maharashtra,Vegetarian,Snack,Baked,N/A,0,Synthetic_IFCT_schema,Synthetic_Variant
SYN03649,Pomegranate (boiled),Fruits,Scientific_61,80.4,347,1.7,1.2,18.7,4.0,10,0.3,,West India,Vegetarian,Dessert,,100,0,Synthetic_IFCT_schema,Synthetic_Variant
SYN03650,Puttu (fried),Composite Dishes,,171.3,733,3.5,1.2,38.0,1.5,,,,South India,Vegetarian,Main Course,,100,1,Synthetic_IFCT_schema,Synthetic_Variant
SYN03651,"Potato, raw (boiled)",Vegetables,Scientific_20,74.1,322,1.9,0.1,17.8,1.8,11,0.7,13,Pan India,Vegetarian,lunch,Cooked,150,0,Synthetic_IFCT_schema,Synthetic_Variant
SYN03652,"Masoor dal, raw (steamed)",Pulses and Legumes,,352.2,1435,25.1,0.9,59.0,3.5,68,7.6,1,Southern,Vegetarian,lunch,Grilled,100,0,Synthetic_IFCT_schema,Synthetic_Variant
SYN03653,"Soya chunks, raw (steamed)",Pulses and Legumes,,371.5,1444,52.0,0.5,33.0,13.0,,,,Pan India,Vegetarian,snack,Baked,100,0,Synthetic_IFCT_schema,Synthetic_Variant
SYN03654,Pomegranate (fried),Fruits,Scientific_69,77.8,347,1.7,1.2,18.7,4.0,10,0.3,,West India,Vegetarian,Dinner,Fried,150,0,Synthetic_IFCT_schema,Synthetic_Variant
SYN03655,"Soya chunks, raw (fried)",Pulses and Legumes,,370.9,1444,52.0,0.5,33.0,13.0,,,,Pan India,Vegetarian,snack,Baked,100,0,Synthetic_IFCT_schema,Synthetic_Variant
SYN03656,Amla (Indian gooseberry) (fried),Fruits,,47.0,184,0.9,0.6,10.2,4.3,50,1.2,600,Western,Vegetarian,breakfast,Roasted,150,0,Synthetic_IFCT_schema,Synthetic_Variant
SYN03657,Okra (Bhindi) (raw),Vegetables,Scientific_26,34.7,138,2.1,0.2,7.0,2.5,82,0.8,21,Pan India,non-vegetarian,,Fried,150,0,Synthetic_IFCT_schema,Synthetic_Variant
SYN03658,Pomegranate (boiled),Fruits,Scientific_66,77.6,347,1.7,1.2,18.7,4.0,10,0.3,10,West India,Vegetarian,Dessert,Raw,200,0,Synthetic_IFCT_schema,Synthetic_Variant
SYN03659,Pomegranate (raw),Fruits,,84.5,347,1.7,1.2,18.7,4.0,10,0.3,,West India,Veg,lunch,,,0,Synthetic_IFCT_schema,Synthetic_Variant
SYN03660,Pomegranate (raw),Fruits,Scientific_71,78.7,347,1.7,1.2,18.7,4.0,10,0.3,10,West India,Vegetarian,Breakfast,Fried,100,0,Synthetic_IFCT_schema,Synthetic_Variant
SYN03661,Pomegranate (roasted),Fruits,Scientific_63,85.9,347,1.7,1.2,18.7,4.0,10,0.3,10,West India,Vegetarian,Any,Baked,N/A,0,Synthetic_IFCT_schema,Synthetic_Variant
SYN03662,Rajma (Kidney beans) (fried),Pulses and Legumes,,335.1,1448,22.9,1.5,60.6,6.4,260,7.0,4,North India,Vegetarian,Any,N/A,N/A,0,Synthetic_IFCT_schema,Synthetic_Variant
SYN03663,Pomegranate (steamed),Fruits,Scientific_80,,347,1.7,1.2,18.7,4.0,10,0.3,10,West India,Vegetarian,lunch,Cooked,200,0,Synthetic_IFCT_schema,Synthetic_Variant
SYN03664,Pomegranate (steamed),Fruits,,77.6,347,1.7,1.2,18.7,4.0,10,0.3,10,West India,Vegetarian,Dessert,N/A,100,0,Synthetic_IFCT_schema,Synthetic_Variant
SYN03665,Bitter gourd (Karela) (steamed),Vegetables,Scientific_27,15.9,,1.0,0.2,3.4,2.8,20,0.6,84,Pan India,Vegetarian,snack,,,0,Synthetic_IFCT_schema,Synthetic_Variant
SYN03666,Bitter gourd (Karela) (raw),Vegetables,Scientific_27,17.5,,1.0,0.2,3.4,2.8,20,0.6,84,Pan India,Vegetarian,snack,,,0,Synthetic_IFCT_schema,Synthetic_Variant
SYN03667,Pomegranate (roasted),Fruits,,79.0,347,1.7,1.2,18.7,4.0,10,0.3,10,West India,Vegetarian,Dessert,Steamed,150,0,Synthetic_IFCT_schema,Synthetic_Variant
SYN03668,Pomegranate (raw),Fruits,,87.1,347,1.7,1.2,18.7,4.0,10,0.3,10,West India,Vegetarian,Lunch,Steamed,100,0,Synthetic_IFCT_schema,Synthetic_Variant
SYN03669,Pomegranate (steamed),Fruits,Scientific_45,84.7,347,1.7,1.2,18.7,4.0,10,0.3,,West India,Veg,breakfast,Roasted,N/A,0,Synthetic_IFCT_schema,Synthetic_Variant
SYN03670,"Urad dal, raw (boiled)",Pulses and Legumes,Scientific_15,,1428,25.1,1.4,59.0,1.8,154,4.5,0,South India,Vegetarian,Main Course,Grilled,N/A,0,Synthetic_IFCT_schema,Synthetic_Variant
SYN03671,Khandvi (raw),Composite Dishes,,134.3,544,4.5,4.8,18.0,1.2,,,,West India,Vegetarian,breakfast,Roasted,100,1,Synthetic_IFCT_schema,Synthetic_Variant
SYN03672,Pomegranate (roasted),Fruits,Scientific_62,86.7,347,1.7,1.2,18.7,4.0,10,0.3,10,West India,non-vegetarian,snack,Fried,,0,Synthetic_IFCT_schema,Synthetic_Variant
SYN03673,Pomegranate (boiled),Fruits,Scientific_40,84.4,347,1.7,1.2,18.7,4.0,10,0.3,10,West India,Vegetarian,Any,Cooked,N/A,0,Synthetic_IFCT_schema,Synthetic_Variant
SYN03674,"Mango, ripe (Alphonso) (steamed)",Fruits,Scientific_31,74.1,293,0.6,0.4,17.0,1.6,10,0.3,36,West India,Vegetarian,Lunch,N/A,N/A,0,Synthetic_IFCT_schema,Synthetic_Variant
SYN03675,Pomegranate (raw),Fruits,Scientific_68,83.8,347,1.7,1.2,18.7,4.0,10,0.3,10,Northern,Veg,dinner,Steamed,N/A,0,Synthetic_IFCT_schema,Synthetic_Variant
SYN03676,Khandvi (roasted),Composite Dishes,,131.6,544,4.5,4.8,18.0,1.2,,,,West India,Vegetarian,breakfast,Roasted,100,1,Synthetic_IFCT_schema,Synthetic_Variant
SYN03677,Pomegranate (raw),Fruits,,,347,1.7,1.2,18.7,4.0,10,0.3,10,North,Vegetarian,Snack,Roasted,,0,Synthetic_IFCT_schema,Synthetic_Variant
SYN03678,"Masoor dal, raw (fried)",Pulses and Legumes,,326.1,1435,25.1,0.9,59.0,3.5,68,7.6,1,Southern,Vegetarian,lunch,Grilled,100,0,Synthetic_IFCT_schema,Synthetic_Variant
SYN03679,"Jackfruit, raw (fried)",Fruits,,92.7,398,1.7,0.6,23.2,1.5,,,,South India,Vegetarian,Any,Baked,100,0,Synthetic_IFCT_schema,Synthetic_Variant
SYN03680,"Soybean, raw (steamed)",Pulses and Legumes,,419.6,1808,36.5,19.9,30.2,9.3,240,,,West India,Vegetarian,Any,Boiled,150,0,Synthetic_IFCT_schema,Synthetic_Variant
SYN03681,"Toor dal, raw (boiled)",Pulses and Legumes,,310.9,,22.3,1.7,57.6,4.2,73,5.6,0,Pan India,Vegetarian,Dessert,Baked,100,0,Synthetic_IFCT_schema,Synthetic_Variant
SYN03682,Methi thepla (steamed),Composite Dishes,,285.4,1193,7.5,12.0,38.0,3.0,,,,West India,Vegetarian,Beverage,Boiled,100,1,Synthetic_IFCT_schema,Synthetic_Variant
SYN03683,"Cauliflower, raw (roasted)",Vegetables,,26.9,105,1.9,0.4,4.9,2.5,22,0.4,,Western,Non-Veg,Breakfast,Steamed,200,0,Synthetic_IFCT_schema,Synthetic_Variant
SYN03684,"Coconut, fresh (steamed)",Nuts and Oilseeds,Scientific_30,378.8,1482,3.3,33.5,15.2,9.0,14,1.9,3,South India,Vegetarian,Lunch,,200,0,Synthetic_IFCT_schema,Synthetic_Variant
SYN03685,"Soya chunks, raw (roasted)",Pulses and Legumes,,338.1,1444,52.0,0.5,33.0,13.0,,,,Pan India,Vegetarian,snack,Baked,100,0,Synthetic_IFCT_schema,Synthetic_Variant
SYN03686,"Toor dal, raw (steamed)",Pulses and Legumes,,314.7,,22.3,1.7,57.6,4.2,73,5.6,0,Pan India,Vegetarian,Dessert,Baked,100,0,Synthetic_IFCT_schema,Synthetic_Variant
SYN03687,Rajma (Kidney beans) (steamed),Pulses and Legumes,,358.2,1448,22.9,1.5,60.6,6.4,260,7.0,4,North India,Vegetarian,Any,N/A,N/A,0,Synthetic_IFCT_schema,Synthetic_Variant
SYN03688,Pomegranate (roasted),Fruits,,83.6,347,1.7,1.2,18.7,4.0,10,0.3,10,West India,Vegetarian,Snack,Boiled,N/A,0,Synthetic_IFCT_schema,Synthetic_Variant
SYN03689,Guava (boiled),Fruits,,64.7,285,2.6,1.0,14.3,5.4,18,,228,Maharashtra,Vegetarian,Snack,Baked,N/A,0,Synthetic_IFCT_schema,Synthetic_Variant
SYN03690,"Soya chunks, raw (steamed)",Pulses and Legumes,,359.5,1444,52.0,0.5,33.0,13.0,,,,Pan India,Vegetarian,snack,Baked,100,0,Synthetic_IFCT_schema,Synthetic_Variant
SYN03691,"Wheat flour, whole (steamed)",Cereals and Millets,Scientific_2,335.9,1427,11.8,1.5,69.4,1.9,41,4.9,0,North India,Vegetarian,Beverage,Cooked,150,0,Synthetic_IFCT_schema,Synthetic_Variant
SYN03692,"Moong dal, raw (fried)",Pulses and Legumes,,351.3,,24.0,1.3,59.9,4.1,75,6.7,7,Pan India,Vegetarian,,,,0,Synthetic_IFCT_schema,Synthetic_Variant
SYN03693,Puttu (roasted),Composite Dishes,,162.1,733,3.5,1.2,38.0,1.5,,,,South India,Vegetarian,Main Course,,100,1,Synthetic_IFCT_schema,Synthetic_Variant
SYN03694,Pomegranate (steamed),Fruits,,88.6,347,1.7,1.2,18.7,4.0,,0.3,10,West India,Vegetarian,Main Course,Grilled,,0,Synthetic_IFCT_schema,Synthetic_Variant
SYN03695,"Coconut, fresh (roasted)",Nuts and Oilseeds,Scientific_30,368.6,1482,3.3,33.5,15.2,9.0,14,1.9,3,South India,Vegetarian,Lunch,,200,0,Synthetic_IFCT_schema,Synthetic_Variant
SYN03696,Pomegranate (raw),Fruits,,78.7,347,1.7,1.2,18.7,4.0,10,0.3,10,West India,Vegetarian,Dessert,Steamed,150,0,Synthetic_IFCT_schema,Synthetic_Variant
SYN03697,Pomegranate (roasted),Fruits,,76.8,347,1.7,1.2,18.7,4.0,10,0.3,10,West India,Vegetarian,Main Course,,N/A,0,Synthetic_IFCT_schema,Synthetic_Variant
SYN03698,"Masoor dal, raw (steamed)",Pulses and Legumes,,341.8,1435,25.1,0.9,59.0,3.5,68,7.6,1,Southern,Vegetarian,lunch,Grilled,100,0,Synthetic_IFCT_schema,Synthetic_Variant
SYN03699,Pomegranate (roasted),Fruits,Scientific_61,85.8,347,1.7,1.2,18.7,4.0,10,0.3,,West India,Vegetarian,Dessert,,100,0,Synthetic_IFCT_schema,Synthetic_Variant
SYN03700,Bamboo shoots (raw),Vegetables,,25.9,113,2.6,0.3,5.2,2.2,,,,East India,Vegetarian,Dinner,Boiled,100,0,Synthetic_IFCT_schema,Synthetic_Variant
SYN03701,Semolina (Rava) (boiled),Cereals and Millets,,,1506,10.0,1.0,74.0,,16,4.7,0,Pan India,Veg,breakfast,Steamed,,0,Synthetic_IFCT_schema,Synthetic_Variant
SYN03702,Pomegranate (fried),Fruits,,76.4,347,1.7,1.2,18.7,4.0,10,0.3,10,West India,Vegetarian,Lunch,Steamed,100,0,Synthetic_IFCT_schema,Synthetic_Variant
SYN03703,Maize flour (roasted),Cereals and Millets,Scientific_7,342.0,1485,8.7,3.6,70.0,2.7,9,2.3,,Pan India,Vegetarian,Main Course,N/A,N/A,0,Synthetic_IFCT_schema,Synthetic_Variant
SYN03704,Oats (fried),Cereals and Millets,,358.1,1628,16.9,6.9,66.3,,54,4.7,0,North India,Vegetarian,Breakfast,Cooked,100,0,Synthetic_IFCT_schema,Synthetic_Variant
SYN03705,"Soybean, raw (boiled)",Pulses and Legumes,,453.6,1808,36.5,19.9,30.2,9.3,240,,,West India,Vegetarian,Any,Boiled,150,0,Synthetic_IFCT_schema,Synthetic_Variant
SYN03706,Pomegranate (fried),Fruits,,80.0,347,1.7,1.2,18.7,4.0,10,0.3,10,West India,Vegetarian,Breakfast,N/A,,0,Synthetic_IFCT_schema,Synthetic_Variant
SYN03707,"Onion, raw (raw)",Vegetables,,40.8,167,1.1,0.1,9.3,1.7,23,0.4,7,Pan India,Vegetarian,lunch,Cooked,200,0,Synthetic_IFCT_schema,Synthetic_Variant
SYN03708,Pomegranate (steamed),Fruits,Scientific_68,78.5,347,1.7,1.2,18.7,4.0,10,0.3,10,Northern,Veg,dinner,Steamed,N/A,0,Synthetic_IFCT_schema,Synthetic_Variant
SYN03709,Pomegranate (roasted),Fruits,Scientific_50,79.1,347,1.7,1.2,18.7,4.0,10,0.3,,North India,Veg,Beverage,Steamed,100,0,Synthetic_IFCT_schema,Synthetic_Variant
SYN03710,Pomegranate (steamed),Fruits,,82.4,347,1.7,1.2,18.7,4.0,10,0.3,10,East,Vegetarian,snack,Grilled,100,0,Synthetic_IFCT_schema,Synthetic_Variant
SYN03711,"Soybean, raw (fried)",Pulses and Legumes,,465.4,1808,36.5,19.9,30.2,9.3,240,,,West India,Vegetarian,Any,Boiled,150,0,Synthetic_IFCT_schema,Synthetic_Variant
SYN03712,"Potato, raw (raw)",Vegetables,Scientific_20,75.8,322,1.9,0.1,17.8,1.8,11,0.7,13,Pan India,Vegetarian,lunch,Cooked,150,0,Synthetic_IFCT_schema,Synthetic_Variant
SYN03713,Pomegranate (fried),Fruits,,84.6,347,1.7,1.2,18.7,4.0,10,0.3,10,West India,Vegetarian,breakfast,,100,0,Synthetic_IFCT_schema,Synthetic_Variant
SYN03714,"Soybean, raw (steamed)",Pulses and Legumes,,455.5,1808,36.5,19.9,30.2,9.3,240,,,West India,Vegetarian,Any,Boiled,150,0,Synthetic_IFCT_schema,Synthetic_Variant
SYN03715,Pomegranate (boiled),Fruits,Scientific_69,88.6,347,1.7,1.2,18.7,4.0,10,0.3,,West India,Vegetarian,Dinner,Fried,150,0,Synthetic_IFCT_schema,Synthetic_Variant
SYN03716,Pomegranate (steamed),Fruits,Scientific_68,85.0,347,1.7,1.2,18.7,4.0,10,0.3,10,Northern,Veg,dinner,Steamed,N/A,0,Synthetic_IFCT_schema,Synthetic_Variant
SYN03717,"Onion, raw (roasted)",Vegetables,,39.1,167,1.1,0.1,9.3,1.7,23,0.4,7,Pan India,Vegetarian,lunch,Cooked,200,0,Synthetic_IFCT_schema,Synthetic_Variant
SYN03718,Bamboo shoots (boiled),Vegetables,,27.2,113,2.6,0.3,5.2,2.2,,,,East India,Vegetarian,Dinner,Boiled,100,0,Synthetic_IFCT_schema,Synthetic_Variant
SYN03719,Jowar (Sorghum) (fried),Cereals and Millets,Scientific_5,369.5,,10.4,1.9,72.6,1.6,25,,0,Unknown,Vegetarian,Main Course,Fried,,0,Synthetic_IFCT_schema,Synthetic_Variant
SYN03720,Khandvi (raw),Composite Dishes,,120.1,544,4.5,4.8,18.0,1.2,,,,West India,Vegetarian,breakfast,Roasted,100,1,Synthetic_IFCT_schema,Synthetic_Variant
SYN03721,Oats (boiled),Cereals and Millets,,393.7,1628,16.9,6.9,66.3,,54,4.7,0,North India,Vegetarian,Breakfast,Cooked,100,0,Synthetic_IFCT_schema,Synthetic_Variant
SYN03722,"Rice, cooked (raw)",Cereals and Millets,,130.8,544,2.7,0.3,28.2,,3,0.2,0,Pan India,non-vegetarian,Snack,Baked,100,0,Synthetic_IFCT_schema,Synthetic_Variant
SYN03723,Pomegranate (steamed),Fruits,,84.4,347,1.7,1.2,18.7,4.0,10,0.3,10,West India,Vegetarian,Lunch,Steamed,100,0,Synthetic_IFCT_schema,Synthetic_Variant
SYN03724,Cowpea (Black-eyed pea) (fried),Pulses and Legumes,,300.0,1351,23.4,1.8,54.5,,227,8.6,1,South India,Vegetarian,Lunch,Roasted,200,0,Synthetic_IFCT_schema,Synthetic_Variant
SYN03725,Pomegranate (roasted),Fruits,Scientific_47,85.0,,1.7,1.2,18.7,4.0,10,0.3,10,West India,Non-Veg,snack,Grilled,200,0,Synthetic_IFCT_schema,Synthetic_Variant
SYN03726,Shrikhand (boiled),Milk and Milk Products,,235.9,921,7.0,7.0,33.0,,,,,West India,Vegetarian,Dinner,Cooked,100,0,Synthetic_IFCT_schema,Synthetic_Variant
SYN03727,"Urad dal, raw (fried)",Pulses and Legumes,Scientific_15,,1428,25.1,1.4,59.0,1.8,154,4.5,0,South India,Vegetarian,Main Course,Grilled,N/A,0,Synthetic_IFCT_schema,Synthetic_Variant
SYN03728,"Peanut, raw (boiled)",Nuts and Oilseeds,Scientific_19,544.8,,25.8,49.2,16.1,8.5,92,4.6,0,West India,Non-Vegetarian,Dinner,Cooked,,0,Synthetic_IFCT_schema,Synthetic_Variant
SYN03729,Pomegranate (roasted),Fruits,Scientific_73,88.6,347,1.7,1.2,18.7,4.0,10,0.3,10,West India,Vegetarian,snack,Cooked,100,0,Synthetic_IFCT_schema,Synthetic_Variant
SYN03730,Appam (boiled),Composite Dishes,,117.0,502,2.5,2.8,22.0,0.5,,,,South India,Vegetarian,Beverage,N/A,100,1,Synthetic_IFCT_schema,Synthetic_Variant
SYN03731,Pomegranate (raw),Fruits,,81.5,347,1.7,1.2,18.7,4.0,10,0.3,10,West India,Vegetarian,Breakfast,N/A,,0,Synthetic_IFCT_schema,Synthetic_Variant
SYN03732,"Cauliflower, raw (steamed)",Vegetables,,25.9,105,1.9,0.4,4.9,2.5,22,0.4,,Western,Non-Veg,Breakfast,Steamed,200,0,Synthetic_IFCT_schema,Synthetic_Variant
SYN03733,"Cauliflower, raw (raw)",Vegetables,,26.2,105,1.9,0.4,4.9,2.5,22,0.4,,Western,Non-Veg,Breakfast,Steamed,200,0,Synthetic_IFCT_schema,Synthetic_Variant
SYN03734,Pomegranate (fried),Fruits,,77.7,,1.7,1.2,18.7,4.0,10,0.3,10,West India,Vegetarian,Dessert,Baked,150,0,Synthetic_IFCT_schema,Synthetic_Variant
SYN03735,"Tomato, raw (raw)",Vegetables,,,75,0.9,0.2,3.9,1.2,13,,27,Pan India,Vegetarian,Dessert,Roasted,100,0,Synthetic_IFCT_schema,Synthetic_Variant
SYN03736,Appam (fried),Composite Dishes,,116.5,502,2.5,2.8,22.0,0.5,,,,South India,Vegetarian,Beverage,N/A,100,1,Synthetic_IFCT_schema,Synthetic_Variant
SYN03737,Pomegranate (boiled),Fruits,Scientific_47,79.1,,1.7,1.2,18.7,4.0,10,0.3,10,West India,Non-Veg,snack,Grilled,200,0,Synthetic_IFCT_schema,Synthetic_Variant
SYN03738,Pomegranate (steamed),Fruits,,84.6,347,1.7,1.2,18.7,4.0,10,0.3,10,West India,Vegetarian,breakfast,,100,0,Synthetic_IFCT_schema,Synthetic_Variant
SYN03739,"Chana dal, raw (boiled)",Pulses and Legumes,Scientific_12,353.4,1556,20.8,5.6,59.8,,56,4.9,1,North India,Vegetarian,breakfast,Cooked,100,0,Synthetic_IFCT_schema,Synthetic_Variant
SYN03740,"Jackfruit, raw (roasted)",Fruits,,93.0,398,1.7,0.6,23.2,1.5,,,,South India,Vegetarian,Any,Baked,100,0,Synthetic_IFCT_schema,Synthetic_Variant
SYN03741,"Potato, raw (steamed)",Vegetables,Scientific_20,80.4,322,1.9,0.1,17.8,1.8,11,0.7,13,Pan India,Vegetarian,lunch,Cooked,150,0,Synthetic_IFCT_schema,Synthetic_Variant
SYN03742,Kabuli chana (fried),Pulses and Legumes,,352.9,,20.1,5.3,60.9,7.6,202,4.9,3,North India,Vegetarian,Breakfast,Grilled,N/A,0,Synthetic_IFCT_schema,Synthetic_Variant
SYN03743,Pomegranate (steamed),Fruits,,79.1,347,1.7,1.2,18.7,4.0,10,0.3,10,West India,Vegetarian,Lunch,Steamed,100,0,Synthetic_IFCT_schema,Synthetic_Variant
SYN03744,Watermelon (raw),Fruits,,30.0,125,0.6,0.2,7.6,0.4,7,,8,Pan India,Vegetarian,Breakfast,,200,0,Synthetic_IFCT_schema,Synthetic_Variant
SYN03745,Bottle gourd (Lauki) (roasted),Vegetables,,14.5,59,0.6,0.1,3.4,0.5,26,0.5,10,Pan India,Vegetarian,Beverage,Fried,150,0,Synthetic_IFCT_schema,Synthetic_Variant
SYN03746,"Papaya, ripe (steamed)",Fruits,,42.3,180,0.5,0.1,10.8,1.7,20,0.1,62,South India,Vegetarian,snack,Fried,,0,Synthetic_IFCT_schema,Synthetic_Variant
SYN03747,"Momos, veg (steamed) (fried)",Composite Dishes,,192.2,753,5.5,5.5,28.0,2.0,,,,East India,Vegetarian,lunch,Steamed,100,1,Synthetic_IFCT_schema,Synthetic_Variant
SYN03748,Pomegranate (steamed),Fruits,,,347,1.7,1.2,18.7,4.0,,0.3,10,West India,Vegetarian,Main Course,Steamed,200,0,Synthetic_IFCT_schema,Synthetic_Variant
SYN03749,Pomegranate (fried),Fruits,,83.3,347,1.7,1.2,18.7,4.0,,0.3,10,West India,Vegetarian,Main Course,Grilled,,0,Synthetic_IFCT_schema,Synthetic_Variant
SYN03750,Pomegranate (fried),Fruits,,78.4,347,1.7,1.2,18.7,4.0,10,0.3,10,West India,Vegetarian,Lunch,Roasted,200,0,Synthetic_IFCT_schema,Synthetic_Variant
SYN03751,"Rice, raw, milled (raw)",Cereals and Millets,,,1448,6.8,0.5,78.2,0.2,10,0.7,,Pan India,Vegetarian,Breakfast,Baked,,0,Synthetic_IFCT_schema,Synthetic_Variant
SYN03752,"Tomato, raw (fried)",Vegetables,,,75,0.9,0.2,3.9,1.2,13,,27,Pan India,Vegetarian,Dessert,Roasted,100,0,Synthetic_IFCT_schema,Synthetic_Variant
SYN03753,Rajma (Kidney beans) (roasted),Pulses and Legumes,,353.6,1448,22.9,1.5,60.6,6.4,260,7.0,4,North India,Vegetarian,Any,N/A,N/A,0,Synthetic_IFCT_schema,Synthetic_Variant
SYN03754,Pomegranate (boiled),Fruits,Scientific_80,,347,1.7,1.2,18.7,4.0,10,0.3,10,West India,Vegetarian,lunch,Cooked,200,0,Synthetic_IFCT_schema,Synthetic_Variant
SYN03755,Maize flour (roasted),Cereals and Millets,Scientific_7,369.7,1485,8.7,3.6,70.0,2.7,9,2.3,,Pan India,Vegetarian,Main Course,N/A,N/A,0,Synthetic_IFCT_schema,Synthetic_Variant
SYN03756,Fenugreek leaves (Methi) (roasted),Vegetables,Scientific_28,48.2,205,4.4,0.9,6.0,1.1,,1.9,52,North India,Vegetarian,Dessert,Boiled,150,0,Synthetic_IFCT_schema,Synthetic_Variant
SYN03757,Pomegranate (steamed),Fruits,,77.6,347,1.7,1.2,18.7,4.0,10,0.3,10,West India,Vegetarian,Breakfast,N/A,,0,Synthetic_IFCT_schema,Synthetic_Variant
SYN03758,Fenugreek leaves (Methi) (steamed),Vegetables,Scientific_28,50.9,205,4.4,0.9,6.0,1.1,,1.9,52,North India,Vegetarian,Dessert,Boiled,150,0,Synthetic_IFCT_schema,Synthetic_Variant
SYN03759,"Chana dal, raw (steamed)",Pulses and Legumes,Scientific_12,358.8,1556,20.8,5.6,59.8,,56,4.9,1,North India,Vegetarian,breakfast,Cooked,100,0,Synthetic_IFCT_schema,Synthetic_Variant
SYN03760,Pomegranate (steamed),Fruits,Scientific_70,,347,1.7,1.2,18.7,,10,0.3,10,West India,Veg,Main Course,Baked,200,0,Synthetic_IFCT_schema,Synthetic_Variant
SYN03761,"Spinach (Palak), raw (raw)",Vegetables,Scientific_23,,96,2.0,0.3,3.5,,99,1.8,28,Pan India,Vegetarian,breakfast,Fried,200,0,Synthetic_IFCT_schema,Synthetic_Variant
SYN03762,Khandvi (raw),Composite Dishes,,126.3,544,4.5,4.8,18.0,1.2,,,,West India,Vegetarian,breakfast,Roasted,100,1,Synthetic_IFCT_schema,Synthetic_Variant
SYN03763,Pomegranate (steamed),Fruits,,83.6,,1.7,1.2,18.7,4.0,10,0.3,10,West India,Vegetarian,Dessert,Baked,150,0,Synthetic_IFCT_schema,Synthetic_Variant
SYN03764,Pomegranate (fried),Fruits,,,347,1.7,1.2,18.7,4.0,10,0.3,10,North,Vegetarian,Snack,Roasted,,0,Synthetic_IFCT_schema,Synthetic_Variant
SYN03765,Pomegranate (steamed),Fruits,Scientific_53,77.3,347,1.7,1.2,18.7,4.0,10,0.3,10,West India,Vegetarian,Snack,Baked,100,0,Synthetic_IFCT_schema,Synthetic_Variant
SYN03766,Pomegranate (raw),Fruits,Scientific_68,80.4,347,1.7,1.2,18.7,4.0,10,0.3,10,Northern,Veg,dinner,Steamed,N/A,0,Synthetic_IFCT_schema,Synthetic_Variant
SYN03767,Pomegranate (steamed),Fruits,Scientific_50,85.8,347,1.7,1.2,18.7,4.0,10,0.3,,North India,Veg,Beverage,Steamed,100,0,Synthetic_IFCT_schema,Synthetic_Variant
SYN03768,Avial (boiled),Composite Dishes,,111.0,481,2.8,6.5,12.0,3.0,,,,South India,Vegetarian,lunch,,100,1,Synthetic_IFCT_schema,Synthetic_Variant
SYN03769,Kabuli chana (steamed),Pulses and Legumes,,344.8,,20.1,5.3,60.9,7.6,202,4.9,3,North India,Vegetarian,Breakfast,Grilled,N/A,0,Synthetic_IFCT_schema,Synthetic_Variant
SYN03770,"Mango, ripe (Alphonso) (roasted)",Fruits,Scientific_31,71.0,293,0.6,0.4,17.0,1.6,10,0.3,36,West India,Vegetarian,Lunch,N/A,N/A,0,Synthetic_IFCT_schema,Synthetic_Variant
SYN03771,Pomegranate (fried),Fruits,,,347,1.7,1.2,18.7,4.0,,0.3,10,West India,Vegetarian,Main Course,Steamed,200,0,Synthetic_IFCT_schema,Synthetic_Variant
SYN03772,Pomegranate (boiled),Fruits,,88.9,347,1.7,1.2,18.7,4.0,10,0.3,10,East,Vegetarian,snack,Grilled,100,0,Synthetic_IFCT_schema,Synthetic_Variant
SYN03773,"Tomato, raw (roasted)",Vegetables,,,75,0.9,0.2,3.9,1.2,13,,27,Pan India,Vegetarian,Dessert,Roasted,100,0,Synthetic_IFCT_schema,Synthetic_Variant
SYN03774,Banana (Cavendish) (roasted),Fruits,Scientific_32,95.1,372,1.1,0.3,23.0,2.6,5,0.3,8,South India,Vegetarian,Dinner,,100,0,Synthetic_IFCT_schema,Synthetic_Variant
SYN03775,Pomegranate (boiled),Fruits,,,347,1.7,1.2,18.7,4.0,10,0.3,10,North,Vegetarian,Snack,Roasted,,0,Synthetic_IFCT_schema,Synthetic_Variant
SYN03776,Litti chokha (roasted),Composite Dishes,,306.0,1340,9.0,10.0,50.0,3.5,,,,East India,Vegetarian,Beverage,Fried,100,1,Synthetic_IFCT_schema,Synthetic_Variant
SYN03777,Pomegranate (steamed),Fruits,,,347,1.7,1.2,18.7,4.0,,0.3,10,West India,Vegetarian,Main Course,Steamed,200,0,Synthetic_IFCT_schema,Synthetic_Variant
SYN03778,Pomegranate (roasted),Fruits,Scientific_65,86.2,347,1.7,1.2,18.7,4.0,10,0.3,10,West India,Vegetarian,Main Course,Baked,N/A,0,Synthetic_IFCT_schema,Synthetic_Variant
SYN03779,Jowar (Sorghum) (boiled),Cereals and Millets,Scientific_5,367.3,,10.4,1.9,72.6,1.6,25,,0,Unknown,Vegetarian,Main Course,Fried,,0,Synthetic_IFCT_schema,Synthetic_Variant
SYN03780,Watermelon (boiled),Fruits,,28.1,125,0.6,0.2,7.6,0.4,7,,8,Pan India,Vegetarian,Breakfast,,200,0,Synthetic_IFCT_schema,Synthetic_Variant
SYN03781,Pomegranate (steamed),Fruits,,,347,1.7,1.2,18.7,4.0,10,0.3,,West India,Vegetarian,breakfast,Fried,,0,Synthetic_IFCT_schema,Synthetic_Variant
SYN03782,Rajma (Kidney beans) (boiled),Pulses and Legumes,,333.5,1448,22.9,1.5,60.6,6.4,260,7.0,4,North India,Vegetarian,Any,N/A,N/A,0,Synthetic_IFCT_schema,Synthetic_Variant
SYN03783,Pomegranate (raw),Fruits,,83.0,347,1.7,1.2,18.7,4.0,10,0.3,10,West India,Vegetarian,Beverage,Steamed,,0,Synthetic_IFCT_schema,Synthetic_Variant
SYN03784,Okra (Bhindi) (fried),Vegetables,Scientific_26,34.3,138,2.1,0.2,7.0,2.5,82,0.8,21,Pan India,non-vegetarian,,Fried,150,0,Synthetic_IFCT_schema,Synthetic_Variant
SYN03785,Ragi (Finger millet) (steamed),Cereals and Millets,Scientific_6,316.5,1373,7.3,1.5,66.8,3.6,344,3.9,0,South India,Vegetarian,Main Course,Boiled,N/A,0,Synthetic_IFCT_schema,Synthetic_Variant
SYN03786,Pomegranate (roasted),Fruits,Scientific_47,79.4,,1.7,1.2,18.7,4.0,10,0.3,10,West India,Non-Veg,snack,Grilled,200,0,Synthetic_IFCT_schema,Synthetic_Variant
SYN03787,Pomegranate (raw),Fruits,,88.7,347,1.7,1.2,18.7,4.0,10,0.3,10,West India,Vegetarian,breakfast,,100,0,Synthetic_IFCT_schema,Synthetic_Variant
SYN03788,Bajra (Pearl millet) (roasted),Cereals and Millets,,370.5,1519,11.6,5.0,67.5,1.2,42,8.0,0,West India,Vegetarian,Main Course,Cooked,150,0,Synthetic_IFCT_schema,Synthetic_Variant
SYN03789,"Soybean, raw (fried)",Pulses and Legumes,,436.7,1808,36.5,19.9,30.2,9.3,240,,,West India,Vegetarian,Any,Boiled,150,0,Synthetic_IFCT_schema,Synthetic_Variant
SYN03790,Rasam (fried),Composite Dishes,,31.0,125,1.2,0.8,4.5,,,,,South India,Vegetarian,Beverage,,100,1,Synthetic_IFCT_schema,Synthetic_Variant
SYN03791,"Moong dal, raw (boiled)",Pulses and Legumes,,310.0,,24.0,1.3,59.9,4.1,75,6.7,7,Pan India,Vegetarian,,,,0,Synthetic_IFCT_schema,Synthetic_Variant
SYN03792,"Jackfruit, raw (steamed)",Fruits,,93.7,398,1.7,0.6,23.2,1.5,,,,South India,Vegetarian,Any,Baked,100,0,Synthetic_IFCT_schema,Synthetic_Variant
SYN03793,Litti chokha (fried),Composite Dishes,,342.5,1340,9.0,10.0,50.0,3.5,,,,East India,Vegetarian,Beverage,Fried,100,1,Synthetic_IFCT_schema,Synthetic_Variant
SYN03794,Sabudana (Tapioca pearls) (fried),Cereals and Millets,,343.9,1469,0.2,0.2,88.7,0.9,,,,West India,Vegetarian,Dinner,Steamed,100,0,Synthetic_IFCT_schema,Synthetic_Variant
SYN03795,"Mango, ripe (Alphonso) (fried)",Fruits,Scientific_31,64.7,293,0.6,0.4,17.0,1.6,10,0.3,36,West India,Vegetarian,Lunch,N/A,N/A,0,Synthetic_IFCT_schema,Synthetic_Variant
SYN03796,Pomegranate (roasted),Fruits,Scientific_40,85.0,347,1.7,1.2,18.7,4.0,10,0.3,10,West India,Vegetarian,Any,Cooked,N/A,0,Synthetic_IFCT_schema,Synthetic_Variant
SYN03797,"Masoor dal, raw (steamed)",Pulses and Legumes,,351.9,1435,25.1,0.9,59.0,3.5,68,7.6,1,Southern,Vegetarian,lunch,Grilled,100,0,Synthetic_IFCT_schema,Synthetic_Variant
SYN03798,"Soybean, raw (boiled)",Pulses and Legumes,,428.7,1808,36.5,19.9,30.2,9.3,240,,,West India,Vegetarian,Any,Boiled,150,0,Synthetic_IFCT_schema,Synthetic_Variant
SYN03799,Watermelon (raw),Fruits,,31.5,125,0.6,0.2,7.6,0.4,7,,8,Pan India,Vegetarian,Breakfast,,200,0,Synthetic_IFCT_schema,Synthetic_Variant
SYN03800,Pomegranate (boiled),Fruits,,79.1,347,1.7,1.2,18.7,4.0,10,0.3,10,East,Vegetarian,snack,Grilled,100,0,Synthetic_IFCT_schema,Synthetic_Variant
SYN03801,Shrikhand (steamed),Milk and Milk Products,,236.6,921,7.0,7.0,33.0,,,,,West India,Vegetarian,Dinner,Cooked,100,0,Synthetic_IFCT_schema,Synthetic_Variant
SYN03802,Pomegranate (steamed),Fruits,,85.5,347,1.7,1.2,18.7,4.0,10,0.3,10,West India,Vegetarian,Snack,Grilled,150,0,Synthetic_IFCT_schema,Synthetic_Variant
SYN03803,Pomegranate (raw),Fruits,,89.3,347,1.7,1.2,18.7,4.0,10,0.3,10,West India,Vegetarian,Dessert,Steamed,150,0,Synthetic_IFCT_schema,Synthetic_Variant
SYN03804,Oats (raw),Cereals and Millets,,361.4,1628,16.9,6.9,66.3,,54,4.7,0,North India,Vegetarian,Breakfast,Cooked,100,0,Synthetic_IFCT_schema,Synthetic_Variant
SYN03805,Litti chokha (boiled),Composite Dishes,,311.1,1340,9.0,10.0,50.0,3.5,,,,East India,Vegetarian,Beverage,Fried,100,1,Synthetic_IFCT_schema,Synthetic_Variant
SYN03806,"Spinach (Palak), raw (fried)",Vegetables,Scientific_23,,96,2.0,0.3,3.5,,99,1.8,28,Pan India,Vegetarian,breakfast,Fried,200,0,Synthetic_IFCT_schema,Synthetic_Variant
SYN03807,Pomegranate (raw),Fruits,Scientific_40,87.9,347,1.7,1.2,18.7,4.0,10,0.3,10,West India,Vegetarian,Any,Cooked,N/A,0,Synthetic_IFCT_schema,Synthetic_Variant
SYN03808,Cowpea (Black-eyed pea) (roasted),Pulses and Legumes,,344.9,1351,23.4,1.8,54.5,,227,8.6,1,South India,Vegetarian,Lunch,Roasted,200,0,Synthetic_IFCT_schema,Synthetic_Variant
SYN03809,Khandvi (fried),Composite Dishes,,134.7,544,4.5,4.8,18.0,1.2,,,,West India,Vegetarian,breakfast,Roasted,100,1,Synthetic_IFCT_schema,Synthetic_Variant
SYN03810,Pomegranate (steamed),Fruits,,81.7,347,1.7,1.2,18.7,4.0,10,0.3,10,West India,Vegetarian,Beverage,Steamed,,0,Synthetic_IFCT_schema,Synthetic_Variant
SYN03811,Pomegranate (fried),Fruits,Scientific_78,88.1,347,1.7,1.2,18.7,4.0,10,0.3,10,West India,Vegetarian,,,,0,Synthetic_IFCT_schema,Synthetic_Variant
SYN03812,Pomegranate (roasted),Fruits,,86.6,347,1.7,1.2,18.7,4.0,10,0.3,10,West India,Vegetarian,Beverage,Steamed,,0,Synthetic_IFCT_schema,Synthetic_Variant
SYN03813,Sattu (roasted gram flour) (roasted),Cereals and Millets,,383.6,1700,22.5,7.0,64.0,1.8,,,,East India,Vegetarian,snack,Grilled,100,0,Synthetic_IFCT_schema,Synthetic_Variant
SYN03814,Bamboo shoots (raw),Vegetables,,28.9,113,2.6,0.3,5.2,2.2,,,,East India,Vegetarian,Dinner,Boiled,100,0,Synthetic_IFCT_schema,Synthetic_Variant
SYN03815,Guava (fried),Fruits,,65.9,285,2.6,1.0,14.3,5.4,18,,228,Maharashtra,Vegetarian,Snack,Baked,N/A,0,Synthetic_IFCT_schema,Synthetic_Variant
SYN03816,Bajra (Pearl millet) (raw),Cereals and Millets,,341.7,1519,11.6,5.0,67.5,1.2,42,8.0,0,West India,Vegetarian,Main Course,Cooked,150,0,Synthetic_IFCT_schema,Synthetic_Variant
SYN03817,Pomegranate (steamed),Fruits,,80.9,347,1.7,1.2,18.7,4.0,10,0.3,10,West India,Vegetarian,Lunch,Roasted,200,0,Synthetic_IFCT_schema,Synthetic_Variant
SYN03818,Pomegranate (roasted),Fruits,Scientific_78,78.0,347,1.7,1.2,18.7,4.0,10,0.3,10,West India,Vegetarian,,,,0,Synthetic_IFCT_schema,Synthetic_Variant
SYN03819,Sabudana (Tapioca pearls) (raw),Cereals and Millets,,336.5,1469,0.2,0.2,88.7,0.9,,,,West India,Vegetarian,Dinner,Steamed,100,0,Synthetic_IFCT_schema,Synthetic_Variant
SYN03820,"Rice, raw, milled (raw)",Cereals and Millets,,,1448,6.8,0.5,78.2,0.2,10,0.7,,Pan India,Vegetarian,Breakfast,Baked,,0,Synthetic_IFCT_schema,Synthetic_Variant
SYN03821,"Urad dal, raw (steamed)",Pulses and Legumes,Scientific_15,,1428,25.1,1.4,59.0,1.8,154,4.5,0,South India,Vegetarian,Main Course,Grilled,N/A,0,Synthetic_IFCT_schema,Synthetic_Variant
SYN03822,Pomegranate (raw),Fruits,Scientific_78,84.4,347,1.7,1.2,18.7,4.0,10,0.3,10,West India,Vegetarian,,,,0,Synthetic_IFCT_schema,Synthetic_Variant
SYN03823,Okra (Bhindi) (boiled),Vegetables,Scientific_26,35.6,138,2.1,0.2,7.0,2.5,82,0.8,21,Pan India,non-vegetarian,,Fried,150,0,Synthetic_IFCT_schema,Synthetic_Variant
SYN03824,Pomegranate (boiled),Fruits,,86.3,347,1.7,1.2,18.7,4.0,10,0.3,10,West India,Vegetarian,,Raw,N/A,0,Synthetic_IFCT_schema,Synthetic_Variant
SYN03825,Pomegranate (steamed),Fruits,Scientific_68,81.9,347,1.7,1.2,18.7,4.0,10,0.3,10,Northern,Veg,dinner,Steamed,N/A,0,Synthetic_IFCT_schema,Synthetic_Variant
SYN03826,Pomegranate (raw),Fruits,Scientific_40,84.8,347,1.7,1.2,18.7,4.0,10,0.3,10,West India,Vegetarian,Any,Cooked,N/A,0,Synthetic_IFCT_schema,Synthetic_Variant
SYN03827,"Cauliflower, raw (fried)",Vegetables,,26.0,105,1.9,0.4,4.9,2.5,22,0.4,,Western,Non-Veg,Breakfast,Steamed,200,0,Synthetic_IFCT_schema,Synthetic_Variant
SYN03828,"Onion, raw (boiled)",Vegetables,,40.0,167,1.1,0.1,9.3,1.7,23,0.4,7,Pan India,Vegetarian,lunch,Cooked,200,0,Synthetic_IFCT_schema,Synthetic_Variant
SYN03829,Kabuli chana (fried),Pulses and Legumes,,331.8,,20.1,5.3,60.9,7.6,202,4.9,3,North India,Vegetarian,Breakfast,Grilled,N/A,0,Synthetic_IFCT_schema,Synthetic_Variant
SYN03830,Pomegranate (boiled),Fruits,,77.5,347,1.7,1.2,18.7,4.0,10,0.3,10,West India,Vegetarian,Snack,Grilled,150,0,Synthetic_IFCT_schema,Synthetic_Variant
SYN03831,Pomegranate (raw),Fruits,,81.0,347,1.7,1.2,18.7,4.0,10,0.3,10,West India,Vegetarian,Snack,Boiled,N/A,0,Synthetic_IFCT_schema,Synthetic_Variant
SYN03832,Pomegranate (boiled),Fruits,Scientific_67,81.1,347,1.7,1.2,18.7,4.0,10,0.3,10,West India,Non-Vegetarian,lunch,Roasted,200,0,Synthetic_IFCT_schema,Synthetic_Variant
SYN03833,Pomegranate (boiled),Fruits,,81.2,347,1.7,1.2,18.7,4.0,10,,10,West India,Vegetarian,Snack,N/A,150,0,Synthetic_IFCT_schema,Synthetic_Variant
SYN03834,Sabudana (Tapioca pearls) (raw),Cereals and Millets,,370.5,1469,0.2,0.2,88.7,0.9,,,,West India,Vegetarian,Dinner,Steamed,100,0,Synthetic_IFCT_schema,Synthetic_Variant
SYN03835,Shrikhand (boiled),Milk and Milk Products,,220.7,921,7.0,7.0,33.0,,,,,West India,Vegetarian,Dinner,Cooked,100,0,Synthetic_IFCT_schema,Synthetic_Variant
SYN03836,Pomegranate (roasted),Fruits,Scientific_70,,347,1.7,1.2,18.7,,10,0.3,10,West India,Veg,Main Course,Baked,200,0,Synthetic_IFCT_schema,Synthetic_Variant
SYN03837,Bajra (Pearl millet) (roasted),Cereals and Millets,,357.8,1519,11.6,5.0,67.5,1.2,42,8.0,0,West India,Vegetarian,Main Course,Cooked,150,0,Synthetic_IFCT_schema,Synthetic_Variant
SYN03838,"Tofu, firm (roasted)",Pulses and Legumes,,73.2,318,8.0,4.8,1.9,0.3,,,,West India,Vegetarian,Lunch,N/A,100,0,Synthetic_IFCT_schema,Synthetic_Variant
SYN03839,Fenugreek leaves (Methi) (steamed),Vegetables,Scientific_28,48.5,205,4.4,0.9,6.0,1.1,,1.9,52,North India,Vegetarian,Dessert,Boiled,150,0,Synthetic_IFCT_schema,Synthetic_Variant
SYN03840,Pomegranate (boiled),Fruits,Scientific_71,79.2,347,1.7,1.2,18.7,4.0,10,0.3,10,West India,Vegetarian,Breakfast,Fried,100,0,Synthetic_IFCT_schema,Synthetic_Variant
SYN03841,Pomegranate (raw),Fruits,Scientific_69,83.6,347,1.7,1.2,18.7,4.0,10,0.3,,West India,Vegetarian,Dinner,Fried,150,0,Synthetic_IFCT_schema,Synthetic_Variant
SYN03842,"Soya chunks, raw (steamed)",Pulses and Legumes,,338.5,1444,52.0,0.5,33.0,13.0,,,,Pan India,Vegetarian,snack,Baked,100,0,Synthetic_IFCT_schema,Synthetic_Variant
SYN03843,Kabuli chana (fried),Pulses and Legumes,,374.1,,20.1,5.3,60.9,7.6,202,4.9,3,North India,Vegetarian,Breakfast,Grilled,N/A,0,Synthetic_IFCT_schema,Synthetic_Variant
SYN03844,Pomegranate (raw),Fruits,,89.5,347,1.7,1.2,18.7,4.0,10,0.3,10,West India,non-vegetarian,,Roasted,100,0,Synthetic_IFCT_schema,Synthetic_Variant
SYN03845,Pomegranate (roasted),Fruits,Scientific_50,80.2,347,1.7,1.2,18.7,4.0,10,0.3,,North India,Veg,Beverage,Steamed,100,0,Synthetic_IFCT_schema,Synthetic_Variant
SYN03846,"Masoor dal, raw (fried)",Pulses and Legumes,,361.6,1435,25.1,0.9,59.0,3.5,68,7.6,1,Southern,Vegetarian,lunch,Grilled,100,0,Synthetic_IFCT_schema,Synthetic_Variant
SYN03847,"Wheat flour, refined (roasted)",Cereals and Millets,Scientific_3,324.2,1456,10.3,0.9,73.9,0.3,23,2.7,0,North India,Vegetarian,snack,,,0,Synthetic_IFCT_schema,Synthetic_Variant
SYN03848,Pomegranate (boiled),Fruits,Scientific_80,,347,1.7,1.2,18.7,4.0,10,0.3,10,West India,Vegetarian,lunch,Cooked,200,0,Synthetic_IFCT_schema,Synthetic_Variant
SYN03849,Pomegranate (raw),Fruits,Scientific_40,88.4,347,1.7,1.2,18.7,4.0,10,0.3,10,West India,Vegetarian,Any,Cooked,N/A,0,Synthetic_IFCT_schema,Synthetic_Variant
SYN03850,Maize flour (raw),Cereals and Millets,Scientific_7,361.3,1485,8.7,3.6,70.0,2.7,9,2.3,,Pan India,Vegetarian,Main Course,N/A,N/A,0,Synthetic_IFCT_schema,Synthetic_Variant
SYN03851,Pomegranate (boiled),Fruits,Scientific_66,76.6,347,1.7,1.2,18.7,4.0,10,0.3,10,West India,Vegetarian,Dessert,Raw,200,0,Synthetic_IFCT_schema,Synthetic_Variant
SYN03852,Pomegranate (fried),Fruits,Scientific_59,82.6,347,1.7,1.2,18.7,4.0,10,0.3,10,West India,Vegetarian,Dessert,Steamed,150,0,Synthetic_IFCT_schema,Synthetic_Variant
SYN03853,Pomegranate (steamed),Fruits,Scientific_79,87.9,347,1.7,1.2,18.7,,,0.3,,West India,Vegetarian,lunch,Fried,200,0,Synthetic_IFCT_schema,Synthetic_Variant
SYN03854,Pomegranate (steamed),Fruits,,86.8,347,1.7,1.2,18.7,4.0,10,0.3,10,West India,Vegetarian,Breakfast,N/A,,0,Synthetic_IFCT_schema,Synthetic_Variant
SYN03855,Sabudana (Tapioca pearls) (fried),Cereals and Millets,,362.6,1469,0.2,0.2,88.7,0.9,,,,West India,Vegetarian,Dinner,Steamed,100,0,Synthetic_IFCT_schema,Synthetic_Variant
SYN03856,Khandvi (roasted),Composite Dishes,,120.9,544,4.5,4.8,18.0,1.2,,,,West India,Vegetarian,breakfast,Roasted,100,1,Synthetic_IFCT_schema,Synthetic_Variant
SYN03857,Pomegranate (boiled),Fruits,Scientific_68,85.2,347,1.7,1.2,18.7,4.0,10,0.3,10,Northern,Veg,dinner,Steamed,N/A,0,Synthetic_IFCT_schema,Synthetic_Variant
SYN03858,Pomegranate (roasted),Fruits,Scientific_71,86.6,347,1.7,1.2,18.7,4.0,10,0.3,10,West India,Vegetarian,Breakfast,Fried,100,0,Synthetic_IFCT_schema,Synthetic_Variant
SYN03859,Jowar (Sorghum) (boiled),Cereals and Millets,Scientific_5,330.9,,10.4,1.9,72.6,1.6,25,,0,Unknown,Vegetarian,Main Course,Fried,,0,Synthetic_IFCT_schema,Synthetic_Variant
SYN03860,Pomegranate (raw),Fruits,,87.2,347,1.7,1.2,18.7,4.0,,0.3,10,West India,Vegetarian,breakfast,,,0,Synthetic_IFCT_schema,Synthetic_Variant
SYN03861,Maize flour (boiled),Cereals and Millets,Scientific_7,333.1,1485,8.7,3.6,70.0,2.7,9,2.3,,Pan India,Vegetarian,Main Course,N/A,N/A,0,Synthetic_IFCT_schema,Synthetic_Variant
SYN03862,"Cauliflower, raw (roasted)",Vegetables,,23.6,105,1.9,0.4,4.9,2.5,22,0.4,,Western,Non-Veg,Breakfast,Steamed,200,0,Synthetic_IFCT_schema,Synthetic_Variant
SYN03863,Pomegranate (boiled),Fruits,,78.8,347,1.7,1.2,18.7,4.0,,0.3,10,West India,Vegetarian,Main Course,Grilled,,0,Synthetic_IFCT_schema,Synthetic_Variant
SYN03864,Bitter gourd (Karela) (fried),Vegetables,Scientific_27,18.3,,1.0,0.2,3.4,2.8,20,0.6,84,Pan India,Vegetarian,snack,,,0,Synthetic_IFCT_schema,Synthetic_Variant
SYN03865,Sattu (roasted gram flour) (boiled),Cereals and Millets,,397.1,1700,22.5,7.0,64.0,1.8,,,,East India,Vegetarian,snack,Grilled,100,0,Synthetic_IFCT_schema,Synthetic_Variant
SYN03866,"Soya chunks, raw (boiled)",Pulses and Legumes,,330.3,1444,52.0,0.5,33.0,13.0,,,,Pan India,Vegetarian,snack,Baked,100,0,Synthetic_IFCT_schema,Synthetic_Variant
SYN03867,Pomegranate (fried),Fruits,Scientific_79,78.6,347,1.7,1.2,18.7,,,0.3,,West India,Vegetarian,lunch,Fried,200,0,Synthetic_IFCT_schema,Synthetic_Variant
SYN03868,Kabuli chana (fried),Pulses and Legumes,,377.8,,20.1,5.3,60.9,7.6,202,4.9,3,North India,Vegetarian,Breakfast,Grilled,N/A,0,Synthetic_IFCT_schema,Synthetic_Variant
SYN03869,Pomegranate (fried),Fruits,,79.1,347,1.7,1.2,18.7,4.0,10,0.3,,West India,Veg,lunch,,,0,Synthetic_IFCT_schema,Synthetic_Variant
SYN03870,Pomegranate (boiled),Fruits,,77.3,347,1.7,1.2,18.7,4.0,10,0.3,10,West India,Vegetarian,Breakfast,N/A,,0,Synthetic_IFCT_schema,Synthetic_Variant
SYN03871,Appam (steamed),Composite Dishes,,115.9,502,2.5,2.8,22.0,0.5,,,,South India,Vegetarian,Beverage,N/A,100,1,Synthetic_IFCT_schema,Synthetic_Variant
SYN03872,Ragi (Finger millet) (fried),Cereals and Millets,Scientific_6,344.0,1373,7.3,1.5,66.8,3.6,344,3.9,0,South India,Vegetarian,Main Course,Boiled,N/A,0,Synthetic_IFCT_schema,Synthetic_Variant
SYN03873,"Wheat flour, refined (boiled)",Cereals and Millets,Scientific_3,349.1,1456,10.3,0.9,73.9,0.3,23,2.7,0,North India,Vegetarian,snack,,,0,Synthetic_IFCT_schema,Synthetic_Variant
SYN03874,"Moong dal, raw (raw)",Pulses and Legumes,,318.7,,24.0,1.3,59.9,4.1,75,6.7,7,Pan India,Vegetarian,,,,0,Synthetic_IFCT_schema,Synthetic_Variant
SYN03875,Pomegranate (boiled),Fruits,Scientific_80,,347,1.7,1.2,18.7,4.0,10,0.3,10,West India,Vegetarian,lunch,Cooked,200,0,Synthetic_IFCT_schema,Synthetic_Variant
SYN03876,"Wheat flour, whole (boiled)",Cereals and Millets,Scientific_2,348.6,1427,11.8,1.5,69.4,1.9,41,4.9,0,North India,Vegetarian,Beverage,Cooked,150,0,Synthetic_IFCT_schema,Synthetic_Variant
SYN03877,"Tofu, firm (raw)",Pulses and Legumes,,71.3,318,8.0,4.8,1.9,0.3,,,,West India,Vegetarian,Lunch,N/A,100,0,Synthetic_IFCT_schema,Synthetic_Variant
SYN03878,"Wheat flour, whole (roasted)",Cereals and Millets,Scientific_2,313.8,1427,11.8,1.5,69.4,1.9,41,4.9,0,North India,Vegetarian,Beverage,Cooked,150,0,Synthetic_IFCT_schema,Synthetic_Variant
SYN03879,Banana (Cavendish) (boiled),Fruits,Scientific_32,91.5,372,1.1,0.3,23.0,2.6,5,0.3,8,South India,Vegetarian,Dinner,,100,0,Synthetic_IFCT_schema,Synthetic_Variant
SYN03880,Pomegranate (fried),Fruits,,86.4,347,1.7,1.2,18.7,4.0,10,0.3,10,West India,Vegetarian,Dessert,N/A,100,0,Synthetic_IFCT_schema,Synthetic_Variant
SYN03881,Ragi (Finger millet) (boiled),Cereals and Millets,Scientific_6,330.0,1373,7.3,1.5,66.8,3.6,344,3.9,0,South India,Vegetarian,Main Course,Boiled,N/A,0,Synthetic_IFCT_schema,Synthetic_Variant
SYN03882,Pomegranate (fried),Fruits,,,347,1.7,1.2,18.7,4.0,,0.3,10,West India,Vegetarian,Main Course,Steamed,200,0,Synthetic_IFCT_schema,Synthetic_Variant
SYN03883,Pomegranate (roasted),Fruits,Scientific_65,81.8,347,1.7,1.2,18.7,4.0,10,0.3,10,West India,Vegetarian,Main Course,Baked,N/A,0,Synthetic_IFCT_schema,Synthetic_Variant
SYN03884,Pomegranate (steamed),Fruits,Scientific_69,83.5,347,1.7,1.2,18.7,4.0,10,0.3,,West India,Vegetarian,Dinner,Fried,150,0,Synthetic_IFCT_schema,Synthetic_Variant
SYN03885,"Moong dal, raw (raw)",Pulses and Legumes,,312.5,,24.0,1.3,59.9,4.1,75,6.7,7,Pan India,Vegetarian,,,,0,Synthetic_IFCT_schema,Synthetic_Variant
SYN03886,Ragi (Finger millet) (boiled),Cereals and Millets,Scientific_6,348.0,1373,7.3,1.5,66.8,3.6,344,3.9,0,South India,Vegetarian,Main Course,Boiled,N/A,0,Synthetic_IFCT_schema,Synthetic_Variant
SYN03887,Pomegranate (boiled),Fruits,,78.2,347,1.7,1.2,18.7,4.0,10,0.3,10,Unknown,Vegetarian,Beverage,Steamed,N/A,0,Synthetic_IFCT_schema,Synthetic_Variant
SYN03888,Brinjal (Eggplant) (raw),Vegetables,,25.7,105,1.4,0.3,5.5,3.4,18,0.3,2,Pan India,Vegetarian,lunch,Steamed,100,0,Synthetic_IFCT_schema,Synthetic_Variant
SYN03889,Pomegranate (roasted),Fruits,Scientific_80,,347,1.7,1.2,18.7,4.0,10,0.3,10,West India,Vegetarian,lunch,Cooked,200,0,Synthetic_IFCT_schema,Synthetic_Variant
SYN03890,Pomegranate (fried),Fruits,Scientific_71,80.1,347,1.7,1.2,18.7,4.0,10,0.3,10,West India,Vegetarian,Breakfast,Fried,100,0,Synthetic_IFCT_schema,Synthetic_Variant
SYN03891,"Toor dal, raw (roasted)",Pulses and Legumes,,312.0,,22.3,1.7,57.6,4.2,73,5.6,0,Pan India,Vegetarian,Dessert,Baked,100,0,Synthetic_IFCT_schema,Synthetic_Variant
SYN03892,"Papaya, ripe (roasted)",Fruits,,41.7,180,0.5,0.1,10.8,1.7,20,0.1,62,South India,Vegetarian,snack,Fried,,0,Synthetic_IFCT_schema,Synthetic_Variant
SYN03893,Pomegranate (raw),Fruits,,84.5,347,1.7,1.2,18.7,4.0,,0.3,10,West India,Vegetarian,Main Course,Grilled,,0,Synthetic_IFCT_schema,Synthetic_Variant
SYN03894,Pomegranate (raw),Fruits,,79.6,347,1.7,1.2,18.7,4.0,10,0.3,10,West India,Vegetarian,Lunch,Steamed,100,0,Synthetic_IFCT_schema,Synthetic_Variant
SYN03895,"Wheat flour, refined (steamed)",Cereals and Millets,Scientific_3,326.1,1456,10.3,0.9,73.9,0.3,23,2.7,0,North India,Vegetarian,snack,,,0,Synthetic_IFCT_schema,Synthetic_Variant
SYN03896,"Tomato, raw (roasted)",Vegetables,,,75,0.9,0.2,3.9,1.2,13,,27,Pan India,Vegetarian,Dessert,Roasted,100,0,Synthetic_IFCT_schema,Synthetic_Variant
SYN03897,Shrikhand (fried),Milk and Milk Products,,220.1,921,7.0,7.0,33.0,,,,,West India,Vegetarian,Dinner,Cooked,100,0,Synthetic_IFCT_schema,Synthetic_Variant
SYN03898,"Peanut, raw (raw)",Nuts and Oilseeds,Scientific_19,536.7,,25.8,49.2,16.1,8.5,92,4.6,0,West India,Non-Vegetarian,Dinner,Cooked,,0,Synthetic_IFCT_schema,Synthetic_Variant
SYN03899,"Rice, raw, milled (roasted)",Cereals and Millets,,,1448,6.8,0.5,78.2,0.2,10,0.7,,Pan India,Vegetarian,Breakfast,Baked,,0,Synthetic_IFCT_schema,Synthetic_Variant
SYN03900,"Rice, cooked (raw)",Cereals and Millets,,127.5,544,2.7,0.3,28.2,,3,0.2,0,Pan India,non-vegetarian,Snack,Baked,100,0,Synthetic_IFCT_schema,Synthetic_Variant
SYN03901,Pomegranate (raw),Fruits,Scientific_65,89.2,347,1.7,1.2,18.7,4.0,10,0.3,10,West India,Vegetarian,Main Course,Baked,N/A,0,Synthetic_IFCT_schema,Synthetic_Variant
SYN03902,Pomegranate (steamed),Fruits,Scientific_73,76.6,347,1.7,1.2,18.7,4.0,10,0.3,10,West India,Vegetarian,snack,Cooked,100,0,Synthetic_IFCT_schema,Synthetic_Variant
SYN03903,"Rice, cooked (boiled)",Cereals and Millets,,121.4,544,2.7,0.3,28.2,,3,0.2,0,Pan India,non-vegetarian,Snack,Baked,100,0,Synthetic_IFCT_schema,Synthetic_Variant
SYN03904,"Masoor dal, raw (fried)",Pulses and Legumes,,353.9,1435,25.1,0.9,59.0,3.5,68,7.6,1,Southern,Vegetarian,lunch,Grilled,100,0,Synthetic_IFCT_schema,Synthetic_Variant
SYN03905,Brinjal (Eggplant) (boiled),Vegetables,,23.3,105,1.4,0.3,5.5,3.4,18,0.3,2,Pan India,Vegetarian,lunch,Steamed,100,0,Synthetic_IFCT_schema,Synthetic_Variant
SYN03906,Amla (Indian gooseberry) (boiled),Fruits,,41.8,184,0.9,0.6,10.2,4.3,50,1.2,600,Western,Vegetarian,breakfast,Roasted,150,0,Synthetic_IFCT_schema,Synthetic_Variant
SYN03907,"Momos, veg (steamed) (fried)",Composite Dishes,,190.9,753,5.5,5.5,28.0,2.0,,,,East India,Vegetarian,lunch,Steamed,100,1,Synthetic_IFCT_schema,Synthetic_Variant
SYN03908,"Soybean, raw (steamed)",Pulses and Legumes,,407.5,1808,36.5,19.9,30.2,9.3,240,,,West India,Vegetarian,Any,Boiled,150,0,Synthetic_IFCT_schema,Synthetic_Variant
SYN03909,"Masoor dal, raw (boiled)",Pulses and Legumes,,347.7,1435,25.1,0.9,59.0,3.5,68,7.6,1,Southern,Vegetarian,lunch,Grilled,100,0,Synthetic_IFCT_schema,Synthetic_Variant
SYN03910,Pomegranate (raw),Fruits,Scientific_50,88.7,347,1.7,1.2,18.7,4.0,10,0.3,,North India,Veg,Beverage,Steamed,100,0,Synthetic_IFCT_schema,Synthetic_Variant
SYN03911,Ragi (Finger millet) (raw),Cereals and Millets,Scientific_6,313.2,1373,7.3,1.5,66.8,3.6,344,3.9,0,South India,Vegetarian,Main Course,Boiled,N/A,0,Synthetic_IFCT_schema,Synthetic_Variant
SYN03912,Pomegranate (roasted),Fruits,Scientific_70,,347,1.7,1.2,18.7,,10,0.3,10,West India,Veg,Main Course,Baked,200,0,Synthetic_IFCT_schema,Synthetic_Variant
SYN03913,Pomegranate (roasted),Fruits,,79.3,347,1.7,1.2,18.7,4.0,10,,10,West India,Vegetarian,Snack,N/A,150,0,Synthetic_IFCT_schema,Synthetic_Variant
SYN03914,Pomegranate (fried),Fruits,,86.8,347,1.7,1.2,18.7,4.0,10,0.3,10,West India,Vegetarian,Main Course,Fried,,0,Synthetic_IFCT_schema,Synthetic_Variant
SYN03915,Pomegranate (boiled),Fruits,,84.8,347,1.7,1.2,18.7,4.0,,0.3,10,West India,Vegetarian,breakfast,,,0,Synthetic_IFCT_schema,Synthetic_Variant
SYN03916,"Tofu, firm (raw)",Pulses and Legumes,,81.4,318,8.0,4.8,1.9,0.3,,,,West India,Vegetarian,Lunch,N/A,100,0,Synthetic_IFCT_schema,Synthetic_Variant
SYN03917,Bamboo shoots (fried),Vegetables,,27.6,113,2.6,0.3,5.2,2.2,,,,East India,Vegetarian,Dinner,Boiled,100,0,Synthetic_IFCT_schema,Synthetic_Variant
SYN03918,Pomegranate (roasted),Fruits,Scientific_50,85.4,347,1.7,1.2,18.7,4.0,10,0.3,,North India,Veg,Beverage,Steamed,100,0,Synthetic_IFCT_schema,Synthetic_Variant
SYN03919,Amla (Indian gooseberry) (fried),Fruits,,47.2,184,0.9,0.6,10.2,4.3,50,1.2,600,Western,Vegetarian,breakfast,Roasted,150,0,Synthetic_IFCT_schema,Synthetic_Variant
SYN03920,Appam (steamed),Composite Dishes,,118.9,502,2.5,2.8,22.0,0.5,,,,South India,Vegetarian,Beverage,N/A,100,1,Synthetic_IFCT_schema,Synthetic_Variant
SYN03921,"Tomato, raw (roasted)",Vegetables,,,75,0.9,0.2,3.9,1.2,13,,27,Pan India,Vegetarian,Dessert,Roasted,100,0,Synthetic_IFCT_schema,Synthetic_Variant
SYN03922,Pomegranate (boiled),Fruits,Scientific_79,82.3,347,1.7,1.2,18.7,,,0.3,,West India,Vegetarian,lunch,Fried,200,0,Synthetic_IFCT_schema,Synthetic_Variant
SYN03923,Pomegranate (raw),Fruits,,83.9,347,1.7,1.2,18.7,4.0,10,0.3,10,West India,non-vegetarian,,Roasted,100,0,Synthetic_IFCT_schema,Synthetic_Variant
SYN03924,"Soya chunks, raw (raw)",Pulses and Legumes,,338.9,1444,52.0,0.5,33.0,13.0,,,,Pan India,Vegetarian,snack,Baked,100,0,Synthetic_IFCT_schema,Synthetic_Variant
SYN03925,"Momos, veg (steamed) (roasted)",Composite Dishes,,183.2,753,5.5,5.5,28.0,2.0,,,,East India,Vegetarian,lunch,Steamed,100,1,Synthetic_IFCT_schema,Synthetic_Variant
SYN03926,Pomegranate (fried),Fruits,,78.9,,1.7,1.2,18.7,4.0,10,0.3,10,West India,Vegetarian,Dessert,Baked,150,0,Synthetic_IFCT_schema,Synthetic_Variant
SYN03927,Pomegranate (raw),Fruits,,85.3,347,1.7,1.2,18.7,,10,0.3,10,West India,Vegetarian,Dinner,Baked,100,0,Synthetic_IFCT_schema,Synthetic_Variant
SYN03928,Pomegranate (roasted),Fruits,Scientific_67,80.7,347,1.7,1.2,18.7,4.0,10,0.3,10,West India,Non-Vegetarian,lunch,Roasted,200,0,Synthetic_IFCT_schema,Synthetic_Variant
SYN03929,Sattu (roasted gram flour) (raw),Cereals and Millets,,422.7,1700,22.5,7.0,64.0,1.8,,,,East India,Vegetarian,snack,Grilled,100,0,Synthetic_IFCT_schema,Synthetic_Variant
SYN03930,Watermelon (boiled),Fruits,,28.2,125,0.6,0.2,7.6,0.4,7,,8,Pan India,Vegetarian,Breakfast,,200,0,Synthetic_IFCT_schema,Synthetic_Variant
SYN03931,"Wheat flour, whole (fried)",Cereals and Millets,Scientific_2,347.1,1427,11.8,1.5,69.4,1.9,41,4.9,0,North India,Vegetarian,Beverage,Cooked,150,0,Synthetic_IFCT_schema,Synthetic_Variant
SYN03932,Pomegranate (raw),Fruits,Scientific_71,81.6,347,1.7,1.2,18.7,4.0,10,0.3,10,West India,Vegetarian,Breakfast,Fried,100,0,Synthetic_IFCT_schema,Synthetic_Variant
SYN03933,"Toor dal, raw (fried)",Pulses and Legumes,,329.4,,22.3,1.7,57.6,4.2,73,5.6,0,Pan India,Vegetarian,Dessert,Baked,100,0,Synthetic_IFCT_schema,Synthetic_Variant
SYN03934,Pomegranate (steamed),Fruits,Scientific_65,82.3,347,1.7,1.2,18.7,4.0,10,0.3,10,West India,Vegetarian,Main Course,Baked,N/A,0,Synthetic_IFCT_schema,Synthetic_Variant
SYN03935,Watermelon (steamed),Fruits,,31.7,125,0.6,0.2,7.6,0.4,7,,8,Pan India,Vegetarian,Breakfast,,200,0,Synthetic_IFCT_schema,Synthetic_Variant
SYN03936,Pomegranate (raw),Fruits,Scientific_67,79.5,347,1.7,1.2,18.7,4.0,10,0.3,10,West India,Non-Vegetarian,lunch,Roasted,200,0,Synthetic_IFCT_schema,Synthetic_Variant
SYN03937,Pomegranate (fried),Fruits,,81.0,347,1.7,1.2,18.7,4.0,10,0.3,10,West India,Vegetarian,breakfast,,100,0,Synthetic_IFCT_schema,Synthetic_Variant
SYN03938,Avial (boiled),Composite Dishes,,110.4,481,2.8,6.5,12.0,3.0,,,,South India,Vegetarian,lunch,,100,1,Synthetic_IFCT_schema,Synthetic_Variant
SYN03939,Pomegranate (boiled),Fruits,,86.4,347,1.7,1.2,18.7,4.0,10,0.3,10,West India,Vegetarian,,Raw,N/A,0,Synthetic_IFCT_schema,Synthetic_Variant
SYN03940,"Soya chunks, raw (steamed)",Pulses and Legumes,,367.6,1444,52.0,0.5,33.0,13.0,,,,Pan India,Vegetarian,snack,Baked,100,0,Synthetic_IFCT_schema,Synthetic_Variant
SYN03941,Ragi (Finger millet) (boiled),Cereals and Millets,Scientific_6,315.7,1373,7.3,1.5,66.8,3.6,344,3.9,0,South India,Vegetarian,Main Course,Boiled,N/A,0,Synthetic_IFCT_schema,Synthetic_Variant
SYN03942,Pomegranate (raw),Fruits,Scientific_50,78.7,347,1.7,1.2,18.7,4.0,10,0.3,,North India,Veg,Beverage,Steamed,100,0,Synthetic_IFCT_schema,Synthetic_Variant
SYN03943,"Toor dal, raw (steamed)",Pulses and Legumes,,353.6,,22.3,1.7,57.6,4.2,73,5.6,0,Pan India,Vegetarian,Dessert,Baked,100,0,Synthetic_IFCT_schema,Synthetic_Variant
SYN03944,"Rice, raw, milled (steamed)",Cereals and Millets,,,1448,6.8,0.5,78.2,0.2,10,0.7,,Pan India,Vegetarian,Breakfast,Baked,,0,Synthetic_IFCT_schema,Synthetic_Variant
SYN03945,Pomegranate (fried),Fruits,,83.2,347,1.7,1.2,18.7,4.0,10,0.3,10,West India,Vegetarian,Main Course,Fried,,0,Synthetic_IFCT_schema,Synthetic_Variant
SYN03946,Pomegranate (raw),Fruits,,85.3,347,1.7,1.2,18.7,4.0,10,0.3,10,West India,Vegetarian,Dessert,Steamed,150,0,Synthetic_IFCT_schema,Synthetic_Variant
SYN03947,Pomegranate (steamed),Fruits,Scientific_47,79.9,,1.7,1.2,18.7,4.0,10,0.3,10,West India,Non-Veg,snack,Grilled,200,0,Synthetic_IFCT_schema,Synthetic_Variant
SYN03948,Bitter gourd (Karela) (roasted),Vegetables,Scientific_27,17.4,,1.0,0.2,3.4,2.8,20,0.6,84,Pan India,Vegetarian,snack,,,0,Synthetic_IFCT_schema,Synthetic_Variant
SYN03949,Pomegranate (boiled),Fruits,Scientific_45,88.7,347,1.7,1.2,18.7,4.0,10,0.3,,West India,Veg,breakfast,Roasted,N/A,0,Synthetic_IFCT_schema,Synthetic_Variant
SYN03950,Pomegranate (roasted),Fruits,,89.1,347,1.7,1.2,18.7,4.0,10,0.3,,West India,Veg,lunch,,,0,Synthetic_IFCT_schema,Synthetic_Variant
SYN03951,Pomegranate (raw),Fruits,Scientific_40,76.7,347,1.7,1.2,18.7,4.0,10,0.3,10,West India,Vegetarian,Any,Cooked,N/A,0,Synthetic_IFCT_schema,Synthetic_Variant
SYN03952,Pomegranate (roasted),Fruits,,82.4,347,1.7,1.2,18.7,,10,0.3,10,Pan India,Vegetarian,Main Course,Fried,150,0,Synthetic_IFCT_schema,Synthetic_Variant
SYN03953,Shrikhand (roasted),Milk and Milk Products,,206.1,921,7.0,7.0,33.0,,,,,West India,Vegetarian,Dinner,Cooked,100,0,Synthetic_IFCT_schema,Synthetic_Variant
SYN03954,"Soybean, raw (fried)",Pulses and Legumes,,397.5,1808,36.5,19.9,30.2,9.3,240,,,West India,Vegetarian,Any,Boiled,150,0,Synthetic_IFCT_schema,Synthetic_Variant
SYN03955,Puttu (raw),Composite Dishes,,176.2,733,3.5,1.2,38.0,1.5,,,,South India,Vegetarian,Main Course,,100,1,Synthetic_IFCT_schema,Synthetic_Variant
SYN03956,Semolina (Rava) (fried),Cereals and Millets,,,1506,10.0,1.0,74.0,,16,4.7,0,Pan India,Veg,breakfast,Steamed,,0,Synthetic_IFCT_schema,Synthetic_Variant
SYN03957,"Wheat flour, refined (roasted)",Cereals and Millets,Scientific_3,357.6,1456,10.3,0.9,73.9,0.3,23,2.7,0,North India,Vegetarian,snack,,,0,Synthetic_IFCT_schema,Synthetic_Variant
SYN03958,"Rice, raw, milled (roasted)",Cereals and Millets,,,1448,6.8,0.5,78.2,0.2,10,0.7,,Pan India,Vegetarian,Breakfast,Baked,,0,Synthetic_IFCT_schema,Synthetic_Variant
SYN03959,Oats (raw),Cereals and Millets,,388.3,1628,16.9,6.9,66.3,,54,4.7,0,North India,Vegetarian,Breakfast,Cooked,100,0,Synthetic_IFCT_schema,Synthetic_Variant
SYN03960,Sattu (roasted gram flour) (raw),Cereals and Millets,,396.5,1700,22.5,7.0,64.0,1.8,,,,East India,Vegetarian,snack,Grilled,100,0,Synthetic_IFCT_schema,Synthetic_Variant
SYN03961,"Wheat flour, whole (fried)",Cereals and Millets,Scientific_2,365.7,1427,11.8,1.5,69.4,1.9,41,4.9,0,North India,Vegetarian,Beverage,Cooked,150,0,Synthetic_IFCT_schema,Synthetic_Variant
SYN03962,"Wheat flour, refined (fried)",Cereals and Millets,Scientific_3,352.8,1456,10.3,0.9,73.9,0.3,23,2.7,0,North India,Vegetarian,snack,,,0,Synthetic_IFCT_schema,Synthetic_Variant
SYN03963,Okra (Bhindi) (fried),Vegetables,Scientific_26,31.6,138,2.1,0.2,7.0,2.5,82,0.8,21,Pan India,non-vegetarian,,Fried,150,0,Synthetic_IFCT_schema,Synthetic_Variant
SYN03964,Pomegranate (steamed),Fruits,,79.5,347,1.7,1.2,18.7,4.0,10,,10,West India,Vegetarian,Snack,N/A,150,0,Synthetic_IFCT_schema,Synthetic_Variant
SYN03965,Pomegranate (fried),Fruits,,81.8,347,1.7,1.2,18.7,4.0,10,0.3,10,West India,Vegetarian,Snack,Grilled,150,0,Synthetic_IFCT_schema,Synthetic_Variant
SYN03966,Pomegranate (raw),Fruits,Scientific_67,89.4,347,1.7,1.2,18.7,4.0,10,0.3,10,West India,Non-Vegetarian,lunch,Roasted,200,0,Synthetic_IFCT_schema,Synthetic_Variant
SYN03967,Pomegranate (steamed),Fruits,,,347,1.7,1.2,18.7,4.0,10,0.3,10,North,Vegetarian,Snack,Roasted,,0,Synthetic_IFCT_schema,Synthetic_Variant
SYN03968,Pomegranate (steamed),Fruits,Scientific_66,86.4,347,1.7,1.2,18.7,4.0,10,0.3,10,West India,Vegetarian,Dessert,Raw,200,0,Synthetic_IFCT_schema,Synthetic_Variant
SYN03969,"Tomato, raw (steamed)",Vegetables,,,75,0.9,0.2,3.9,1.2,13,,27,Pan India,Vegetarian,Dessert,Roasted,100,0,Synthetic_IFCT_schema,Synthetic_Variant
SYN03970,"Wheat flour, refined (raw)",Cereals and Millets,Scientific_3,335.3,1456,10.3,0.9,73.9,0.3,23,2.7,0,North India,Vegetarian,snack,,,0,Synthetic_IFCT_schema,Synthetic_Variant
SYN03971,Pomegranate (boiled),Fruits,,85.7,347,1.7,1.2,18.7,4.0,10,0.3,,West India,Vegetarian,Snack,Baked,200,0,Synthetic_IFCT_schema,Synthetic_Variant
SYN03972,Pomegranate (fried),Fruits,,88.3,347,1.7,1.2,18.7,4.0,10,0.3,10,West India,Vegetarian,Breakfast,N/A,,0,Synthetic_IFCT_schema,Synthetic_Variant
SYN03973,Pomegranate (boiled),Fruits,,88.6,347,1.7,1.2,18.7,4.0,10,0.3,,West India,Veg,lunch,,,0,Synthetic_IFCT_schema,Synthetic_Variant
SYN03974,Fenugreek leaves (Methi) (fried),Vegetables,Scientific_28,52.7,205,4.4,0.9,6.0,1.1,,1.9,52,North India,Vegetarian,Dessert,Boiled,150,0,Synthetic_IFCT_schema,Synthetic_Variant
SYN03975,Pomegranate (boiled),Fruits,,79.2,347,1.7,1.2,18.7,,10,0.3,10,West India,Vegetarian,Dinner,Baked,100,0,Synthetic_IFCT_schema,Synthetic_Variant
SYN03976,"Soybean, raw (steamed)",Pulses and Legumes,,460.4,1808,36.5,19.9,30.2,9.3,240,,,West India,Vegetarian,Any,Boiled,150,0,Synthetic_IFCT_schema,Synthetic_Variant
SYN03977,Pomegranate (fried),Fruits,Scientific_79,85.1,347,1.7,1.2,18.7,,,0.3,,West India,Vegetarian,lunch,Fried,200,0,Synthetic_IFCT_schema,Synthetic_Variant
SYN03978,Bajra (Pearl millet) (raw),Cereals and Millets,,345.2,1519,11.6,5.0,67.5,1.2,42,8.0,0,West India,Vegetarian,Main Course,Cooked,150,0,Synthetic_IFCT_schema,Synthetic_Variant
SYN03979,Machher jhol (boiled),Composite Dishes,,148.6,649,17.0,9.0,3.0,0.6,,,,East India,Non-Vegetarian,Dessert,Boiled,100,1,Synthetic_IFCT_schema,Synthetic_Variant
SYN03980,"Wheat flour, whole (roasted)",Cereals and Millets,Scientific_2,342.8,1427,11.8,1.5,69.4,1.9,41,4.9,0,North India,Vegetarian,Beverage,Cooked,150,0,Synthetic_IFCT_schema,Synthetic_Variant
SYN03981,Guava (boiled),Fruits,,63.4,285,2.6,1.0,14.3,5.4,18,,228,Maharashtra,Vegetarian,Snack,Baked,N/A,0,Synthetic_IFCT_schema,Synthetic_Variant
SYN03982,Pomegranate (boiled),Fruits,Scientific_61,83.2,347,1.7,1.2,18.7,4.0,10,0.3,,West India,Vegetarian,Dessert,,100,0,Synthetic_IFCT_schema,Synthetic_Variant
SYN03983,Pomegranate (boiled),Fruits,,,347,1.7,1.2,18.7,4.0,10,0.3,10,North,Vegetarian,Snack,Roasted,,0,Synthetic_IFCT_schema,Synthetic_Variant
SYN03984,Pomegranate (raw),Fruits,,81.8,347,1.7,1.2,18.7,4.0,10,0.3,10,Unknown,Vegetarian,Beverage,Steamed,N/A,0,Synthetic_IFCT_schema,Synthetic_Variant
SYN03985,Pomegranate (steamed),Fruits,,,347,1.7,1.2,18.7,4.0,10,0.3,,West India,Vegetarian,breakfast,Fried,,0,Synthetic_IFCT_schema,Synthetic_Variant
SYN03986,Pomegranate (steamed),Fruits,Scientific_61,85.2,347,1.7,1.2,18.7,4.0,10,0.3,,West India,Vegetarian,Dessert,,100,0,Synthetic_IFCT_schema,Synthetic_Variant
SYN03987,Pomegranate (steamed),Fruits,Scientific_59,83.2,347,1.7,1.2,18.7,4.0,10,0.3,10,West India,Vegetarian,Dessert,Steamed,150,0,Synthetic_IFCT_schema,Synthetic_Variant
SYN03988,"Jackfruit, raw (roasted)",Fruits,,100.8,398,1.7,0.6,23.2,1.5,,,,South India,Vegetarian,Any,Baked,100,0,Synthetic_IFCT_schema,Synthetic_Variant
SYN03989,"Urad dal, raw (raw)",Pulses and Legumes,Scientific_15,,1428,25.1,1.4,59.0,1.8,154,4.5,0,South India,Vegetarian,Main Course,Grilled,N/A,0,Synthetic_IFCT_schema,Synthetic_Variant
SYN03990,"Soybean, raw (boiled)",Pulses and Legumes,,411.3,1808,36.5,19.9,30.2,9.3,240,,,West India,Vegetarian,Any,Boiled,150,0,Synthetic_IFCT_schema,Synthetic_Variant
SYN03991,Pomegranate (raw),Fruits,Scientific_50,85.6,347,1.7,1.2,18.7,4.0,10,0.3,,North India,Veg,Beverage,Steamed,100,0,Synthetic_IFCT_schema,Synthetic_Variant
SYN03992,Watermelon (roasted),Fruits,,30.8,125,0.6,0.2,7.6,0.4,7,,8,Pan India,Vegetarian,Breakfast,,200,0,Synthetic_IFCT_schema,Synthetic_Variant
SYN03993,Ragi (Finger millet) (steamed),Cereals and Millets,Scientific_6,311.2,1373,7.3,1.5,66.8,3.6,344,3.9,0,South India,Vegetarian,Main Course,Boiled,N/A,0,Synthetic_IFCT_schema,Synthetic_Variant
SYN03994,Brinjal (Eggplant) (roasted),Vegetables,,24.3,105,1.4,0.3,5.5,3.4,18,0.3,2,Pan India,Vegetarian,lunch,Steamed,100,0,Synthetic_IFCT_schema,Synthetic_Variant
SYN03995,Guava (raw),Fruits,,72.2,285,2.6,1.0,14.3,5.4,18,,228,Maharashtra,Vegetarian,Snack,Baked,N/A,0,Synthetic_IFCT_schema,Synthetic_Variant
SYN03996,"Peanut, raw (roasted)",Nuts and Oilseeds,Scientific_19,557.7,,25.8,49.2,16.1,8.5,92,4.6,0,West India,Non-Vegetarian,Dinner,Cooked,,0,Synthetic_IFCT_schema,Synthetic_Variant
SYN03997,"Peanut, raw (steamed)",Nuts and Oilseeds,Scientific_19,574.3,,25.8,49.2,16.1,8.5,92,4.6,0,West India,Non-Vegetarian,Dinner,Cooked,,0,Synthetic_IFCT_schema,Synthetic_Variant
SYN03998,Okra (Bhindi) (fried),Vegetables,Scientific_26,34.9,138,2.1,0.2,7.0,2.5,82,0.8,21,Pan India,non-vegetarian,,Fried,150,0,Synthetic_IFCT_schema,Synthetic_Variant
SYN03999,Pomegranate (boiled),Fruits,,82.7,,1.7,1.2,18.7,4.0,10,0.3,10,West India,Vegetarian,Dessert,Baked,150,0,Synthetic_IFCT_schema,Synthetic_Variant
SYN04000,Khandvi (steamed),Composite Dishes,,122.4,544,4.5,4.8,18.0,1.2,,,,West India,Vegetarian,breakfast,Roasted,100,1,Synthetic_IFCT_schema,Synthetic_Variant
SYN04001,"Soya chunks, raw (roasted)",Pulses and Legumes,,329.3,1444,52.0,0.5,33.0,13.0,,,,Pan India,Vegetarian,snack,Baked,100,0,Synthetic_IFCT_schema,Synthetic_Variant
SYN04002,Pomegranate (steamed),Fruits,,,347,1.7,1.2,18.7,4.0,,0.3,10,West India,Vegetarian,Main Course,Steamed,200,0,Synthetic_IFCT_schema,Synthetic_Variant
SYN04003,"Momos, veg (steamed) (boiled)",Composite Dishes,,166.4,753,5.5,5.5,28.0,2.0,,,,East India,Vegetarian,lunch,Steamed,100,1,Synthetic_IFCT_schema,Synthetic_Variant
SYN04004,Semolina (Rava) (fried),Cereals and Millets,,,1506,10.0,1.0,74.0,,16,4.7,0,Pan India,Veg,breakfast,Steamed,,0,Synthetic_IFCT_schema,Synthetic_Variant
SYN04005,Pomegranate (roasted),Fruits,,,347,1.7,1.2,18.7,4.0,10,0.3,10,North,Vegetarian,Snack,Roasted,,0,Synthetic_IFCT_schema,Synthetic_Variant
SYN04006,Litti chokha (fried),Composite Dishes,,320.8,1340,9.0,10.0,50.0,3.5,,,,East India,Vegetarian,Beverage,Fried,100,1,Synthetic_IFCT_schema,Synthetic_Variant
SYN04007,Pomegranate (boiled),Fruits,Scientific_71,87.3,347,1.7,1.2,18.7,4.0,10,0.3,10,West India,Vegetarian,Breakfast,Fried,100,0,Synthetic_IFCT_schema,Synthetic_Variant
SYN04008,Pomegranate (fried),Fruits,Scientific_67,85.0,347,1.7,1.2,18.7,4.0,10,0.3,10,West India,Non-Vegetarian,lunch,Roasted,200,0,Synthetic_IFCT_schema,Synthetic_Variant
SYN04009,"Coconut, fresh (roasted)",Nuts and Oilseeds,Scientific_30,345.1,1482,3.3,33.5,15.2,9.0,14,1.9,3,South India,Vegetarian,Lunch,,200,0,Synthetic_IFCT_schema,Synthetic_Variant
SYN04010,Pomegranate (boiled),Fruits,,85.5,347,1.7,1.2,18.7,4.0,10,0.3,10,West India,Vegetarian,breakfast,,100,0,Synthetic_IFCT_schema,Synthetic_Variant
SYN04011,"Rice, raw, milled (roasted)",Cereals and Millets,,,1448,6.8,0.5,78.2,0.2,10,0.7,,Pan India,Vegetarian,Breakfast,Baked,,0,Synthetic_IFCT_schema,Synthetic_Variant
SYN04012,Pomegranate (roasted),Fruits,,82.2,347,1.7,1.2,18.7,,10,0.3,10,West India,Vegetarian,Dinner,Baked,100,0,Synthetic_IFCT_schema,Synthetic_Variant
SYN04013,Litti chokha (steamed),Composite Dishes,,302.7,1340,9.0,10.0,50.0,3.5,,,,East India,Vegetarian,Beverage,Fried,100,1,Synthetic_IFCT_schema,Synthetic_Variant
SYN04014,Fenugreek leaves (Methi) (raw),Vegetables,Scientific_28,45.1,205,4.4,0.9,6.0,1.1,,1.9,52,North India,Vegetarian,Dessert,Boiled,150,0,Synthetic_IFCT_schema,Synthetic_Variant
SYN04015,Jowar (Sorghum) (steamed),Cereals and Millets,Scientific_5,351.9,,10.4,1.9,72.6,1.6,25,,0,Unknown,Vegetarian,Main Course,Fried,,0,Synthetic_IFCT_schema,Synthetic_Variant
SYN04016,"Rice, cooked (steamed)",Cereals and Millets,,122.6,544,2.7,0.3,28.2,,3,0.2,0,Pan India,non-vegetarian,Snack,Baked,100,0,Synthetic_IFCT_schema,Synthetic_Variant
SYN04017,Litti chokha (fried),Composite Dishes,,326.5,1340,9.0,10.0,50.0,3.5,,,,East India,Vegetarian,Beverage,Fried,100,1,Synthetic_IFCT_schema,Synthetic_Variant
SYN04018,"Rice, raw, milled (raw)",Cereals and Millets,,,1448,6.8,0.5,78.2,0.2,10,0.7,,Pan India,Vegetarian,Breakfast,Baked,,0,Synthetic_IFCT_schema,Synthetic_Variant
SYN04019,Pomegranate (roasted),Fruits,Scientific_62,89.3,347,1.7,1.2,18.7,4.0,10,0.3,10,West India,non-vegetarian,snack,Fried,,0,Synthetic_IFCT_schema,Synthetic_Variant
SYN04020,Cowpea (Black-eyed pea) (fried),Pulses and Legumes,,334.3,1351,23.4,1.8,54.5,,227,8.6,1,South India,Vegetarian,Lunch,Roasted,200,0,Synthetic_IFCT_schema,Synthetic_Variant
SYN04021,Pomegranate (raw),Fruits,Scientific_40,82.2,347,1.7,1.2,18.7,4.0,10,0.3,10,West India,Vegetarian,Any,Cooked,N/A,0,Synthetic_IFCT_schema,Synthetic_Variant
SYN04022,"Soya chunks, raw (boiled)",Pulses and Legumes,,334.8,1444,52.0,0.5,33.0,13.0,,,,Pan India,Vegetarian,snack,Baked,100,0,Synthetic_IFCT_schema,Synthetic_Variant
SYN04023,Okra (Bhindi) (boiled),Vegetables,Scientific_26,31.5,138,2.1,0.2,7.0,2.5,82,0.8,21,Pan India,non-vegetarian,,Fried,150,0,Synthetic_IFCT_schema,Synthetic_Variant
SYN04024,Pomegranate (boiled),Fruits,Scientific_53,87.1,347,1.7,1.2,18.7,4.0,10,0.3,10,West India,Vegetarian,Snack,Baked,100,0,Synthetic_IFCT_schema,Synthetic_Variant
SYN04025,Pomegranate (raw),Fruits,Scientific_73,89.4,347,1.7,1.2,18.7,4.0,10,0.3,10,West India,Vegetarian,snack,Cooked,100,0,Synthetic_IFCT_schema,Synthetic_Variant
SYN04026,"Soybean, raw (roasted)",Pulses and Legumes,,424.1,1808,36.5,19.9,30.2,9.3,240,,,West India,Vegetarian,Any,Boiled,150,0,Synthetic_IFCT_schema,Synthetic_Variant
SYN04027,Pomegranate (raw),Fruits,,82.7,347,1.7,1.2,18.7,4.0,10,0.3,10,West India,Vegetarian,Lunch,Steamed,100,0,Synthetic_IFCT_schema,Synthetic_Variant
SYN04028,Pomegranate (fried),Fruits,Scientific_79,84.5,347,1.7,1.2,18.7,,,0.3,,West India,Vegetarian,lunch,Fried,200,0,Synthetic_IFCT_schema,Synthetic_Variant
SYN04029,Pomegranate (roasted),Fruits,,89.6,347,1.7,1.2,18.7,4.0,10,0.3,10,West India,non-vegetarian,,Roasted,100,0,Synthetic_IFCT_schema,Synthetic_Variant
SYN04030,Appam (boiled),Composite Dishes,,110.9,502,2.5,2.8,22.0,0.5,,,,South India,Vegetarian,Beverage,N/A,100,1,Synthetic_IFCT_schema,Synthetic_Variant
SYN04031,Pomegranate (fried),Fruits,,80.0,347,1.7,1.2,18.7,4.0,10,0.3,10,West India,Vegetarian,Breakfast,N/A,,0,Synthetic_IFCT_schema,Synthetic_Variant
SYN04032,Pomegranate (steamed),Fruits,Scientific_53,85.2,347,1.7,1.2,18.7,4.0,10,0.3,10,West India,Vegetarian,Snack,Baked,100,0,Synthetic_IFCT_schema,Synthetic_Variant
SYN04033,Pomegranate (fried),Fruits,,78.9,347,1.7,1.2,18.7,4.0,10,0.3,10,West India,Vegetarian,Breakfast,N/A,,0,Synthetic_IFCT_schema,Synthetic_Variant
SYN04034,Methi thepla (fried),Composite Dishes,,284.6,1193,7.5,12.0,38.0,3.0,,,,West India,Vegetarian,Beverage,Boiled,100,1,Synthetic_IFCT_schema,Synthetic_Variant
SYN04035,"Tomato, raw (fried)",Vegetables,,,75,0.9,0.2,3.9,1.2,13,,27,Pan India,Vegetarian,Dessert,Roasted,100,0,Synthetic_IFCT_schema,Synthetic_Variant
SYN04036,Dhokla (fried),Composite Dishes,,76.4,318,3.5,1.5,12.0,0.8,,,,West India,Vegetarian,Breakfast,N/A,100,1,Synthetic_IFCT_schema,Synthetic_Variant
SYN04037,Bajra (Pearl millet) (raw),Cereals and Millets,,391.4,1519,11.6,5.0,67.5,1.2,42,8.0,0,West India,Vegetarian,Main Course,Cooked,150,0,Synthetic_IFCT_schema,Synthetic_Variant
SYN04038,Pomegranate (raw),Fruits,,,347,1.7,1.2,18.7,4.0,,0.3,10,West India,Vegetarian,Main Course,Steamed,200,0,Synthetic_IFCT_schema,Synthetic_Variant
SYN04039,Pomegranate (steamed),Fruits,Scientific_70,,347,1.7,1.2,18.7,,10,0.3,10,West India,Veg,Main Course,Baked,200,0,Synthetic_IFCT_schema,Synthetic_Variant
SYN04040,Pomegranate (fried),Fruits,Scientific_45,82.6,347,1.7,1.2,18.7,4.0,10,0.3,,West India,Veg,breakfast,Roasted,N/A,0,Synthetic_IFCT_schema,Synthetic_Variant
SYN04041,Pomegranate (fried),Fruits,Scientific_59,83.2,347,1.7,1.2,18.7,4.0,10,0.3,10,West India,Vegetarian,Dessert,Steamed,150,0,Synthetic_IFCT_schema,Synthetic_Variant
SYN04042,"Chana dal, raw (fried)",Pulses and Legumes,Scientific_12,354.0,1556,20.8,5.6,59.8,,56,4.9,1,North India,Vegetarian,breakfast,Cooked,100,0,Synthetic_IFCT_schema,Synthetic_Variant
SYN04043,Pomegranate (roasted),Fruits,,79.4,347,1.7,1.2,18.7,4.0,10,0.3,10,West India,Vegetarian,Beverage,Steamed,,0,Synthetic_IFCT_schema,Synthetic_Variant
SYN04044,Pomegranate (raw),Fruits,,,347,1.7,1.2,18.7,4.0,,0.3,10,West India,Vegetarian,Main Course,Steamed,200,0,Synthetic_IFCT_schema,Synthetic_Variant
SYN04045,Pomegranate (raw),Fruits,,82.6,347,1.7,1.2,18.7,4.0,10,0.3,10,West India,Vegetarian,Lunch,Roasted,200,0,Synthetic_IFCT_schema,Synthetic_Variant
SYN04046,Avial (fried),Composite Dishes,,105.9,481,2.8,6.5,12.0,3.0,,,,South India,Vegetarian,lunch,,100,1,Synthetic_IFCT_schema,Synthetic_Variant
SYN04047,"Tofu, firm (raw)",Pulses and Legumes,,76.0,318,8.0,4.8,1.9,0.3,,,,West India,Vegetarian,Lunch,N/A,100,0,Synthetic_IFCT_schema,Synthetic_Variant
SYN04048,Pomegranate (roasted),Fruits,,87.4,347,1.7,1.2,18.7,4.0,10,0.3,10,West India,Vegetarian,Snack,Boiled,N/A,0,Synthetic_IFCT_schema,Synthetic_Variant
SYN04049,Pomegranate (boiled),Fruits,Scientific_80,,347,1.7,1.2,18.7,4.0,10,0.3,10,West India,Vegetarian,lunch,Cooked,200,0,Synthetic_IFCT_schema,Synthetic_Variant
SYN04050,Pomegranate (fried),Fruits,Scientific_73,82.5,347,1.7,1.2,18.7,4.0,10,0.3,10,West India,Vegetarian,snack,Cooked,100,0,Synthetic_IFCT_schema,Synthetic_Variant
SYN04051,Ragi (Finger millet) (raw),Cereals and Millets,Scientific_6,341.2,1373,7.3,1.5,66.8,3.6,344,3.9,0,South India,Vegetarian,Main Course,Boiled,N/A,0,Synthetic_IFCT_schema,Synthetic_Variant
SYN04052,Khandvi (steamed),Composite Dishes,,138.5,544,4.5,4.8,18.0,1.2,,,,West India,Vegetarian,breakfast,Roasted,100,1,Synthetic_IFCT_schema,Synthetic_Variant
SYN04053,"Onion, raw (fried)",Vegetables,,39.6,167,1.1,0.1,9.3,1.7,23,0.4,7,Pan India,Vegetarian,lunch,Cooked,200,0,Synthetic_IFCT_schema,Synthetic_Variant
SYN04054,Pomegranate (steamed),Fruits,,89.6,347,1.7,1.2,18.7,4.0,10,0.3,10,West India,Vegetarian,Dessert,N/A,100,0,Synthetic_IFCT_schema,Synthetic_Variant
SYN04055,Pomegranate (raw),Fruits,Scientific_61,80.3,347,1.7,1.2,18.7,4.0,10,0.3,,West India,Vegetarian,Dessert,,100,0,Synthetic_IFCT_schema,Synthetic_Variant
SYN04056,Pomegranate (raw),Fruits,Scientific_68,80.6,347,1.7,1.2,18.7,4.0,10,0.3,10,Northern,Veg,dinner,Steamed,N/A,0,Synthetic_IFCT_schema,Synthetic_Variant
SYN04057,"Toor dal, raw (raw)",Pulses and Legumes,,352.0,,22.3,1.7,57.6,4.2,73,5.6,0,Pan India,Vegetarian,Dessert,Baked,100,0,Synthetic_IFCT_schema,Synthetic_Variant
SYN04058,"Onion, raw (raw)",Vegetables,,41.0,167,1.1,0.1,9.3,1.7,23,0.4,7,Pan India,Vegetarian,lunch,Cooked,200,0,Synthetic_IFCT_schema,Synthetic_Variant
SYN04059,"Cauliflower, raw (steamed)",Vegetables,,24.1,105,1.9,0.4,4.9,2.5,22,0.4,,Western,Non-Veg,Breakfast,Steamed,200,0,Synthetic_IFCT_schema,Synthetic_Variant
SYN04060,Khandvi (fried),Composite Dishes,,139.7,544,4.5,4.8,18.0,1.2,,,,West India,Vegetarian,breakfast,Roasted,100,1,Synthetic_IFCT_schema,Synthetic_Variant
SYN04061,Pomegranate (steamed),Fruits,,76.5,347,1.7,1.2,18.7,4.0,10,0.3,10,West India,Vegetarian,Dessert,Steamed,150,0,Synthetic_IFCT_schema,Synthetic_Variant
SYN04062,Pomegranate (boiled),Fruits,Scientific_79,82.2,347,1.7,1.2,18.7,,,0.3,,West India,Vegetarian,lunch,Fried,200,0,Synthetic_IFCT_schema,Synthetic_Variant
SYN04063,"Momos, veg (steamed) (raw)",Composite Dishes,,190.8,753,5.5,5.5,28.0,2.0,,,,East India,Vegetarian,lunch,Steamed,100,1,Synthetic_IFCT_schema,Synthetic_Variant
SYN04064,Litti chokha (raw),Composite Dishes,,309.0,1340,9.0,10.0,50.0,3.5,,,,East India,Vegetarian,Beverage,Fried,100,1,Synthetic_IFCT_schema,Synthetic_Variant
SYN04065,Pomegranate (steamed),Fruits,,77.9,347,1.7,1.2,18.7,4.0,10,0.3,10,West India,Vegetarian,Dessert,Steamed,150,0,Synthetic_IFCT_schema,Synthetic_Variant
SYN04066,Methi thepla (boiled),Composite Dishes,,263.2,1193,7.5,12.0,38.0,3.0,,,,West India,Vegetarian,Beverage,Boiled,100,1,Synthetic_IFCT_schema,Synthetic_Variant
SYN04067,"Wheat flour, refined (steamed)",Cereals and Millets,Scientific_3,329.0,1456,10.3,0.9,73.9,0.3,23,2.7,0,North India,Vegetarian,snack,,,0,Synthetic_IFCT_schema,Synthetic_Variant
SYN04068,Pomegranate (raw),Fruits,Scientific_62,84.1,347,1.7,1.2,18.7,4.0,10,0.3,10,West India,non-vegetarian,snack,Fried,,0,Synthetic_IFCT_schema,Synthetic_Variant
SYN04069,Pomegranate (raw),Fruits,Scientific_40,83.1,347,1.7,1.2,18.7,4.0,10,0.3,10,West India,Vegetarian,Any,Cooked,N/A,0,Synthetic_IFCT_schema,Synthetic_Variant
SYN04070,Bitter gourd (Karela) (fried),Vegetables,Scientific_27,17.3,,1.0,0.2,3.4,2.8,20,0.6,84,Pan India,Vegetarian,snack,,,0,Synthetic_IFCT_schema,Synthetic_Variant
SYN04071,Pomegranate (boiled),Fruits,,,347,1.7,1.2,18.7,4.0,10,0.3,,West India,Vegetarian,breakfast,Fried,,0,Synthetic_IFCT_schema,Synthetic_Variant
SYN04072,Pomegranate (steamed),Fruits,Scientific_53,83.1,347,1.7,1.2,18.7,4.0,10,0.3,10,West India,Vegetarian,Snack,Baked,100,0,Synthetic_IFCT_schema,Synthetic_Variant
SYN04073,Puttu (fried),Composite Dishes,,167.6,733,3.5,1.2,38.0,1.5,,,,South India,Vegetarian,Main Course,,100,1,Synthetic_IFCT_schema,Synthetic_Variant
SYN04074,"Masoor dal, raw (raw)",Pulses and Legumes,,326.0,1435,25.1,0.9,59.0,3.5,68,7.6,1,Southern,Vegetarian,lunch,Grilled,100,0,Synthetic_IFCT_schema,Synthetic_Variant
SYN04075,Pomegranate (steamed),Fruits,,76.9,347,1.7,1.2,18.7,4.0,10,0.3,10,West India,Vegetarian,Snack,Boiled,N/A,0,Synthetic_IFCT_schema,Synthetic_Variant
SYN04076,"Toor dal, raw (fried)",Pulses and Legumes,,359.4,,22.3,1.7,57.6,4.2,73,5.6,0,Pan India,Vegetarian,Dessert,Baked,100,0,Synthetic_IFCT_schema,Synthetic_Variant
SYN04077,"Rice, raw, milled (raw)",Cereals and Millets,,,1448,6.8,0.5,78.2,0.2,10,0.7,,Pan India,Vegetarian,Breakfast,Baked,,0,Synthetic_IFCT_schema,Synthetic_Variant
SYN04078,Pomegranate (boiled),Fruits,,85.2,347,1.7,1.2,18.7,4.0,10,0.3,10,West India,Vegetarian,Dessert,N/A,100,0,Synthetic_IFCT_schema,Synthetic_Variant
SYN04079,Pomegranate (fried),Fruits,Scientific_78,88.3,347,1.7,1.2,18.7,4.0,10,0.3,10,West India,Vegetarian,,,,0,Synthetic_IFCT_schema,Synthetic_Variant
SYN04080,Pomegranate (boiled),Fruits,Scientific_62,83.2,347,1.7,1.2,18.7,4.0,10,0.3,10,West India,non-vegetarian,snack,Fried,,0,Synthetic_IFCT_schema,Synthetic_Variant
SYN04081,Pomegranate (roasted),Fruits,,87.7,347,1.7,1.2,18.7,4.0,10,0.3,10,East,Vegetarian,snack,Grilled,100,0,Synthetic_IFCT_schema,Synthetic_Variant
SYN04082,Pomegranate (steamed),Fruits,,85.4,347,1.7,1.2,18.7,4.0,10,0.3,10,West India,Vegetarian,Snack,Grilled,150,0,Synthetic_IFCT_schema,Synthetic_Variant
SYN04083,Pomegranate (roasted),Fruits,,88.9,347,1.7,1.2,18.7,,10,0.3,10,West India,Vegetarian,Dinner,Baked,100,0,Synthetic_IFCT_schema,Synthetic_Variant
SYN04084,Bottle gourd (Lauki) (boiled),Vegetables,,14.7,59,0.6,0.1,3.4,0.5,26,0.5,10,Pan India,Vegetarian,Beverage,Fried,150,0,Synthetic_IFCT_schema,Synthetic_Variant
SYN04085,"Rice, cooked (raw)",Cereals and Millets,,128.4,544,2.7,0.3,28.2,,3,0.2,0,Pan India,non-vegetarian,Snack,Baked,100,0,Synthetic_IFCT_schema,Synthetic_Variant
SYN04086,Bottle gourd (Lauki) (raw),Vegetables,,13.2,59,0.6,0.1,3.4,0.5,26,0.5,10,Pan India,Vegetarian,Beverage,Fried,150,0,Synthetic_IFCT_schema,Synthetic_Variant
SYN04087,"Tofu, firm (fried)",Pulses and Legumes,,80.5,318,8.0,4.8,1.9,0.3,,,,West India,Vegetarian,Lunch,N/A,100,0,Synthetic_IFCT_schema,Synthetic_Variant
SYN04088,Pomegranate (fried),Fruits,Scientific_69,82.4,347,1.7,1.2,18.7,4.0,10,0.3,,West India,Vegetarian,Dinner,Fried,150,0,Synthetic_IFCT_schema,Synthetic_Variant
SYN04089,"Chana dal, raw (fried)",Pulses and Legumes,Scientific_12,382.0,1556,20.8,5.6,59.8,,56,4.9,1,North India,Vegetarian,breakfast,Cooked,100,0,Synthetic_IFCT_schema,Synthetic_Variant
SYN04090,Pomegranate (roasted),Fruits,,88.9,347,1.7,1.2,18.7,4.0,,0.3,10,West India,Vegetarian,breakfast,,,0,Synthetic_IFCT_schema,Synthetic_Variant
SYN04091,Pomegranate (raw),Fruits,,82.3,347,1.7,1.2,18.7,4.0,10,0.3,10,West India,non-vegetarian,,Roasted,100,0,Synthetic_IFCT_schema,Synthetic_Variant
SYN04092,"Rice, raw, milled (raw)",Cereals and Millets,,,1448,6.8,0.5,78.2,0.2,10,0.7,,Pan India,Vegetarian,Breakfast,Baked,,0,Synthetic_IFCT_schema,Synthetic_Variant
SYN04093,Cowpea (Black-eyed pea) (raw),Pulses and Legumes,,324.4,1351,23.4,1.8,54.5,,227,8.6,1,South India,Vegetarian,Lunch,Roasted,200,0,Synthetic_IFCT_schema,Synthetic_Variant
SYN04094,Pomegranate (roasted),Fruits,,81.2,347,1.7,1.2,18.7,4.0,10,0.3,10,West India,Vegetarian,Dessert,Steamed,150,0,Synthetic_IFCT_schema,Synthetic_Variant
SYN04095,Sattu (roasted gram flour) (raw),Cereals and Millets,,425.5,1700,22.5,7.0,64.0,1.8,,,,East India,Vegetarian,snack,Grilled,100,0,Synthetic_IFCT_schema,Synthetic_Variant
SYN04096,Litti chokha (roasted),Composite Dishes,,324.0,1340,9.0,10.0,50.0,3.5,,,,East India,Vegetarian,Beverage,Fried,100,1,Synthetic_IFCT_schema,Synthetic_Variant
SYN04097,Rajma (Kidney beans) (steamed),Pulses and Legumes,,370.6,1448,22.9,1.5,60.6,6.4,260,7.0,4,North India,Vegetarian,Any,N/A,N/A,0,Synthetic_IFCT_schema,Synthetic_Variant
SYN04098,"Chana dal, raw (fried)",Pulses and Legumes,Scientific_12,351.4,1556,20.8,5.6,59.8,,56,4.9,1,North India,Vegetarian,breakfast,Cooked,100,0,Synthetic_IFCT_schema,Synthetic_Variant
SYN04099,Shrikhand (roasted),Milk and Milk Products,,220.8,921,7.0,7.0,33.0,,,,,West India,Vegetarian,Dinner,Cooked,100,0,Synthetic_IFCT_schema,Synthetic_Variant
SYN04100,Machher jhol (fried),Composite Dishes,,144.8,649,17.0,9.0,3.0,0.6,,,,East India,Non-Vegetarian,Dessert,Boiled,100,1,Synthetic_IFCT_schema,Synthetic_Variant
SYN04101,"Soya chunks, raw (raw)",Pulses and Legumes,,344.9,1444,52.0,0.5,33.0,13.0,,,,Pan India,Vegetarian,snack,Baked,100,0,Synthetic_IFCT_schema,Synthetic_Variant
SYN04102,Pomegranate (boiled),Fruits,,83.2,347,1.7,1.2,18.7,4.0,10,0.3,10,West India,Vegetarian,Beverage,Steamed,,0,Synthetic_IFCT_schema,Synthetic_Variant
SYN04103,Pomegranate (raw),Fruits,,86.6,347,1.7,1.2,18.7,4.0,10,0.3,10,Unknown,Vegetarian,Beverage,Steamed,N/A,0,Synthetic_IFCT_schema,Synthetic_Variant
SYN04104,Pomegranate (raw),Fruits,Scientific_70,,347,1.7,1.2,18.7,,10,0.3,10,West India,Veg,Main Course,Baked,200,0,Synthetic_IFCT_schema,Synthetic_Variant
SYN04105,Pomegranate (steamed),Fruits,,80.3,347,1.7,1.2,18.7,4.0,10,0.3,,West India,Vegetarian,Snack,Baked,200,0,Synthetic_IFCT_schema,Synthetic_Variant
SYN04106,Pomegranate (raw),Fruits,,80.4,347,1.7,1.2,18.7,4.0,10,,10,West India,Vegetarian,Snack,N/A,150,0,Synthetic_IFCT_schema,Synthetic_Variant
SYN04107,Pomegranate (fried),Fruits,,80.7,347,1.7,1.2,18.7,4.0,10,,10,West India,Vegetarian,Snack,N/A,150,0,Synthetic_IFCT_schema,Synthetic_Variant
SYN04108,Avial (roasted),Composite Dishes,,115.7,481,2.8,6.5,12.0,3.0,,,,South India,Vegetarian,lunch,,100,1,Synthetic_IFCT_schema,Synthetic_Variant
SYN04109,Pomegranate (steamed),Fruits,,87.2,347,1.7,1.2,18.7,4.0,10,0.3,10,West India,non-vegetarian,,Roasted,100,0,Synthetic_IFCT_schema,Synthetic_Variant
SYN04110,Pomegranate (boiled),Fruits,Scientific_70,,347,1.7,1.2,18.7,,10,0.3,10,West India,Veg,Main Course,Baked,200,0,Synthetic_IFCT_schema,Synthetic_Variant
SYN04111,Pomegranate (raw),Fruits,,89.1,347,1.7,1.2,18.7,,10,0.3,10,Pan India,Vegetarian,Main Course,Fried,150,0,Synthetic_IFCT_schema,Synthetic_Variant
SYN04112,Puttu (raw),Composite Dishes,,164.0,733,3.5,1.2,38.0,1.5,,,,South India,Vegetarian,Main Course,,100,1,Synthetic_IFCT_schema,Synthetic_Variant
SYN04113,Semolina (Rava) (boiled),Cereals and Millets,,,1506,10.0,1.0,74.0,,16,4.7,0,Pan India,Veg,breakfast,Steamed,,0,Synthetic_IFCT_schema,Synthetic_Variant
SYN04114,Pomegranate (steamed),Fruits,Scientific_59,80.1,347,1.7,1.2,18.7,4.0,10,0.3,10,West India,Vegetarian,Dessert,Steamed,150,0,Synthetic_IFCT_schema,Synthetic_Variant
SYN04115,Oats (steamed),Cereals and Millets,,370.5,1628,16.9,6.9,66.3,,54,4.7,0,North India,Vegetarian,Breakfast,Cooked,100,0,Synthetic_IFCT_schema,Synthetic_Variant
SYN04116,Oats (boiled),Cereals and Millets,,386.1,1628,16.9,6.9,66.3,,54,4.7,0,North India,Vegetarian,Breakfast,Cooked,100,0,Synthetic_IFCT_schema,Synthetic_Variant
SYN04117,"Tofu, firm (steamed)",Pulses and Legumes,,78.0,318,8.0,4.8,1.9,0.3,,,,West India,Vegetarian,Lunch,N/A,100,0,Synthetic_IFCT_schema,Synthetic_Variant
SYN04118,"Urad dal, raw (raw)",Pulses and Legumes,Scientific_15,,1428,25.1,1.4,59.0,1.8,154,4.5,0,South India,Vegetarian,Main Course,Grilled,N/A,0,Synthetic_IFCT_schema,Synthetic_Variant
SYN04119,Maize flour (fried),Cereals and Millets,Scientific_7,369.9,1485,8.7,3.6,70.0,2.7,9,2.3,,Pan India,Vegetarian,Main Course,N/A,N/A,0,Synthetic_IFCT_schema,Synthetic_Variant
SYN04120,Pomegranate (raw),Fruits,Scientific_59,88.5,347,1.7,1.2,18.7,4.0,10,0.3,10,West India,Vegetarian,Dessert,Steamed,150,0,Synthetic_IFCT_schema,Synthetic_Variant
SYN04121,Watermelon (steamed),Fruits,,31.7,125,0.6,0.2,7.6,0.4,7,,8,Pan India,Vegetarian,Breakfast,,200,0,Synthetic_IFCT_schema,Synthetic_Variant
SYN04122,Kabuli chana (raw),Pulses and Legumes,,340.2,,20.1,5.3,60.9,7.6,202,4.9,3,North India,Vegetarian,Breakfast,Grilled,N/A,0,Synthetic_IFCT_schema,Synthetic_Variant
SYN04123,Ragi (Finger millet) (boiled),Cereals and Millets,Scientific_6,303.1,1373,7.3,1.5,66.8,3.6,344,3.9,0,South India,Vegetarian,Main Course,Boiled,N/A,0,Synthetic_IFCT_schema,Synthetic_Variant
SYN04124,"Chana dal, raw (steamed)",Pulses and Legumes,Scientific_12,383.4,1556,20.8,5.6,59.8,,56,4.9,1,North India,Vegetarian,breakfast,Cooked,100,0,Synthetic_IFCT_schema,Synthetic_Variant
SYN04125,Rajma (Kidney beans) (fried),Pulses and Legumes,,367.3,1448,22.9,1.5,60.6,6.4,260,7.0,4,North India,Vegetarian,Any,N/A,N/A,0,Synthetic_IFCT_schema,Synthetic_Variant
SYN04126,"Papaya, ripe (roasted)",Fruits,,39.7,180,0.5,0.1,10.8,1.7,20,0.1,62,South India,Vegetarian,snack,Fried,,0,Synthetic_IFCT_schema,Synthetic_Variant
SYN04127,Pomegranate (roasted),Fruits,Scientific_79,87.2,347,1.7,1.2,18.7,,,0.3,,West India,Vegetarian,lunch,Fried,200,0,Synthetic_IFCT_schema,Synthetic_Variant
SYN04128,Pomegranate (boiled),Fruits,,80.2,347,1.7,1.2,18.7,4.0,10,0.3,10,West India,Vegetarian,,Raw,N/A,0,Synthetic_IFCT_schema,Synthetic_Variant
SYN04129,"Tomato, raw (raw)",Vegetables,,,75,0.9,0.2,3.9,1.2,13,,27,Pan India,Vegetarian,Dessert,Roasted,100,0,Synthetic_IFCT_schema,Synthetic_Variant
SYN04130,"Soybean, raw (fried)",Pulses and Legumes,,448.4,1808,36.5,19.9,30.2,9.3,240,,,West India,Vegetarian,Any,Boiled,150,0,Synthetic_IFCT_schema,Synthetic_Variant
SYN04131,Pomegranate (fried),Fruits,,78.9,347,1.7,1.2,18.7,4.0,10,0.3,10,East,Vegetarian,snack,Grilled,100,0,Synthetic_IFCT_schema,Synthetic_Variant
SYN04132,Pomegranate (roasted),Fruits,Scientific_50,82.4,347,1.7,1.2,18.7,4.0,10,0.3,,North India,Veg,Beverage,Steamed,100,0,Synthetic_IFCT_schema,Synthetic_Variant
SYN04133,Pomegranate (boiled),Fruits,Scientific_78,77.3,347,1.7,1.2,18.7,4.0,10,0.3,10,West India,Vegetarian,,,,0,Synthetic_IFCT_schema,Synthetic_Variant
SYN04134,"Masoor dal, raw (raw)",Pulses and Legumes,,365.9,1435,25.1,0.9,59.0,3.5,68,7.6,1,Southern,Vegetarian,lunch,Grilled,100,0,Synthetic_IFCT_schema,Synthetic_Variant
SYN04135,"Papaya, ripe (boiled)",Fruits,,41.4,180,0.5,0.1,10.8,1.7,20,0.1,62,South India,Vegetarian,snack,Fried,,0,Synthetic_IFCT_schema,Synthetic_Variant
SYN04136,Pomegranate (roasted),Fruits,Scientific_79,78.7,347,1.7,1.2,18.7,,,0.3,,West India,Vegetarian,lunch,Fried,200,0,Synthetic_IFCT_schema,Synthetic_Variant
SYN04137,Pomegranate (roasted),Fruits,Scientific_71,78.5,347,1.7,1.2,18.7,4.0,10,0.3,10,West India,Vegetarian,Breakfast,Fried,100,0,Synthetic_IFCT_schema,Synthetic_Variant
SYN04138,"Potato, raw (roasted)",Vegetables,Scientific_20,81.3,322,1.9,0.1,17.8,1.8,11,0.7,13,Pan India,Vegetarian,lunch,Cooked,150,0,Synthetic_IFCT_schema,Synthetic_Variant
SYN04139,Khandvi (raw),Composite Dishes,,122.7,544,4.5,4.8,18.0,1.2,,,,West India,Vegetarian,breakfast,Roasted,100,1,Synthetic_IFCT_schema,Synthetic_Variant
SYN04140,"Coconut, fresh (boiled)",Nuts and Oilseeds,Scientific_30,342.2,1482,3.3,33.5,15.2,9.0,14,1.9,3,South India,Vegetarian,Lunch,,200,0,Synthetic_IFCT_schema,Synthetic_Variant
SYN04141,Appam (boiled),Composite Dishes,,122.0,502,2.5,2.8,22.0,0.5,,,,South India,Vegetarian,Beverage,N/A,100,1,Synthetic_IFCT_schema,Synthetic_Variant
SYN04142,"Onion, raw (raw)",Vegetables,,39.6,167,1.1,0.1,9.3,1.7,23,0.4,7,Pan India,Vegetarian,lunch,Cooked,200,0,Synthetic_IFCT_schema,Synthetic_Variant
SYN04143,Avial (roasted),Composite Dishes,,117.3,481,2.8,6.5,12.0,3.0,,,,South India,Vegetarian,lunch,,100,1,Synthetic_IFCT_schema,Synthetic_Variant
SYN04144,Sattu (roasted gram flour) (roasted),Cereals and Millets,,429.7,1700,22.5,7.0,64.0,1.8,,,,East India,Vegetarian,snack,Grilled,100,0,Synthetic_IFCT_schema,Synthetic_Variant
SYN04145,Brinjal (Eggplant) (boiled),Vegetables,,23.5,105,1.4,0.3,5.5,3.4,18,0.3,2,Pan India,Vegetarian,lunch,Steamed,100,0,Synthetic_IFCT_schema,Synthetic_Variant
SYN04146,Rajma (Kidney beans) (steamed),Pulses and Legumes,,334.7,1448,22.9,1.5,60.6,6.4,260,7.0,4,North India,Vegetarian,Any,N/A,N/A,0,Synthetic_IFCT_schema,Synthetic_Variant
SYN04147,"Wheat flour, refined (roasted)",Cereals and Millets,Scientific_3,357.6,1456,10.3,0.9,73.9,0.3,23,2.7,0,North India,Vegetarian,snack,,,0,Synthetic_IFCT_schema,Synthetic_Variant
SYN04148,Pomegranate (steamed),Fruits,Scientific_45,85.3,347,1.7,1.2,18.7,4.0,10,0.3,,West India,Veg,breakfast,Roasted,N/A,0,Synthetic_IFCT_schema,Synthetic_Variant
SYN04149,Watermelon (roasted),Fruits,,30.1,125,0.6,0.2,7.6,0.4,7,,8,Pan India,Vegetarian,Breakfast,,200,0,Synthetic_IFCT_schema,Synthetic_Variant
SYN04150,Pomegranate (boiled),Fruits,,76.4,347,1.7,1.2,18.7,4.0,10,0.3,10,West India,Vegetarian,breakfast,,100,0,Synthetic_IFCT_schema,Synthetic_Variant
SYN04151,Pomegranate (fried),Fruits,,85.4,347,1.7,1.2,18.7,4.0,10,0.3,10,West India,Vegetarian,Lunch,Roasted,200,0,Synthetic_IFCT_schema,Synthetic_Variant
SYN04152,Pomegranate (raw),Fruits,,79.2,347,1.7,1.2,18.7,4.0,10,0.3,10,West India,Vegetarian,Beverage,Steamed,,0,Synthetic_IFCT_schema,Synthetic_Variant
SYN04153,"Rice, raw, milled (fried)",Cereals and Millets,,,1448,6.8,0.5,78.2,0.2,10,0.7,,Pan India,Vegetarian,Breakfast,Baked,,0,Synthetic_IFCT_schema,Synthetic_Variant
SYN04154,Bamboo shoots (fried),Vegetables,,26.9,113,2.6,0.3,5.2,2.2,,,,East India,Vegetarian,Dinner,Boiled,100,0,Synthetic_IFCT_schema,Synthetic_Variant
SYN04155,Pomegranate (boiled),Fruits,,81.2,347,1.7,1.2,18.7,,10,0.3,10,West India,Vegetarian,Dinner,Baked,100,0,Synthetic_IFCT_schema,Synthetic_Variant
SYN04156,Pomegranate (fried),Fruits,,89.1,347,1.7,1.2,18.7,4.0,10,0.3,,West India,Veg,lunch,,,0,Synthetic_IFCT_schema,Synthetic_Variant
SYN04157,"Soya chunks, raw (fried)",Pulses and Legumes,,327.0,1444,52.0,0.5,33.0,13.0,,,,Pan India,Vegetarian,snack,Baked,100,0,Synthetic_IFCT_schema,Synthetic_Variant
SYN04158,Pomegranate (fried),Fruits,Scientific_78,82.5,347,1.7,1.2,18.7,4.0,10,0.3,10,West India,Vegetarian,,,,0,Synthetic_IFCT_schema,Synthetic_Variant
SYN04159,Shrikhand (boiled),Milk and Milk Products,,224.1,921,7.0,7.0,33.0,,,,,West India,Vegetarian,Dinner,Cooked,100,0,Synthetic_IFCT_schema,Synthetic_Variant
SYN04160,Pomegranate (fried),Fruits,,76.6,347,1.7,1.2,18.7,4.0,10,0.3,10,Unknown,Vegetarian,Beverage,Steamed,N/A,0,Synthetic_IFCT_schema,Synthetic_Variant
SYN04161,"Papaya, ripe (boiled)",Fruits,,42.1,180,0.5,0.1,10.8,1.7,20,0.1,62,South India,Vegetarian,snack,Fried,,0,Synthetic_IFCT_schema,Synthetic_Variant
SYN04162,Pomegranate (boiled),Fruits,,80.5,347,1.7,1.2,18.7,4.0,10,0.3,10,Unknown,Vegetarian,Beverage,Steamed,N/A,0,Synthetic_IFCT_schema,Synthetic_Variant
SYN04163,Pomegranate (roasted),Fruits,,82.7,347,1.7,1.2,18.7,4.0,10,0.3,10,West India,Vegetarian,Breakfast,N/A,,0,Synthetic_IFCT_schema,Synthetic_Variant
SYN04164,Pomegranate (steamed),Fruits,Scientific_79,77.4,347,1.7,1.2,18.7,,,0.3,,West India,Vegetarian,lunch,Fried,200,0,Synthetic_IFCT_schema,Synthetic_Variant
SYN04165,"Tofu, firm (steamed)",Pulses and Legumes,,75.7,318,8.0,4.8,1.9,0.3,,,,West India,Vegetarian,Lunch,N/A,100,0,Synthetic_IFCT_schema,Synthetic_Variant
SYN04166,Pomegranate (roasted),Fruits,Scientific_62,88.7,347,1.7,1.2,18.7,4.0,10,0.3,10,West India,non-vegetarian,snack,Fried,,0,Synthetic_IFCT_schema,Synthetic_Variant
SYN04167,Pomegranate (roasted),Fruits,,84.9,347,1.7,1.2,18.7,4.0,10,0.3,10,West India,Vegetarian,Beverage,Steamed,,0,Synthetic_IFCT_schema,Synthetic_Variant
SYN04168,Pomegranate (fried),Fruits,,88.4,347,1.7,1.2,18.7,4.0,10,0.3,10,West India,Vegetarian,Lunch,Roasted,200,0,Synthetic_IFCT_schema,Synthetic_Variant
SYN04169,Pomegranate (steamed),Fruits,,78.1,347,1.7,1.2,18.7,4.0,10,0.3,10,West India,Vegetarian,Main Course,Fried,,0,Synthetic_IFCT_schema,Synthetic_Variant
SYN04170,Pomegranate (raw),Fruits,Scientific_68,89.5,347,1.7,1.2,18.7,4.0,10,0.3,10,Northern,Veg,dinner,Steamed,N/A,0,Synthetic_IFCT_schema,Synthetic_Variant
SYN04171,Maize flour (boiled),Cereals and Millets,Scientific_7,337.9,1485,8.7,3.6,70.0,2.7,9,2.3,,Pan India,Vegetarian,Main Course,N/A,N/A,0,Synthetic_IFCT_schema,Synthetic_Variant
SYN04172,"Mango, ripe (Alphonso) (boiled)",Fruits,Scientific_31,69.1,293,0.6,0.4,17.0,1.6,10,0.3,36,West India,Vegetarian,Lunch,N/A,N/A,0,Synthetic_IFCT_schema,Synthetic_Variant
SYN04173,Puttu (fried),Composite Dishes,,189.0,733,3.5,1.2,38.0,1.5,,,,South India,Vegetarian,Main Course,,100,1,Synthetic_IFCT_schema,Synthetic_Variant
SYN04174,Litti chokha (steamed),Composite Dishes,,327.0,1340,9.0,10.0,50.0,3.5,,,,East India,Vegetarian,Beverage,Fried,100,1,Synthetic_IFCT_schema,Synthetic_Variant
SYN04175,"Coconut, fresh (steamed)",Nuts and Oilseeds,Scientific_30,358.3,1482,3.3,33.5,15.2,9.0,14,1.9,3,South India,Vegetarian,Lunch,,200,0,Synthetic_IFCT_schema,Synthetic_Variant
SYN04176,Pomegranate (roasted),Fruits,Scientific_47,78.0,,1.7,1.2,18.7,4.0,10,0.3,10,West India,Non-Veg,snack,Grilled,200,0,Synthetic_IFCT_schema,Synthetic_Variant
SYN04177,Banana (Cavendish) (steamed),Fruits,Scientific_32,92.1,372,1.1,0.3,23.0,2.6,5,0.3,8,South India,Vegetarian,Dinner,,100,0,Synthetic_IFCT_schema,Synthetic_Variant
SYN04178,Maize flour (roasted),Cereals and Millets,Scientific_7,363.3,1485,8.7,3.6,70.0,2.7,9,2.3,,Pan India,Vegetarian,Main Course,N/A,N/A,0,Synthetic_IFCT_schema,Synthetic_Variant
SYN04179,Pomegranate (roasted),Fruits,Scientific_71,79.4,347,1.7,1.2,18.7,4.0,10,0.3,10,West India,Vegetarian,Breakfast,Fried,100,0,Synthetic_IFCT_schema,Synthetic_Variant
SYN04180,Pomegranate (roasted),Fruits,,81.6,347,1.7,1.2,18.7,4.0,10,0.3,10,West India,Vegetarian,Snack,Grilled,150,0,Synthetic_IFCT_schema,Synthetic_Variant
SYN04181,"Rice, cooked (fried)",Cereals and Millets,,137.6,544,2.7,0.3,28.2,,3,0.2,0,Pan India,non-vegetarian,Snack,Baked,100,0,Synthetic_IFCT_schema,Synthetic_Variant
SYN04182,"Mango, ripe (Alphonso) (boiled)",Fruits,Scientific_31,70.2,293,0.6,0.4,17.0,1.6,10,0.3,36,West India,Vegetarian,Lunch,N/A,N/A,0,Synthetic_IFCT_schema,Synthetic_Variant
SYN04183,Pomegranate (fried),Fruits,Scientific_70,,347,1.7,1.2,18.7,,10,0.3,10,West India,Veg,Main Course,Baked,200,0,Synthetic_IFCT_schema,Synthetic_Variant
SYN04184,Pomegranate (roasted),Fruits,,84.4,347,1.7,1.2,18.7,4.0,10,0.3,10,East,Vegetarian,snack,Grilled,100,0,Synthetic_IFCT_schema,Synthetic_Variant
SYN04185,Pomegranate (fried),Fruits,Scientific_62,81.8,347,1.7,1.2,18.7,4.0,10,0.3,10,West India,non-vegetarian,snack,Fried,,0,Synthetic_IFCT_schema,Synthetic_Variant
SYN04186,"Wheat flour, refined (steamed)",Cereals and Millets,Scientific_3,343.7,1456,10.3,0.9,73.9,0.3,23,2.7,0,North India,Vegetarian,snack,,,0,Synthetic_IFCT_schema,Synthetic_Variant
SYN04187,Rajma (Kidney beans) (fried),Pulses and Legumes,,345.7,1448,22.9,1.5,60.6,6.4,260,7.0,4,North India,Vegetarian,Any,N/A,N/A,0,Synthetic_IFCT_schema,Synthetic_Variant
SYN04188,Pomegranate (boiled),Fruits,,85.1,347,1.7,1.2,18.7,4.0,10,0.3,10,West India,Vegetarian,breakfast,,100,0,Synthetic_IFCT_schema,Synthetic_Variant
SYN04189,Pomegranate (raw),Fruits,Scientific_69,79.7,347,1.7,1.2,18.7,4.0,10,0.3,,West India,Vegetarian,Dinner,Fried,150,0,Synthetic_IFCT_schema,Synthetic_Variant
SYN04190,Pomegranate (steamed),Fruits,Scientific_59,76.5,347,1.7,1.2,18.7,4.0,10,0.3,10,West India,Vegetarian,Dessert,Steamed,150,0,Synthetic_IFCT_schema,Synthetic_Variant
SYN04191,Pomegranate (fried),Fruits,Scientific_40,81.6,347,1.7,1.2,18.7,4.0,10,0.3,10,West India,Vegetarian,Any,Cooked,N/A,0,Synthetic_IFCT_schema,Synthetic_Variant
SYN04192,Pomegranate (raw),Fruits,Scientific_69,85.7,347,1.7,1.2,18.7,4.0,10,0.3,,West India,Vegetarian,Dinner,Fried,150,0,Synthetic_IFCT_schema,Synthetic_Variant
SYN04193,Pomegranate (roasted),Fruits,,81.4,347,1.7,1.2,18.7,,10,0.3,10,Pan India,Vegetarian,Main Course,Fried,150,0,Synthetic_IFCT_schema,Synthetic_Variant
SYN04194,Ragi (Finger millet) (roasted),Cereals and Millets,Scientific_6,343.9,1373,7.3,1.5,66.8,3.6,344,3.9,0,South India,Vegetarian,Main Course,Boiled,N/A,0,Synthetic_IFCT_schema,Synthetic_Variant
SYN04195,Pomegranate (raw),Fruits,,82.9,347,1.7,1.2,18.7,4.0,10,0.3,10,West India,Vegetarian,,Raw,N/A,0,Synthetic_IFCT_schema,Synthetic_Variant
SYN04196,Avial (fried),Composite Dishes,,121.1,481,2.8,6.5,12.0,3.0,,,,South India,Vegetarian,lunch,,100,1,Synthetic_IFCT_schema,Synthetic_Variant
SYN04197,Pomegranate (boiled),Fruits,,86.7,347,1.7,1.2,18.7,4.0,10,0.3,10,West India,Vegetarian,Snack,Grilled,150,0,Synthetic_IFCT_schema,Synthetic_Variant
SYN04198,Kabuli chana (fried),Pulses and Legumes,,368.2,,20.1,5.3,60.9,7.6,202,4.9,3,North India,Vegetarian,Breakfast,Grilled,N/A,0,Synthetic_IFCT_schema,Synthetic_Variant
SYN04199,Fenugreek leaves (Methi) (steamed),Vegetables,Scientific_28,47.2,205,4.4,0.9,6.0,1.1,,1.9,52,North India,Vegetarian,Dessert,Boiled,150,0,Synthetic_IFCT_schema,Synthetic_Variant
SYN04200,Pomegranate (fried),Fruits,Scientific_80,,347,1.7,1.2,18.7,4.0,10,0.3,10,West India,Vegetarian,lunch,Cooked,200,0,Synthetic_IFCT_schema,Synthetic_Variant
SYN04201,Maize flour (raw),Cereals and Millets,Scientific_7,344.3,1485,8.7,3.6,70.0,2.7,9,2.3,,Pan India,Vegetarian,Main Course,N/A,N/A,0,Synthetic_IFCT_schema,Synthetic_Variant
SYN04202,Pomegranate (steamed),Fruits,,89.5,347,1.7,1.2,18.7,4.0,,0.3,10,West India,Vegetarian,breakfast,,,0,Synthetic_IFCT_schema,Synthetic_Variant
SYN04203,"Toor dal, raw (roasted)",Pulses and Legumes,,346.9,,22.3,1.7,57.6,4.2,73,5.6,0,Pan India,Vegetarian,Dessert,Baked,100,0,Synthetic_IFCT_schema,Synthetic_Variant
SYN04204,Amla (Indian gooseberry) (boiled),Fruits,,47.1,184,0.9,0.6,10.2,4.3,50,1.2,600,Western,Vegetarian,breakfast,Roasted,150,0,Synthetic_IFCT_schema,Synthetic_Variant
SYN04205,Maize flour (roasted),Cereals and Millets,Scientific_7,369.2,1485,8.7,3.6,70.0,2.7,9,2.3,,Pan India,Vegetarian,Main Course,N/A,N/A,0,Synthetic_IFCT_schema,Synthetic_Variant
SYN04206,Okra (Bhindi) (steamed),Vegetables,Scientific_26,33.8,138,2.1,0.2,7.0,2.5,82,0.8,21,Pan India,non-vegetarian,,Fried,150,0,Synthetic_IFCT_schema,Synthetic_Variant
SYN04207,Jowar (Sorghum) (boiled),Cereals and Millets,Scientific_5,347.3,,10.4,1.9,72.6,1.6,25,,0,Unknown,Vegetarian,Main Course,Fried,,0,Synthetic_IFCT_schema,Synthetic_Variant
SYN04208,"Rice, cooked (fried)",Cereals and Millets,,119.8,544,2.7,0.3,28.2,,3,0.2,0,Pan India,non-vegetarian,Snack,Baked,100,0,Synthetic_IFCT_schema,Synthetic_Variant
SYN04209,Pomegranate (raw),Fruits,Scientific_59,79.0,347,1.7,1.2,18.7,4.0,10,0.3,10,West India,Vegetarian,Dessert,Steamed,150,0,Synthetic_IFCT_schema,Synthetic_Variant
SYN04210,Pomegranate (raw),Fruits,Scientific_73,89.2,347,1.7,1.2,18.7,4.0,10,0.3,10,West India,Vegetarian,snack,Cooked,100,0,Synthetic_IFCT_schema,Synthetic_Variant
SYN04211,Litti chokha (fried),Composite Dishes,,333.1,1340,9.0,10.0,50.0,3.5,,,,East India,Vegetarian,Beverage,Fried,100,1,Synthetic_IFCT_schema,Synthetic_Variant
SYN04212,Pomegranate (boiled),Fruits,Scientific_66,88.8,347,1.7,1.2,18.7,4.0,10,0.3,10,West India,Vegetarian,Dessert,Raw,200,0,Synthetic_IFCT_schema,Synthetic_Variant
SYN04213,Avial (fried),Composite Dishes,,108.0,481,2.8,6.5,12.0,3.0,,,,South India,Vegetarian,lunch,,100,1,Synthetic_IFCT_schema,Synthetic_Variant
SYN04214,Amla (Indian gooseberry) (roasted),Fruits,,42.2,184,0.9,0.6,10.2,4.3,50,1.2,600,Western,Vegetarian,breakfast,Roasted,150,0,Synthetic_IFCT_schema,Synthetic_Variant
SYN04215,"Toor dal, raw (boiled)",Pulses and Legumes,,338.1,,22.3,1.7,57.6,4.2,73,5.6,0,Pan India,Vegetarian,Dessert,Baked,100,0,Synthetic_IFCT_schema,Synthetic_Variant
SYN04216,"Potato, raw (boiled)",Vegetables,Scientific_20,82.1,322,1.9,0.1,17.8,1.8,11,0.7,13,Pan India,Vegetarian,lunch,Cooked,150,0,Synthetic_IFCT_schema,Synthetic_Variant
SYN04217,Cowpea (Black-eyed pea) (boiled),Pulses and Legumes,,341.2,1351,23.4,1.8,54.5,,227,8.6,1,South India,Vegetarian,Lunch,Roasted,200,0,Synthetic_IFCT_schema,Synthetic_Variant
SYN04218,Shrikhand (raw),Milk and Milk Products,,229.9,921,7.0,7.0,33.0,,,,,West India,Vegetarian,Dinner,Cooked,100,0,Synthetic_IFCT_schema,Synthetic_Variant
SYN04219,Pomegranate (fried),Fruits,Scientific_79,76.6,347,1.7,1.2,18.7,,,0.3,,West India,Vegetarian,lunch,Fried,200,0,Synthetic_IFCT_schema,Synthetic_Variant
SYN04220,Ragi (Finger millet) (raw),Cereals and Millets,Scientific_6,306.6,1373,7.3,1.5,66.8,3.6,344,3.9,0,South India,Vegetarian,Main Course,Boiled,N/A,0,Synthetic_IFCT_schema,Synthetic_Variant
SYN04221,Pomegranate (raw),Fruits,,87.4,347,1.7,1.2,18.7,4.0,10,0.3,10,West India,Vegetarian,Dessert,N/A,100,0,Synthetic_IFCT_schema,Synthetic_Variant
SYN04222,Pomegranate (steamed),Fruits,,83.1,347,1.7,1.2,18.7,4.0,,0.3,10,West India,Vegetarian,breakfast,,,0,Synthetic_IFCT_schema,Synthetic_Variant
SYN04223,Machher jhol (boiled),Composite Dishes,,159.8,649,17.0,9.0,3.0,0.6,,,,East India,Non-Vegetarian,Dessert,Boiled,100,1,Synthetic_IFCT_schema,Synthetic_Variant
SYN04224,Pomegranate (boiled),Fruits,,76.4,347,1.7,1.2,18.7,,10,0.3,10,West India,Vegetarian,Dinner,Baked,100,0,Synthetic_IFCT_schema,Synthetic_Variant
SYN04225,Semolina (Rava) (roasted),Cereals and Millets,,,1506,10.0,1.0,74.0,,16,4.7,0,Pan India,Veg,breakfast,Steamed,,0,Synthetic_IFCT_schema,Synthetic_Variant
SYN04226,Amla (Indian gooseberry) (steamed),Fruits,,43.6,184,0.9,0.6,10.2,4.3,50,1.2,600,Western,Vegetarian,breakfast,Roasted,150,0,Synthetic_IFCT_schema,Synthetic_Variant
SYN04227,Pomegranate (steamed),Fruits,Scientific_65,78.6,347,1.7,1.2,18.7,4.0,10,0.3,10,West India,Vegetarian,Main Course,Baked,N/A,0,Synthetic_IFCT_schema,Synthetic_Variant
SYN04228,Pomegranate (boiled),Fruits,Scientific_68,86.6,347,1.7,1.2,18.7,4.0,10,0.3,10,Northern,Veg,dinner,Steamed,N/A,0,Synthetic_IFCT_schema,Synthetic_Variant
SYN04229,Pomegranate (roasted),Fruits,Scientific_68,84.4,347,1.7,1.2,18.7,4.0,10,0.3,10,Northern,Veg,dinner,Steamed,N/A,0,Synthetic_IFCT_schema,Synthetic_Variant
SYN04230,Pomegranate (raw),Fruits,Scientific_73,79.7,347,1.7,1.2,18.7,4.0,10,0.3,10,West India,Vegetarian,snack,Cooked,100,0,Synthetic_IFCT_schema,Synthetic_Variant
SYN04231,Pomegranate (roasted),Fruits,,85.6,,1.7,1.2,18.7,4.0,10,0.3,10,West India,Vegetarian,Dessert,Baked,150,0,Synthetic_IFCT_schema,Synthetic_Variant
SYN04232,Watermelon (steamed),Fruits,,28.1,125,0.6,0.2,7.6,0.4,7,,8,Pan India,Vegetarian,Breakfast,,200,0,Synthetic_IFCT_schema,Synthetic_Variant
SYN04233,Bottle gourd (Lauki) (steamed),Vegetables,,13.1,59,0.6,0.1,3.4,0.5,26,0.5,10,Pan India,Vegetarian,Beverage,Fried,150,0,Synthetic_IFCT_schema,Synthetic_Variant
SYN04234,Pomegranate (raw),Fruits,Scientific_53,84.6,347,1.7,1.2,18.7,4.0,10,0.3,10,West India,Vegetarian,Snack,Baked,100,0,Synthetic_IFCT_schema,Synthetic_Variant
SYN04235,Pomegranate (steamed),Fruits,Scientific_69,84.0,347,1.7,1.2,18.7,4.0,10,0.3,,West India,Vegetarian,Dinner,Fried,150,0,Synthetic_IFCT_schema,Synthetic_Variant
SYN04236,Bamboo shoots (steamed),Vegetables,,26.6,113,2.6,0.3,5.2,2.2,,,,East India,Vegetarian,Dinner,Boiled,100,0,Synthetic_IFCT_schema,Synthetic_Variant
SYN04237,Pomegranate (steamed),Fruits,Scientific_67,84.0,347,1.7,1.2,18.7,4.0,10,0.3,10,West India,Non-Vegetarian,lunch,Roasted,200,0,Synthetic_IFCT_schema,Synthetic_Variant
SYN04238,Pomegranate (fried),Fruits,,78.6,347,1.7,1.2,18.7,4.0,10,0.3,10,West India,Vegetarian,Snack,Grilled,150,0,Synthetic_IFCT_schema,Synthetic_Variant
SYN04239,Shrikhand (fried),Milk and Milk Products,,205.3,921,7.0,7.0,33.0,,,,,West India,Vegetarian,Dinner,Cooked,100,0,Synthetic_IFCT_schema,Synthetic_Variant
SYN04240,"Cauliflower, raw (fried)",Vegetables,,24.7,105,1.9,0.4,4.9,2.5,22,0.4,,Western,Non-Veg,Breakfast,Steamed,200,0,Synthetic_IFCT_schema,Synthetic_Variant
SYN04241,Avial (boiled),Composite Dishes,,107.7,481,2.8,6.5,12.0,3.0,,,,South India,Vegetarian,lunch,,100,1,Synthetic_IFCT_schema,Synthetic_Variant
SYN04242,Pomegranate (fried),Fruits,,82.7,347,1.7,1.2,18.7,4.0,10,0.3,10,West India,Vegetarian,breakfast,,100,0,Synthetic_IFCT_schema,Synthetic_Variant
SYN04243,Pomegranate (raw),Fruits,,88.6,,1.7,1.2,18.7,4.0,10,0.3,10,West India,Vegetarian,Dessert,Baked,150,0,Synthetic_IFCT_schema,Synthetic_Variant
SYN04244,Pomegranate (steamed),Fruits,Scientific_65,81.4,347,1.7,1.2,18.7,4.0,10,0.3,10,West India,Vegetarian,Main Course,Baked,N/A,0,Synthetic_IFCT_schema,Synthetic_Variant
SYN04245,Pomegranate (fried),Fruits,Scientific_47,78.5,,1.7,1.2,18.7,4.0,10,0.3,10,West India,Non-Veg,snack,Grilled,200,0,Synthetic_IFCT_schema,Synthetic_Variant
SYN04246,Kabuli chana (boiled),Pulses and Legumes,,355.6,,20.1,5.3,60.9,7.6,202,4.9,3,North India,Vegetarian,Breakfast,Grilled,N/A,0,Synthetic_IFCT_schema,Synthetic_Variant
SYN04247,Pomegranate (boiled),Fruits,,83.8,347,1.7,1.2,18.7,4.0,10,0.3,10,West India,Vegetarian,Dessert,Steamed,150,0,Synthetic_IFCT_schema,Synthetic_Variant
SYN04248,"Peanut, raw (roasted)",Nuts and Oilseeds,Scientific_19,537.7,,25.8,49.2,16.1,8.5,92,4.6,0,West India,Non-Vegetarian,Dinner,Cooked,,0,Synthetic_IFCT_schema,Synthetic_Variant
SYN04249,Khandvi (raw),Composite Dishes,,120.9,544,4.5,4.8,18.0,1.2,,,,West India,Vegetarian,breakfast,Roasted,100,1,Synthetic_IFCT_schema,Synthetic_Variant
SYN04250,"Cauliflower, raw (fried)",Vegetables,,24.5,105,1.9,0.4,4.9,2.5,22,0.4,,Western,Non-Veg,Breakfast,Steamed,200,0,Synthetic_IFCT_schema,Synthetic_Variant
SYN04251,Cowpea (Black-eyed pea) (roasted),Pulses and Legumes,,341.3,1351,23.4,1.8,54.5,,227,8.6,1,South India,Vegetarian,Lunch,Roasted,200,0,Synthetic_IFCT_schema,Synthetic_Variant
SYN04252,Pomegranate (roasted),Fruits,Scientific_71,80.9,347,1.7,1.2,18.7,4.0,10,0.3,10,West India,Vegetarian,Breakfast,Fried,100,0,Synthetic_IFCT_schema,Synthetic_Variant
SYN04253,"Soya chunks, raw (roasted)",Pulses and Legumes,,332.0,1444,52.0,0.5,33.0,13.0,,,,Pan India,Vegetarian,snack,Baked,100,0,Synthetic_IFCT_schema,Synthetic_Variant
SYN04254,Khandvi (fried),Composite Dishes,,140.0,544,4.5,4.8,18.0,1.2,,,,West India,Vegetarian,breakfast,Roasted,100,1,Synthetic_IFCT_schema,Synthetic_Variant
SYN04255,"Urad dal, raw (steamed)",Pulses and Legumes,Scientific_15,,1428,25.1,1.4,59.0,1.8,154,4.5,0,South India,Vegetarian,Main Course,Grilled,N/A,0,Synthetic_IFCT_schema,Synthetic_Variant
SYN04256,Shrikhand (fried),Milk and Milk Products,,208.4,921,7.0,7.0,33.0,,,,,West India,Vegetarian,Dinner,Cooked,100,0,Synthetic_IFCT_schema,Synthetic_Variant
SYN04257,Banana (Cavendish) (fried),Fruits,Scientific_32,83.8,372,1.1,0.3,23.0,2.6,5,0.3,8,South India,Vegetarian,Dinner,,100,0,Synthetic_IFCT_schema,Synthetic_Variant
SYN04258,"Onion, raw (roasted)",Vegetables,,36.9,167,1.1,0.1,9.3,1.7,23,0.4,7,Pan India,Vegetarian,lunch,Cooked,200,0,Synthetic_IFCT_schema,Synthetic_Variant
SYN04259,Pomegranate (raw),Fruits,Scientific_67,88.3,347,1.7,1.2,18.7,4.0,10,0.3,10,West India,Non-Vegetarian,lunch,Roasted,200,0,Synthetic_IFCT_schema,Synthetic_Variant
SYN04260,Jowar (Sorghum) (roasted),Cereals and Millets,Scientific_5,337.2,,10.4,1.9,72.6,1.6,25,,0,Unknown,Vegetarian,Main Course,Fried,,0,Synthetic_IFCT_schema,Synthetic_Variant
SYN04261,Brinjal (Eggplant) (roasted),Vegetables,,24.3,105,1.4,0.3,5.5,3.4,18,0.3,2,Pan India,Vegetarian,lunch,Steamed,100,0,Synthetic_IFCT_schema,Synthetic_Variant
SYN04262,Pomegranate (roasted),Fruits,Scientific_62,81.9,347,1.7,1.2,18.7,4.0,10,0.3,10,West India,non-vegetarian,snack,Fried,,0,Synthetic_IFCT_schema,Synthetic_Variant
SYN04263,Okra (Bhindi) (roasted),Vegetables,Scientific_26,33.8,138,2.1,0.2,7.0,2.5,82,0.8,21,Pan India,non-vegetarian,,Fried,150,0,Synthetic_IFCT_schema,Synthetic_Variant
SYN04264,Pomegranate (fried),Fruits,,88.7,347,1.7,1.2,18.7,4.0,10,0.3,10,West India,Vegetarian,Lunch,Steamed,100,0,Synthetic_IFCT_schema,Synthetic_Variant
SYN04265,Pomegranate (steamed),Fruits,Scientific_67,76.6,347,1.7,1.2,18.7,4.0,10,0.3,10,West India,Non-Vegetarian,lunch,Roasted,200,0,Synthetic_IFCT_schema,Synthetic_Variant
SYN04266,Pomegranate (steamed),Fruits,Scientific_65,83.9,347,1.7,1.2,18.7,4.0,10,0.3,10,West India,Vegetarian,Main Course,Baked,N/A,0,Synthetic_IFCT_schema,Synthetic_Variant
SYN04267,Bottle gourd (Lauki) (boiled),Vegetables,,14.5,59,0.6,0.1,3.4,0.5,26,0.5,10,Pan India,Vegetarian,Beverage,Fried,150,0,Synthetic_IFCT_schema,Synthetic_Variant
SYN04268,Pomegranate (steamed),Fruits,Scientific_62,84.3,347,1.7,1.2,18.7,4.0,10,0.3,10,West India,non-vegetarian,snack,Fried,,0,Synthetic_IFCT_schema,Synthetic_Variant
SYN04269,Ragi (Finger millet) (raw),Cereals and Millets,Scientific_6,330.2,1373,7.3,1.5,66.8,3.6,344,3.9,0,South India,Vegetarian,Main Course,Boiled,N/A,0,Synthetic_IFCT_schema,Synthetic_Variant
SYN04270,Pomegranate (raw),Fruits,Scientific_50,87.7,347,1.7,1.2,18.7,4.0,10,0.3,,North India,Veg,Beverage,Steamed,100,0,Synthetic_IFCT_schema,Synthetic_Variant
SYN04271,Rasam (roasted),Composite Dishes,,32.2,125,1.2,0.8,4.5,,,,,South India,Vegetarian,Beverage,,100,1,Synthetic_IFCT_schema,Synthetic_Variant
SYN04272,Pomegranate (roasted),Fruits,Scientific_69,86.2,347,1.7,1.2,18.7,4.0,10,0.3,,West India,Vegetarian,Dinner,Fried,150,0,Synthetic_IFCT_schema,Synthetic_Variant
SYN04273,Jowar (Sorghum) (steamed),Cereals and Millets,Scientific_5,337.2,,10.4,1.9,72.6,1.6,25,,0,Unknown,Vegetarian,Main Course,Fried,,0,Synthetic_IFCT_schema,Synthetic_Variant
SYN04274,Pomegranate (raw),Fruits,Scientific_69,78.9,347,1.7,1.2,18.7,4.0,10,0.3,,West India,Vegetarian,Dinner,Fried,150,0,Synthetic_IFCT_schema,Synthetic_Variant
SYN04275,Brinjal (Eggplant) (roasted),Vegetables,,24.1,105,1.4,0.3,5.5,3.4,18,0.3,2,Pan India,Vegetarian,lunch,Steamed,100,0,Synthetic_IFCT_schema,Synthetic_Variant
SYN04276,"Onion, raw (raw)",Vegetables,,40.5,167,1.1,0.1,9.3,1.7,23,0.4,7,Pan India,Vegetarian,lunch,Cooked,200,0,Synthetic_IFCT_schema,Synthetic_Variant
SYN04277,Pomegranate (roasted),Fruits,,86.7,347,1.7,1.2,18.7,4.0,,0.3,10,West India,Vegetarian,breakfast,,,0,Synthetic_IFCT_schema,Synthetic_Variant
SYN04278,Pomegranate (steamed),Fruits,,85.3,347,1.7,1.2,18.7,4.0,10,0.3,,West India,Vegetarian,Snack,Baked,200,0,Synthetic_IFCT_schema,Synthetic_Variant
SYN04279,Pomegranate (roasted),Fruits,Scientific_80,,347,1.7,1.2,18.7,4.0,10,0.3,10,West India,Vegetarian,lunch,Cooked,200,0,Synthetic_IFCT_schema,Synthetic_Variant
SYN04280,Pomegranate (raw),Fruits,Scientific_69,80.1,347,1.7,1.2,18.7,4.0,10,0.3,,West India,Vegetarian,Dinner,Fried,150,0,Synthetic_IFCT_schema,Synthetic_Variant
SYN04281,Pomegranate (roasted),Fruits,Scientific_66,77.2,347,1.7,1.2,18.7,4.0,10,0.3,10,West India,Vegetarian,Dessert,Raw,200,0,Synthetic_IFCT_schema,Synthetic_Variant
SYN04282,Pomegranate (steamed),Fruits,Scientific_40,86.4,347,1.7,1.2,18.7,4.0,10,0.3,10,West India,Vegetarian,Any,Cooked,N/A,0,Synthetic_IFCT_schema,Synthetic_Variant
SYN04283,"Masoor dal, raw (boiled)",Pulses and Legumes,,362.3,1435,25.1,0.9,59.0,3.5,68,7.6,1,Southern,Vegetarian,lunch,Grilled,100,0,Synthetic_IFCT_schema,Synthetic_Variant
SYN04284,Fenugreek leaves (Methi) (roasted),Vegetables,Scientific_28,52.6,205,4.4,0.9,6.0,1.1,,1.9,52,North India,Vegetarian,Dessert,Boiled,150,0,Synthetic_IFCT_schema,Synthetic_Variant
SYN04285,Pomegranate (fried),Fruits,Scientific_70,,347,1.7,1.2,18.7,,10,0.3,10,West India,Veg,Main Course,Baked,200,0,Synthetic_IFCT_schema,Synthetic_Variant
SYN04286,"Moong dal, raw (boiled)",Pulses and Legumes,,335.8,,24.0,1.3,59.9,4.1,75,6.7,7,Pan India,Vegetarian,,,,0,Synthetic_IFCT_schema,Synthetic_Variant
SYN04287,"Jackfruit, raw (roasted)",Fruits,,98.9,398,1.7,0.6,23.2,1.5,,,,South India,Vegetarian,Any,Baked,100,0,Synthetic_IFCT_schema,Synthetic_Variant
SYN04288,Pomegranate (raw),Fruits,,85.7,347,1.7,1.2,18.7,4.0,10,0.3,10,West India,Vegetarian,Beverage,Steamed,,0,Synthetic_IFCT_schema,Synthetic_Variant
SYN04289,Pomegranate (fried),Fruits,Scientific_53,79.1,347,1.7,1.2,18.7,4.0,10,0.3,10,West India,Vegetarian,Snack,Baked,100,0,Synthetic_IFCT_schema,Synthetic_Variant
SYN04290,Bitter gourd (Karela) (roasted),Vegetables,Scientific_27,16.6,,1.0,0.2,3.4,2.8,20,0.6,84,Pan India,Vegetarian,snack,,,0,Synthetic_IFCT_schema,Synthetic_Variant
SYN04291,Pomegranate (raw),Fruits,Scientific_59,77.3,347,1.7,1.2,18.7,4.0,10,0.3,10,West India,Vegetarian,Dessert,Steamed,150,0,Synthetic_IFCT_schema,Synthetic_Variant
SYN04292,Guava (fried),Fruits,,63.5,285,2.6,1.0,14.3,5.4,18,,228,Maharashtra,Vegetarian,Snack,Baked,N/A,0,Synthetic_IFCT_schema,Synthetic_Variant
SYN04293,Pomegranate (fried),Fruits,,86.6,347,1.7,1.2,18.7,,10,0.3,10,Pan India,Vegetarian,Main Course,Fried,150,0,Synthetic_IFCT_schema,Synthetic_Variant
SYN04294,"Papaya, ripe (raw)",Fruits,,41.9,180,0.5,0.1,10.8,1.7,20,0.1,62,South India,Vegetarian,snack,Fried,,0,Synthetic_IFCT_schema,Synthetic_Variant
SYN04295,Okra (Bhindi) (roasted),Vegetables,Scientific_26,33.1,138,2.1,0.2,7.0,2.5,82,0.8,21,Pan India,non-vegetarian,,Fried,150,0,Synthetic_IFCT_schema,Synthetic_Variant
SYN04296,Okra (Bhindi) (roasted),Vegetables,Scientific_26,32.6,138,2.1,0.2,7.0,2.5,82,0.8,21,Pan India,non-vegetarian,,Fried,150,0,Synthetic_IFCT_schema,Synthetic_Variant
SYN04297,Pomegranate (steamed),Fruits,,87.1,347,1.7,1.2,18.7,4.0,10,0.3,10,West India,Vegetarian,Snack,Boiled,N/A,0,Synthetic_IFCT_schema,Synthetic_Variant
SYN04298,Pomegranate (boiled),Fruits,,80.8,347,1.7,1.2,18.7,4.0,10,0.3,10,West India,Vegetarian,,Raw,N/A,0,Synthetic_IFCT_schema,Synthetic_Variant
SYN04299,Pomegranate (steamed),Fruits,,86.4,,1.7,1.2,18.7,4.0,10,0.3,10,West India,Vegetarian,Dessert,Baked,150,0,Synthetic_IFCT_schema,Synthetic_Variant
SYN04300,Avial (raw),Composite Dishes,,122.7,481,2.8,6.5,12.0,3.0,,,,South India,Vegetarian,lunch,,100,1,Synthetic_IFCT_schema,Synthetic_Variant
SYN04301,Avial (steamed),Composite Dishes,,115.1,481,2.8,6.5,12.0,3.0,,,,South India,Vegetarian,lunch,,100,1,Synthetic_IFCT_schema,Synthetic_Variant
SYN04302,"Peanut, raw (raw)",Nuts and Oilseeds,Scientific_19,598.1,,25.8,49.2,16.1,8.5,92,4.6,0,West India,Non-Vegetarian,Dinner,Cooked,,0,Synthetic_IFCT_schema,Synthetic_Variant
SYN04303,Jowar (Sorghum) (steamed),Cereals and Millets,Scientific_5,363.7,,10.4,1.9,72.6,1.6,25,,0,Unknown,Vegetarian,Main Course,Fried,,0,Synthetic_IFCT_schema,Synthetic_Variant
SYN04304,"Coconut, fresh (raw)",Nuts and Oilseeds,Scientific_30,375.3,1482,3.3,33.5,15.2,9.0,14,1.9,3,South India,Vegetarian,Lunch,,200,0,Synthetic_IFCT_schema,Synthetic_Variant
SYN04305,Bajra (Pearl millet) (raw),Cereals and Millets,,365.2,1519,11.6,5.0,67.5,1.2,42,8.0,0,West India,Vegetarian,Main Course,Cooked,150,0,Synthetic_IFCT_schema,Synthetic_Variant
SYN04306,Pomegranate (fried),Fruits,Scientific_78,79.3,347,1.7,1.2,18.7,4.0,10,0.3,10,West India,Vegetarian,,,,0,Synthetic_IFCT_schema,Synthetic_Variant
SYN04307,Machher jhol (fried),Composite Dishes,,157.4,649,17.0,9.0,3.0,0.6,,,,East India,Non-Vegetarian,Dessert,Boiled,100,1,Synthetic_IFCT_schema,Synthetic_Variant
SYN04308,"Chana dal, raw (fried)",Pulses and Legumes,Scientific_12,355.8,1556,20.8,5.6,59.8,,56,4.9,1,North India,Vegetarian,breakfast,Cooked,100,0,Synthetic_IFCT_schema,Synthetic_Variant
SYN04309,Rasam (steamed),Composite Dishes,,27.7,125,1.2,0.8,4.5,,,,,South India,Vegetarian,Beverage,,100,1,Synthetic_IFCT_schema,Synthetic_Variant
SYN04310,Pomegranate (raw),Fruits,,82.3,347,1.7,1.2,18.7,4.0,10,0.3,10,West India,Vegetarian,Lunch,Steamed,100,0,Synthetic_IFCT_schema,Synthetic_Variant
SYN04311,"Soybean, raw (raw)",Pulses and Legumes,,436.2,1808,36.5,19.9,30.2,9.3,240,,,West India,Vegetarian,Any,Boiled,150,0,Synthetic_IFCT_schema,Synthetic_Variant
SYN04312,"Onion, raw (boiled)",Vegetables,,39.3,167,1.1,0.1,9.3,1.7,23,0.4,7,Pan India,Vegetarian,lunch,Cooked,200,0,Synthetic_IFCT_schema,Synthetic_Variant
SYN04313,Pomegranate (raw),Fruits,Scientific_71,76.5,347,1.7,1.2,18.7,4.0,10,0.3,10,West India,Vegetarian,Breakfast,Fried,100,0,Synthetic_IFCT_schema,Synthetic_Variant
SYN04314,Dhokla (boiled),Composite Dishes,,80.3,318,3.5,1.5,12.0,0.8,,,,West India,Vegetarian,Breakfast,N/A,100,1,Synthetic_IFCT_schema,Synthetic_Variant
SYN04315,Pomegranate (boiled),Fruits,,81.7,347,1.7,1.2,18.7,4.0,,0.3,10,West India,Vegetarian,breakfast,,,0,Synthetic_IFCT_schema,Synthetic_Variant
SYN04316,"Tofu, firm (fried)",Pulses and Legumes,,78.8,318,8.0,4.8,1.9,0.3,,,,West India,Vegetarian,Lunch,N/A,100,0,Synthetic_IFCT_schema,Synthetic_Variant
SYN04317,"Soybean, raw (boiled)",Pulses and Legumes,,436.0,1808,36.5,19.9,30.2,9.3,240,,,West India,Vegetarian,Any,Boiled,150,0,Synthetic_IFCT_schema,Synthetic_Variant
SYN04318,Pomegranate (fried),Fruits,,78.5,347,1.7,1.2,18.7,,10,0.3,10,West India,Vegetarian,Dinner,Baked,100,0,Synthetic_IFCT_schema,Synthetic_Variant
SYN04319,"Onion, raw (raw)",Vegetables,,38.9,167,1.1,0.1,9.3,1.7,23,0.4,7,Pan India,Vegetarian,lunch,Cooked,200,0,Synthetic_IFCT_schema,Synthetic_Variant
SYN04320,"Papaya, ripe (boiled)",Fruits,,46.0,180,0.5,0.1,10.8,1.7,20,0.1,62,South India,Vegetarian,snack,Fried,,0,Synthetic_IFCT_schema,Synthetic_Variant
SYN04321,Pomegranate (steamed),Fruits,Scientific_71,77.5,347,1.7,1.2,18.7,4.0,10,0.3,10,West India,Vegetarian,Breakfast,Fried,100,0,Synthetic_IFCT_schema,Synthetic_Variant
SYN04322,Pomegranate (fried),Fruits,,78.1,347,1.7,1.2,18.7,4.0,10,0.3,10,West India,Vegetarian,Main Course,Fried,,0,Synthetic_IFCT_schema,Synthetic_Variant
SYN04323,Pomegranate (roasted),Fruits,,81.3,347,1.7,1.2,18.7,4.0,10,0.3,10,West India,Vegetarian,breakfast,,100,0,Synthetic_IFCT_schema,Synthetic_Variant
SYN04324,Shrikhand (fried),Milk and Milk Products,,209.0,921,7.0,7.0,33.0,,,,,West India,Vegetarian,Dinner,Cooked,100,0,Synthetic_IFCT_schema,Synthetic_Variant
SYN04325,Pomegranate (steamed),Fruits,,80.5,347,1.7,1.2,18.7,4.0,,0.3,10,West India,Vegetarian,breakfast,,,0,Synthetic_IFCT_schema,Synthetic_Variant
SYN04326,"Chana dal, raw (steamed)",Pulses and Legumes,Scientific_12,388.8,1556,20.8,5.6,59.8,,56,4.9,1,North India,Vegetarian,breakfast,Cooked,100,0,Synthetic_IFCT_schema,Synthetic_Variant
SYN04327,Jowar (Sorghum) (raw),Cereals and Millets,Scientific_5,325.0,,10.4,1.9,72.6,1.6,25,,0,Unknown,Vegetarian,Main Course,Fried,,0,Synthetic_IFCT_schema,Synthetic_Variant
SYN04328,Pomegranate (raw),Fruits,,79.6,347,1.7,1.2,18.7,4.0,10,,10,West India,Vegetarian,Snack,N/A,150,0,Synthetic_IFCT_schema,Synthetic_Variant
SYN04329,Dhokla (steamed),Composite Dishes,,73.1,318,3.5,1.5,12.0,0.8,,,,West India,Vegetarian,Breakfast,N/A,100,1,Synthetic_IFCT_schema,Synthetic_Variant
SYN04330,"Soya chunks, raw (steamed)",Pulses and Legumes,,326.1,1444,52.0,0.5,33.0,13.0,,,,Pan India,Vegetarian,snack,Baked,100,0,Synthetic_IFCT_schema,Synthetic_Variant
SYN04331,Puttu (boiled),Composite Dishes,,175.4,733,3.5,1.2,38.0,1.5,,,,South India,Vegetarian,Main Course,,100,1,Synthetic_IFCT_schema,Synthetic_Variant
SYN04332,Pomegranate (steamed),Fruits,Scientific_62,78.7,347,1.7,1.2,18.7,4.0,10,0.3,10,West India,non-vegetarian,snack,Fried,,0,Synthetic_IFCT_schema,Synthetic_Variant
SYN04333,Rajma (Kidney beans) (raw),Pulses and Legumes,,358.4,1448,22.9,1.5,60.6,6.4,260,7.0,4,North India,Vegetarian,Any,N/A,N/A,0,Synthetic_IFCT_schema,Synthetic_Variant
SYN04334,Fenugreek leaves (Methi) (boiled),Vegetables,Scientific_28,48.6,205,4.4,0.9,6.0,1.1,,1.9,52,North India,Vegetarian,Dessert,Boiled,150,0,Synthetic_IFCT_schema,Synthetic_Variant
SYN04335,"Tomato, raw (roasted)",Vegetables,,,75,0.9,0.2,3.9,1.2,13,,27,Pan India,Vegetarian,Dessert,Roasted,100,0,Synthetic_IFCT_schema,Synthetic_Variant
SYN04336,Pomegranate (roasted),Fruits,Scientific_80,,347,1.7,1.2,18.7,4.0,10,0.3,10,West India,Vegetarian,lunch,Cooked,200,0,Synthetic_IFCT_schema,Synthetic_Variant
SYN04337,Pomegranate (boiled),Fruits,,79.7,347,1.7,1.2,18.7,4.0,10,0.3,10,West India,Vegetarian,,Raw,N/A,0,Synthetic_IFCT_schema,Synthetic_Variant
SYN04338,Pomegranate (roasted),Fruits,,81.2,347,1.7,1.2,18.7,4.0,10,0.3,10,West India,Vegetarian,Snack,Grilled,150,0,Synthetic_IFCT_schema,Synthetic_Variant
SYN04339,Appam (roasted),Composite Dishes,,123.9,502,2.5,2.8,22.0,0.5,,,,South India,Vegetarian,Beverage,N/A,100,1,Synthetic_IFCT_schema,Synthetic_Variant
SYN04340,Pomegranate (roasted),Fruits,Scientific_45,87.9,347,1.7,1.2,18.7,4.0,10,0.3,,West India,Veg,breakfast,Roasted,N/A,0,Synthetic_IFCT_schema,Synthetic_Variant
SYN04341,Avial (fried),Composite Dishes,,109.9,481,2.8,6.5,12.0,3.0,,,,South India,Vegetarian,lunch,,100,1,Synthetic_IFCT_schema,Synthetic_Variant
SYN04342,Pomegranate (raw),Fruits,,77.0,347,1.7,1.2,18.7,4.0,10,0.3,10,West India,Vegetarian,Main Course,Fried,,0,Synthetic_IFCT_schema,Synthetic_Variant
SYN04343,"Masoor dal, raw (roasted)",Pulses and Legumes,,364.0,1435,25.1,0.9,59.0,3.5,68,7.6,1,Southern,Vegetarian,lunch,Grilled,100,0,Synthetic_IFCT_schema,Synthetic_Variant
SYN04344,Kabuli chana (fried),Pulses and Legumes,,360.6,,20.1,5.3,60.9,7.6,202,4.9,3,North India,Vegetarian,Breakfast,Grilled,N/A,0,Synthetic_IFCT_schema,Synthetic_Variant
SYN04345,"Coconut, fresh (roasted)",Nuts and Oilseeds,Scientific_30,329.6,1482,3.3,33.5,15.2,9.0,14,1.9,3,South India,Vegetarian,Lunch,,200,0,Synthetic_IFCT_schema,Synthetic_Variant
SYN04346,Bamboo shoots (fried),Vegetables,,25.8,113,2.6,0.3,5.2,2.2,,,,East India,Vegetarian,Dinner,Boiled,100,0,Synthetic_IFCT_schema,Synthetic_Variant
SYN04347,Pomegranate (raw),Fruits,Scientific_65,83.3,347,1.7,1.2,18.7,4.0,10,0.3,10,West India,Vegetarian,Main Course,Baked,N/A,0,Synthetic_IFCT_schema,Synthetic_Variant
SYN04348,Pomegranate (roasted),Fruits,,85.5,347,1.7,1.2,18.7,4.0,10,0.3,10,West India,Vegetarian,Beverage,Steamed,,0,Synthetic_IFCT_schema,Synthetic_Variant
SYN04349,"Rice, raw, milled (fried)",Cereals and Millets,,,1448,6.8,0.5,78.2,0.2,10,0.7,,Pan India,Vegetarian,Breakfast,Baked,,0,Synthetic_IFCT_schema,Synthetic_Variant
SYN04350,"Tofu, firm (steamed)",Pulses and Legumes,,81.2,318,8.0,4.8,1.9,0.3,,,,West India,Vegetarian,Lunch,N/A,100,0,Synthetic_IFCT_schema,Synthetic_Variant
SYN04351,Pomegranate (roasted),Fruits,Scientific_53,80.8,347,1.7,1.2,18.7,4.0,10,0.3,10,West India,Vegetarian,Snack,Baked,100,0,Synthetic_IFCT_schema,Synthetic_Variant
SYN04352,Rajma (Kidney beans) (fried),Pulses and Legumes,,329.8,1448,22.9,1.5,60.6,6.4,260,7.0,4,North India,Vegetarian,Any,N/A,N/A,0,Synthetic_IFCT_schema,Synthetic_Variant
SYN04353,Pomegranate (roasted),Fruits,Scientific_47,85.1,,1.7,1.2,18.7,4.0,10,0.3,10,West India,Non-Veg,snack,Grilled,200,0,Synthetic_IFCT_schema,Synthetic_Variant
SYN04354,Puttu (fried),Composite Dishes,,173.6,733,3.5,1.2,38.0,1.5,,,,South India,Vegetarian,Main Course,,100,1,Synthetic_IFCT_schema,Synthetic_Variant
SYN04355,Pomegranate (raw),Fruits,,77.7,347,1.7,1.2,18.7,4.0,10,0.3,,West India,Vegetarian,Snack,Baked,200,0,Synthetic_IFCT_schema,Synthetic_Variant
SYN04356,Pomegranate (roasted),Fruits,,79.9,347,1.7,1.2,18.7,4.0,10,0.3,10,West India,Vegetarian,Lunch,Steamed,100,0,Synthetic_IFCT_schema,Synthetic_Variant
SYN04357,Pomegranate (boiled),Fruits,Scientific_65,76.5,347,1.7,1.2,18.7,4.0,10,0.3,10,West India,Vegetarian,Main Course,Baked,N/A,0,Synthetic_IFCT_schema,Synthetic_Variant
SYN04358,Pomegranate (boiled),Fruits,,78.9,,1.7,1.2,18.7,4.0,10,0.3,10,West India,Vegetarian,Dessert,Baked,150,0,Synthetic_IFCT_schema,Synthetic_Variant
SYN04359,"Spinach (Palak), raw (boiled)",Vegetables,Scientific_23,,96,2.0,0.3,3.5,,99,1.8,28,Pan India,Vegetarian,breakfast,Fried,200,0,Synthetic_IFCT_schema,Synthetic_Variant
SYN04360,Rajma (Kidney beans) (roasted),Pulses and Legumes,,319.2,1448,22.9,1.5,60.6,6.4,260,7.0,4,North India,Vegetarian,Any,N/A,N/A,0,Synthetic_IFCT_schema,Synthetic_Variant
SYN04361,Pomegranate (raw),Fruits,Scientific_67,86.5,347,1.7,1.2,18.7,4.0,10,0.3,10,West India,Non-Vegetarian,lunch,Roasted,200,0,Synthetic_IFCT_schema,Synthetic_Variant
SYN04362,Puttu (boiled),Composite Dishes,,186.9,733,3.5,1.2,38.0,1.5,,,,South India,Vegetarian,Main Course,,100,1,Synthetic_IFCT_schema,Synthetic_Variant
SYN04363,"Soya chunks, raw (roasted)",Pulses and Legumes,,329.8,1444,52.0,0.5,33.0,13.0,,,,Pan India,Vegetarian,snack,Baked,100,0,Synthetic_IFCT_schema,Synthetic_Variant
SYN04364,Pomegranate (fried),Fruits,,79.9,347,1.7,1.2,18.7,,10,0.3,10,West India,Vegetarian,Dinner,Baked,100,0,Synthetic_IFCT_schema,Synthetic_Variant
SYN04365,"Chana dal, raw (boiled)",Pulses and Legumes,Scientific_12,399.5,1556,20.8,5.6,59.8,,56,4.9,1,North India,Vegetarian,breakfast,Cooked,100,0,Synthetic_IFCT_schema,Synthetic_Variant
SYN04366,Pomegranate (boiled),Fruits,,83.8,347,1.7,1.2,18.7,4.0,10,0.3,10,West India,Vegetarian,Snack,Grilled,150,0,Synthetic_IFCT_schema,Synthetic_Variant
SYN04367,"Coconut, fresh (roasted)",Nuts and Oilseeds,Scientific_30,338.0,1482,3.3,33.5,15.2,9.0,14,1.9,3,South India,Vegetarian,Lunch,,200,0,Synthetic_IFCT_schema,Synthetic_Variant
SYN04368,Pomegranate (raw),Fruits,,78.3,347,1.7,1.2,18.7,4.0,10,0.3,10,West India,Vegetarian,Lunch,Roasted,200,0,Synthetic_IFCT_schema,Synthetic_Variant
SYN04369,Ragi (Finger millet) (raw),Cereals and Millets,Scientific_6,307.6,1373,7.3,1.5,66.8,3.6,344,3.9,0,South India,Vegetarian,Main Course,Boiled,N/A,0,Synthetic_IFCT_schema,Synthetic_Variant
SYN04370,Fenugreek leaves (Methi) (boiled),Vegetables,Scientific_28,50.7,205,4.4,0.9,6.0,1.1,,1.9,52,North India,Vegetarian,Dessert,Boiled,150,0,Synthetic_IFCT_schema,Synthetic_Variant
SYN04371,"Masoor dal, raw (raw)",Pulses and Legumes,,351.0,1435,25.1,0.9,59.0,3.5,68,7.6,1,Southern,Vegetarian,lunch,Grilled,100,0,Synthetic_IFCT_schema,Synthetic_Variant
SYN04372,Shrikhand (raw),Milk and Milk Products,,203.8,921,7.0,7.0,33.0,,,,,West India,Vegetarian,Dinner,Cooked,100,0,Synthetic_IFCT_schema,Synthetic_Variant
SYN04373,Semolina (Rava) (fried),Cereals and Millets,,,1506,10.0,1.0,74.0,,16,4.7,0,Pan India,Veg,breakfast,Steamed,,0,Synthetic_IFCT_schema,Synthetic_Variant
SYN04374,"Chana dal, raw (steamed)",Pulses and Legumes,Scientific_12,352.9,1556,20.8,5.6,59.8,,56,4.9,1,North India,Vegetarian,breakfast,Cooked,100,0,Synthetic_IFCT_schema,Synthetic_Variant
SYN04375,Oats (boiled),Cereals and Millets,,390.3,1628,16.9,6.9,66.3,,54,4.7,0,North India,Vegetarian,Breakfast,Cooked,100,0,Synthetic_IFCT_schema,Synthetic_Variant
SYN04376,Brinjal (Eggplant) (steamed),Vegetables,,23.3,105,1.4,0.3,5.5,3.4,18,0.3,2,Pan India,Vegetarian,lunch,Steamed,100,0,Synthetic_IFCT_schema,Synthetic_Variant
SYN04377,Pomegranate (roasted),Fruits,,87.1,347,1.7,1.2,18.7,4.0,10,0.3,10,West India,Vegetarian,Lunch,Steamed,100,0,Synthetic_IFCT_schema,Synthetic_Variant
SYN04378,Pomegranate (fried),Fruits,,89.5,347,1.7,1.2,18.7,4.0,10,0.3,10,West India,Vegetarian,Lunch,Roasted,200,0,Synthetic_IFCT_schema,Synthetic_Variant
SYN04379,Pomegranate (boiled),Fruits,,76.7,347,1.7,1.2,18.7,,10,0.3,10,West India,Vegetarian,Dinner,Baked,100,0,Synthetic_IFCT_schema,Synthetic_Variant
SYN04380,Bajra (Pearl millet) (steamed),Cereals and Millets,,338.6,1519,11.6,5.0,67.5,1.2,42,8.0,0,West India,Vegetarian,Main Course,Cooked,150,0,Synthetic_IFCT_schema,Synthetic_Variant
SYN04381,"Momos, veg (steamed) (raw)",Composite Dishes,,175.6,753,5.5,5.5,28.0,2.0,,,,East India,Vegetarian,lunch,Steamed,100,1,Synthetic_IFCT_schema,Synthetic_Variant
SYN04382,Pomegranate (steamed),Fruits,Scientific_73,85.6,347,1.7,1.2,18.7,4.0,10,0.3,10,West India,Vegetarian,snack,Cooked,100,0,Synthetic_IFCT_schema,Synthetic_Variant
SYN04383,Pomegranate (raw),Fruits,,,347,1.7,1.2,18.7,4.0,10,0.3,,West India,Vegetarian,breakfast,Fried,,0,Synthetic_IFCT_schema,Synthetic_Variant
SYN04384,Pomegranate (roasted),Fruits,,,347,1.7,1.2,18.7,4.0,10,0.3,,West India,Vegetarian,breakfast,Fried,,0,Synthetic_IFCT_schema,Synthetic_Variant
SYN04385,Pomegranate (steamed),Fruits,,88.9,347,1.7,1.2,18.7,4.0,10,0.3,10,East,Vegetarian,snack,Grilled,100,0,Synthetic_IFCT_schema,Synthetic_Variant
SYN04386,"Toor dal, raw (steamed)",Pulses and Legumes,,325.3,,22.3,1.7,57.6,4.2,73,5.6,0,Pan India,Vegetarian,Dessert,Baked,100,0,Synthetic_IFCT_schema,Synthetic_Variant
SYN04387,"Momos, veg (steamed) (raw)",Composite Dishes,,167.4,753,5.5,5.5,28.0,2.0,,,,East India,Vegetarian,lunch,Steamed,100,1,Synthetic_IFCT_schema,Synthetic_Variant
SYN04388,"Rice, cooked (fried)",Cereals and Millets,,120.3,544,2.7,0.3,28.2,,3,0.2,0,Pan India,non-vegetarian,Snack,Baked,100,0,Synthetic_IFCT_schema,Synthetic_Variant
SYN04389,"Soybean, raw (raw)",Pulses and Legumes,,428.4,1808,36.5,19.9,30.2,9.3,240,,,West India,Vegetarian,Any,Boiled,150,0,Synthetic_IFCT_schema,Synthetic_Variant
SYN04390,Pomegranate (fried),Fruits,,,347,1.7,1.2,18.7,4.0,,0.3,10,West India,Vegetarian,Main Course,Steamed,200,0,Synthetic_IFCT_schema,Synthetic_Variant
SYN04391,Rajma (Kidney beans) (fried),Pulses and Legumes,,326.3,1448,22.9,1.5,60.6,6.4,260,7.0,4,North India,Vegetarian,Any,N/A,N/A,0,Synthetic_IFCT_schema,Synthetic_Variant
SYN04392,Pomegranate (boiled),Fruits,,80.8,347,1.7,1.2,18.7,4.0,10,0.3,10,Unknown,Vegetarian,Beverage,Steamed,N/A,0,Synthetic_IFCT_schema,Synthetic_Variant
SYN04393,Bottle gourd (Lauki) (raw),Vegetables,,13.1,59,0.6,0.1,3.4,0.5,26,0.5,10,Pan India,Vegetarian,Beverage,Fried,150,0,Synthetic_IFCT_schema,Synthetic_Variant
SYN04394,Pomegranate (boiled),Fruits,,79.8,347,1.7,1.2,18.7,4.0,10,0.3,10,West India,Vegetarian,breakfast,,100,0,Synthetic_IFCT_schema,Synthetic_Variant
SYN04395,Pomegranate (boiled),Fruits,Scientific_66,79.0,347,1.7,1.2,18.7,4.0,10,0.3,10,West India,Vegetarian,Dessert,Raw,200,0,Synthetic_IFCT_schema,Synthetic_Variant
SYN04396,Bajra (Pearl millet) (raw),Cereals and Millets,,348.6,1519,11.6,5.0,67.5,1.2,42,8.0,0,West India,Vegetarian,Main Course,Cooked,150,0,Synthetic_IFCT_schema,Synthetic_Variant
SYN04397,Pomegranate (roasted),Fruits,Scientific_53,87.2,347,1.7,1.2,18.7,4.0,10,0.3,10,West India,Vegetarian,Snack,Baked,100,0,Synthetic_IFCT_schema,Synthetic_Variant
SYN04398,Pomegranate (fried),Fruits,Scientific_71,87.1,347,1.7,1.2,18.7,4.0,10,0.3,10,West India,Vegetarian,Breakfast,Fried,100,0,Synthetic_IFCT_schema,Synthetic_Variant
SYN04399,Pomegranate (boiled),Fruits,Scientific_73,83.2,347,1.7,1.2,18.7,4.0,10,0.3,10,West India,Vegetarian,snack,Cooked,100,0,Synthetic_IFCT_schema,Synthetic_Variant
SYN04400,Pomegranate (boiled),Fruits,,82.4,347,1.7,1.2,18.7,4.0,10,0.3,,West India,Vegetarian,Snack,Baked,200,0,Synthetic_IFCT_schema,Synthetic_Variant
SYN04401,"Spinach (Palak), raw (roasted)",Vegetables,Scientific_23,,96,2.0,0.3,3.5,,99,1.8,28,Pan India,Vegetarian,breakfast,Fried,200,0,Synthetic_IFCT_schema,Synthetic_Variant
SYN04402,Pomegranate (steamed),Fruits,,80.1,347,1.7,1.2,18.7,4.0,10,0.3,10,West India,Vegetarian,Dessert,Steamed,150,0,Synthetic_IFCT_schema,Synthetic_Variant
SYN04403,Pomegranate (raw),Fruits,,79.1,347,1.7,1.2,18.7,4.0,10,0.3,10,West India,Vegetarian,breakfast,,100,0,Synthetic_IFCT_schema,Synthetic_Variant
SYN04404,"Moong dal, raw (steamed)",Pulses and Legumes,,332.4,,24.0,1.3,59.9,4.1,75,6.7,7,Pan India,Vegetarian,,,,0,Synthetic_IFCT_schema,Synthetic_Variant
SYN04405,Pomegranate (steamed),Fruits,Scientific_47,89.0,,1.7,1.2,18.7,4.0,10,0.3,10,West India,Non-Veg,snack,Grilled,200,0,Synthetic_IFCT_schema,Synthetic_Variant
SYN04406,"Masoor dal, raw (steamed)",Pulses and Legumes,,353.3,1435,25.1,0.9,59.0,3.5,68,7.6,1,Southern,Vegetarian,lunch,Grilled,100,0,Synthetic_IFCT_schema,Synthetic_Variant
SYN04407,"Rice, cooked (raw)",Cereals and Millets,,139.0,544,2.7,0.3,28.2,,3,0.2,0,Pan India,non-vegetarian,Snack,Baked,100,0,Synthetic_IFCT_schema,Synthetic_Variant
SYN04408,Sattu (roasted gram flour) (roasted),Cereals and Millets,,421.1,1700,22.5,7.0,64.0,1.8,,,,East India,Vegetarian,snack,Grilled,100,0,Synthetic_IFCT_schema,Synthetic_Variant
SYN04409,Oats (roasted),Cereals and Millets,,419.5,1628,16.9,6.9,66.3,,54,4.7,0,North India,Vegetarian,Breakfast,Cooked,100,0,Synthetic_IFCT_schema,Synthetic_Variant
SYN04410,Pomegranate (roasted),Fruits,,87.4,347,1.7,1.2,18.7,4.0,10,0.3,10,West India,Vegetarian,,Raw,N/A,0,Synthetic_IFCT_schema,Synthetic_Variant
SYN04411,Brinjal (Eggplant) (steamed),Vegetables,,25.0,105,1.4,0.3,5.5,3.4,18,0.3,2,Pan India,Vegetarian,lunch,Steamed,100,0,Synthetic_IFCT_schema,Synthetic_Variant
SYN04412,"Jackfruit, raw (roasted)",Fruits,,94.1,398,1.7,0.6,23.2,1.5,,,,South India,Vegetarian,Any,Baked,100,0,Synthetic_IFCT_schema,Synthetic_Variant
SYN04413,"Papaya, ripe (raw)",Fruits,,44.2,180,0.5,0.1,10.8,1.7,20,0.1,62,South India,Vegetarian,snack,Fried,,0,Synthetic_IFCT_schema,Synthetic_Variant
SYN04414,"Soybean, raw (fried)",Pulses and Legumes,,435.4,1808,36.5,19.9,30.2,9.3,240,,,West India,Vegetarian,Any,Boiled,150,0,Synthetic_IFCT_schema,Synthetic_Variant
SYN04415,Pomegranate (steamed),Fruits,,,347,1.7,1.2,18.7,4.0,,0.3,10,West India,Vegetarian,Main Course,Steamed,200,0,Synthetic_IFCT_schema,Synthetic_Variant
SYN04416,"Masoor dal, raw (boiled)",Pulses and Legumes,,370.1,1435,25.1,0.9,59.0,3.5,68,7.6,1,Southern,Vegetarian,lunch,Grilled,100,0,Synthetic_IFCT_schema,Synthetic_Variant
SYN04417,Sabudana (Tapioca pearls) (fried),Cereals and Millets,,373.8,1469,0.2,0.2,88.7,0.9,,,,West India,Vegetarian,Dinner,Steamed,100,0,Synthetic_IFCT_schema,Synthetic_Variant
SYN04418,Pomegranate (fried),Fruits,,83.8,347,1.7,1.2,18.7,,10,0.3,10,West India,Vegetarian,Dinner,Baked,100,0,Synthetic_IFCT_schema,Synthetic_Variant
SYN04419,Pomegranate (boiled),Fruits,Scientific_53,78.2,347,1.7,1.2,18.7,4.0,10,0.3,10,West India,Vegetarian,Snack,Baked,100,0,Synthetic_IFCT_schema,Synthetic_Variant
SYN04420,Appam (boiled),Composite Dishes,,125.8,502,2.5,2.8,22.0,0.5,,,,South India,Vegetarian,Beverage,N/A,100,1,Synthetic_IFCT_schema,Synthetic_Variant
SYN04421,Bitter gourd (Karela) (steamed),Vegetables,Scientific_27,16.9,,1.0,0.2,3.4,2.8,20,0.6,84,Pan India,Vegetarian,snack,,,0,Synthetic_IFCT_schema,Synthetic_Variant
SYN04422,Pomegranate (raw),Fruits,,77.5,347,1.7,1.2,18.7,4.0,10,0.3,10,West India,Vegetarian,Snack,Grilled,150,0,Synthetic_IFCT_schema,Synthetic_Variant
SYN04423,Litti chokha (fried),Composite Dishes,,306.8,1340,9.0,10.0,50.0,3.5,,,,East India,Vegetarian,Beverage,Fried,100,1,Synthetic_IFCT_schema,Synthetic_Variant
SYN04424,Semolina (Rava) (roasted),Cereals and Millets,,,1506,10.0,1.0,74.0,,16,4.7,0,Pan India,Veg,breakfast,Steamed,,0,Synthetic_IFCT_schema,Synthetic_Variant
SYN04425,Pomegranate (roasted),Fruits,,87.0,347,1.7,1.2,18.7,4.0,10,0.3,10,West India,Vegetarian,Dessert,N/A,100,0,Synthetic_IFCT_schema,Synthetic_Variant
SYN04426,Bottle gourd (Lauki) (raw),Vegetables,,13.0,59,0.6,0.1,3.4,0.5,26,0.5,10,Pan India,Vegetarian,Beverage,Fried,150,0,Synthetic_IFCT_schema,Synthetic_Variant
SYN04427,Pomegranate (raw),Fruits,Scientific_70,,347,1.7,1.2,18.7,,10,0.3,10,West India,Veg,Main Course,Baked,200,0,Synthetic_IFCT_schema,Synthetic_Variant
SYN04428,Rajma (Kidney beans) (raw),Pulses and Legumes,,372.4,1448,22.9,1.5,60.6,6.4,260,7.0,4,North India,Vegetarian,Any,N/A,N/A,0,Synthetic_IFCT_schema,Synthetic_Variant
SYN04429,"Rice, raw, milled (roasted)",Cereals and Millets,,,1448,6.8,0.5,78.2,0.2,10,0.7,,Pan India,Vegetarian,Breakfast,Baked,,0,Synthetic_IFCT_schema,Synthetic_Variant
SYN04430,Pomegranate (roasted),Fruits,,80.2,347,1.7,1.2,18.7,4.0,10,0.3,10,East,Vegetarian,snack,Grilled,100,0,Synthetic_IFCT_schema,Synthetic_Variant
SYN04431,Appam (boiled),Composite Dishes,,115.8,502,2.5,2.8,22.0,0.5,,,,South India,Vegetarian,Beverage,N/A,100,1,Synthetic_IFCT_schema,Synthetic_Variant
SYN04432,Maize flour (steamed),Cereals and Millets,Scientific_7,338.3,1485,8.7,3.6,70.0,2.7,9,2.3,,Pan India,Vegetarian,Main Course,N/A,N/A,0,Synthetic_IFCT_schema,Synthetic_Variant
SYN04433,Pomegranate (raw),Fruits,Scientific_78,82.1,347,1.7,1.2,18.7,4.0,10,0.3,10,West India,Vegetarian,,,,0,Synthetic_IFCT_schema,Synthetic_Variant
SYN04434,Pomegranate (fried),Fruits,,77.5,347,1.7,1.2,18.7,4.0,10,0.3,,West India,Vegetarian,Snack,Baked,200,0,Synthetic_IFCT_schema,Synthetic_Variant
SYN04435,"Chana dal, raw (steamed)",Pulses and Legumes,Scientific_12,354.3,1556,20.8,5.6,59.8,,56,4.9,1,North India,Vegetarian,breakfast,Cooked,100,0,Synthetic_IFCT_schema,Synthetic_Variant
SYN04436,Pomegranate (fried),Fruits,,89.1,347,1.7,1.2,18.7,4.0,10,0.3,10,West India,Vegetarian,Beverage,Steamed,,0,Synthetic_IFCT_schema,Synthetic_Variant
SYN04437,Pomegranate (steamed),Fruits,Scientific_45,88.5,347,1.7,1.2,18.7,4.0,10,0.3,,West India,Veg,breakfast,Roasted,N/A,0,Synthetic_IFCT_schema,Synthetic_Variant
SYN04438,Pomegranate (raw),Fruits,Scientific_66,81.2,347,1.7,1.2,18.7,4.0,10,0.3,10,West India,Vegetarian,Dessert,Raw,200,0,Synthetic_IFCT_schema,Synthetic_Variant
SYN04439,"Rice, cooked (roasted)",Cereals and Millets,,128.5,544,2.7,0.3,28.2,,3,0.2,0,Pan India,non-vegetarian,Snack,Baked,100,0,Synthetic_IFCT_schema,Synthetic_Variant
SYN04440,Pomegranate (boiled),Fruits,,77.8,347,1.7,1.2,18.7,4.0,10,0.3,10,East,Vegetarian,snack,Grilled,100,0,Synthetic_IFCT_schema,Synthetic_Variant
SYN04441,Pomegranate (raw),Fruits,,82.6,347,1.7,1.2,18.7,4.0,10,0.3,10,East,Vegetarian,snack,Grilled,100,0,Synthetic_IFCT_schema,Synthetic_Variant
SYN04442,Sattu (roasted gram flour) (boiled),Cereals and Millets,,427.2,1700,22.5,7.0,64.0,1.8,,,,East India,Vegetarian,snack,Grilled,100,0,Synthetic_IFCT_schema,Synthetic_Variant
SYN04443,Ragi (Finger millet) (roasted),Cereals and Millets,Scientific_6,328.2,1373,7.3,1.5,66.8,3.6,344,3.9,0,South India,Vegetarian,Main Course,Boiled,N/A,0,Synthetic_IFCT_schema,Synthetic_Variant
SYN04444,Pomegranate (fried),Fruits,Scientific_40,86.9,347,1.7,1.2,18.7,4.0,10,0.3,10,West India,Vegetarian,Any,Cooked,N/A,0,Synthetic_IFCT_schema,Synthetic_Variant
SYN04445,Pomegranate (fried),Fruits,,86.8,347,1.7,1.2,18.7,4.0,10,0.3,10,West India,Vegetarian,breakfast,,100,0,Synthetic_IFCT_schema,Synthetic_Variant
SYN04446,Bamboo shoots (boiled),Vegetables,,27.2,113,2.6,0.3,5.2,2.2,,,,East India,Vegetarian,Dinner,Boiled,100,0,Synthetic_IFCT_schema,Synthetic_Variant
SYN04447,Okra (Bhindi) (boiled),Vegetables,Scientific_26,35.6,138,2.1,0.2,7.0,2.5,82,0.8,21,Pan India,non-vegetarian,,Fried,150,0,Synthetic_IFCT_schema,Synthetic_Variant
SYN04448,Shrikhand (fried),Milk and Milk Products,,224.2,921,7.0,7.0,33.0,,,,,West India,Vegetarian,Dinner,Cooked,100,0,Synthetic_IFCT_schema,Synthetic_Variant
SYN04449,Bottle gourd (Lauki) (steamed),Vegetables,,13.3,59,0.6,0.1,3.4,0.5,26,0.5,10,Pan India,Vegetarian,Beverage,Fried,150,0,Synthetic_IFCT_schema,Synthetic_Variant
SYN04450,Pomegranate (raw),Fruits,Scientific_59,86.6,347,1.7,1.2,18.7,4.0,10,0.3,10,West India,Vegetarian,Dessert,Steamed,150,0,Synthetic_IFCT_schema,Synthetic_Variant
SYN04451,Pomegranate (roasted),Fruits,,84.1,347,1.7,1.2,18.7,4.0,10,0.3,10,West India,Vegetarian,Breakfast,N/A,,0,Synthetic_IFCT_schema,Synthetic_Variant
SYN04452,Pomegranate (roasted),Fruits,,88.6,347,1.7,1.2,18.7,4.0,10,0.3,10,West India,Vegetarian,Main Course,Fried,,0,Synthetic_IFCT_schema,Synthetic_Variant
SYN04453,Pomegranate (raw),Fruits,,78.0,347,1.7,1.2,18.7,4.0,,0.3,10,West India,Vegetarian,breakfast,,,0,Synthetic_IFCT_schema,Synthetic_Variant
SYN04454,Pomegranate (fried),Fruits,Scientific_80,,347,1.7,1.2,18.7,4.0,10,0.3,10,West India,Vegetarian,lunch,Cooked,200,0,Synthetic_IFCT_schema,Synthetic_Variant
SYN04455,Pomegranate (steamed),Fruits,Scientific_65,88.0,347,1.7,1.2,18.7,4.0,10,0.3,10,West India,Vegetarian,Main Course,Baked,N/A,0,Synthetic_IFCT_schema,Synthetic_Variant
SYN04456,Pomegranate (steamed),Fruits,Scientific_40,80.5,347,1.7,1.2,18.7,4.0,10,0.3,10,West India,Vegetarian,Any,Cooked,N/A,0,Synthetic_IFCT_schema,Synthetic_Variant
SYN04457,Guava (boiled),Fruits,,72.0,285,2.6,1.0,14.3,5.4,18,,228,Maharashtra,Vegetarian,Snack,Baked,N/A,0,Synthetic_IFCT_schema,Synthetic_Variant
SYN04458,"Coconut, fresh (boiled)",Nuts and Oilseeds,Scientific_30,330.4,1482,3.3,33.5,15.2,9.0,14,1.9,3,South India,Vegetarian,Lunch,,200,0,Synthetic_IFCT_schema,Synthetic_Variant
SYN04459,Pomegranate (raw),Fruits,,87.2,347,1.7,1.2,18.7,4.0,10,0.3,,West India,Veg,lunch,,,0,Synthetic_IFCT_schema,Synthetic_Variant
SYN04460,Jowar (Sorghum) (steamed),Cereals and Millets,Scientific_5,348.1,,10.4,1.9,72.6,1.6,25,,0,Unknown,Vegetarian,Main Course,Fried,,0,Synthetic_IFCT_schema,Synthetic_Variant
SYN04461,Pomegranate (raw),Fruits,,83.1,347,1.7,1.2,18.7,4.0,10,0.3,10,West India,Vegetarian,breakfast,,100,0,Synthetic_IFCT_schema,Synthetic_Variant
SYN04462,Pomegranate (roasted),Fruits,Scientific_63,77.8,347,1.7,1.2,18.7,4.0,10,0.3,10,West India,Vegetarian,Any,Baked,N/A,0,Synthetic_IFCT_schema,Synthetic_Variant
SYN04463,"Coconut, fresh (boiled)",Nuts and Oilseeds,Scientific_30,364.1,1482,3.3,33.5,15.2,9.0,14,1.9,3,South India,Vegetarian,Lunch,,200,0,Synthetic_IFCT_schema,Synthetic_Variant
SYN04464,Pomegranate (steamed),Fruits,Scientific_47,86.4,,1.7,1.2,18.7,4.0,10,0.3,10,West India,Non-Veg,snack,Grilled,200,0,Synthetic_IFCT_schema,Synthetic_Variant
SYN04465,"Soybean, raw (raw)",Pulses and Legumes,,415.0,1808,36.5,19.9,30.2,9.3,240,,,West India,Vegetarian,Any,Boiled,150,0,Synthetic_IFCT_schema,Synthetic_Variant
SYN04466,Pomegranate (raw),Fruits,,86.6,347,1.7,1.2,18.7,4.0,10,0.3,10,Unknown,Vegetarian,Beverage,Steamed,N/A,0,Synthetic_IFCT_schema,Synthetic_Variant
SYN04467,Banana (Cavendish) (steamed),Fruits,Scientific_32,94.4,372,1.1,0.3,23.0,2.6,5,0.3,8,South India,Vegetarian,Dinner,,100,0,Synthetic_IFCT_schema,Synthetic_Variant
SYN04468,Pomegranate (steamed),Fruits,Scientific_62,88.0,347,1.7,1.2,18.7,4.0,10,0.3,10,West India,non-vegetarian,snack,Fried,,0,Synthetic_IFCT_schema,Synthetic_Variant
SYN04469,"Tofu, firm (fried)",Pulses and Legumes,,74.3,318,8.0,4.8,1.9,0.3,,,,West India,Vegetarian,Lunch,N/A,100,0,Synthetic_IFCT_schema,Synthetic_Variant
SYN04470,Pomegranate (steamed),Fruits,Scientific_40,77.4,347,1.7,1.2,18.7,4.0,10,0.3,10,West India,Vegetarian,Any,Cooked,N/A,0,Synthetic_IFCT_schema,Synthetic_Variant
SYN04471,"Onion, raw (raw)",Vegetables,,38.8,167,1.1,0.1,9.3,1.7,23,0.4,7,Pan India,Vegetarian,lunch,Cooked,200,0,Synthetic_IFCT_schema,Synthetic_Variant
SYN04472,Bamboo shoots (steamed),Vegetables,,27.8,113,2.6,0.3,5.2,2.2,,,,East India,Vegetarian,Dinner,Boiled,100,0,Synthetic_IFCT_schema,Synthetic_Variant
SYN04473,Pomegranate (raw),Fruits,,77.6,347,1.7,1.2,18.7,4.0,10,0.3,10,West India,Vegetarian,Dessert,N/A,100,0,Synthetic_IFCT_schema,Synthetic_Variant
SYN04474,Pomegranate (steamed),Fruits,Scientific_66,82.6,347,1.7,1.2,18.7,4.0,10,0.3,10,West India,Vegetarian,Dessert,Raw,200,0,Synthetic_IFCT_schema,Synthetic_Variant
SYN04475,Pomegranate (roasted),Fruits,Scientific_62,81.5,347,1.7,1.2,18.7,4.0,10,0.3,10,West India,non-vegetarian,snack,Fried,,0,Synthetic_IFCT_schema,Synthetic_Variant
SYN04476,Sattu (roasted gram flour) (boiled),Cereals and Millets,,424.6,1700,22.5,7.0,64.0,1.8,,,,East India,Vegetarian,snack,Grilled,100,0,Synthetic_IFCT_schema,Synthetic_Variant
SYN04477,Pomegranate (boiled),Fruits,Scientific_65,84.1,347,1.7,1.2,18.7,4.0,10,0.3,10,West India,Vegetarian,Main Course,Baked,N/A,0,Synthetic_IFCT_schema,Synthetic_Variant
SYN04478,Brinjal (Eggplant) (fried),Vegetables,,25.1,105,1.4,0.3,5.5,3.4,18,0.3,2,Pan India,Vegetarian,lunch,Steamed,100,0,Synthetic_IFCT_schema,Synthetic_Variant
SYN04479,Pomegranate (boiled),Fruits,,77.1,347,1.7,1.2,18.7,4.0,10,0.3,10,West India,Vegetarian,breakfast,,100,0,Synthetic_IFCT_schema,Synthetic_Variant
SYN04480,Okra (Bhindi) (steamed),Vegetables,Scientific_26,31.3,138,2.1,0.2,7.0,2.5,82,0.8,21,Pan India,non-vegetarian,,Fried,150,0,Synthetic_IFCT_schema,Synthetic_Variant
SYN04481,Pomegranate (steamed),Fruits,Scientific_79,76.8,347,1.7,1.2,18.7,,,0.3,,West India,Vegetarian,lunch,Fried,200,0,Synthetic_IFCT_schema,Synthetic_Variant
SYN04482,Sabudana (Tapioca pearls) (fried),Cereals and Millets,,363.8,1469,0.2,0.2,88.7,0.9,,,,West India,Vegetarian,Dinner,Steamed,100,0,Synthetic_IFCT_schema,Synthetic_Variant
SYN04483,Banana (Cavendish) (boiled),Fruits,Scientific_32,85.4,372,1.1,0.3,23.0,2.6,5,0.3,8,South India,Vegetarian,Dinner,,100,0,Synthetic_IFCT_schema,Synthetic_Variant
SYN04484,Pomegranate (steamed),Fruits,Scientific_68,77.6,347,1.7,1.2,18.7,4.0,10,0.3,10,Northern,Veg,dinner,Steamed,N/A,0,Synthetic_IFCT_schema,Synthetic_Variant
SYN04485,Pomegranate (steamed),Fruits,,85.7,347,1.7,1.2,18.7,4.0,10,0.3,10,West India,Vegetarian,Beverage,Steamed,,0,Synthetic_IFCT_schema,Synthetic_Variant
SYN04486,Fenugreek leaves (Methi) (raw),Vegetables,Scientific_28,46.1,205,4.4,0.9,6.0,1.1,,1.9,52,North India,Vegetarian,Dessert,Boiled,150,0,Synthetic_IFCT_schema,Synthetic_Variant
SYN04487,"Momos, veg (steamed) (raw)",Composite Dishes,,186.6,753,5.5,5.5,28.0,2.0,,,,East India,Vegetarian,lunch,Steamed,100,1,Synthetic_IFCT_schema,Synthetic_Variant
SYN04488,Rajma (Kidney beans) (boiled),Pulses and Legumes,,364.8,1448,22.9,1.5,60.6,6.4,260,7.0,4,North India,Vegetarian,Any,N/A,N/A,0,Synthetic_IFCT_schema,Synthetic_Variant
SYN04489,Pomegranate (boiled),Fruits,,76.6,347,1.7,1.2,18.7,4.0,10,0.3,10,Unknown,Vegetarian,Beverage,Steamed,N/A,0,Synthetic_IFCT_schema,Synthetic_Variant
SYN04490,Pomegranate (boiled),Fruits,,79.8,347,1.7,1.2,18.7,4.0,10,0.3,10,West India,Vegetarian,Main Course,Fried,,0,Synthetic_IFCT_schema,Synthetic_Variant
SYN04491,Pomegranate (roasted),Fruits,,88.7,347,1.7,1.2,18.7,4.0,10,0.3,10,West India,Vegetarian,Lunch,Roasted,200,0,Synthetic_IFCT_schema,Synthetic_Variant
SYN04492,"Jackfruit, raw (boiled)",Fruits,,92.6,398,1.7,0.6,23.2,1.5,,,,South India,Vegetarian,Any,Baked,100,0,Synthetic_IFCT_schema,Synthetic_Variant
SYN04493,Guava (raw),Fruits,,68.2,285,2.6,1.0,14.3,5.4,18,,228,Maharashtra,Vegetarian,Snack,Baked,N/A,0,Synthetic_IFCT_schema,Synthetic_Variant
SYN04494,Pomegranate (boiled),Fruits,Scientific_40,83.6,347,1.7,1.2,18.7,4.0,10,0.3,10,West India,Vegetarian,Any,Cooked,N/A,0,Synthetic_IFCT_schema,Synthetic_Variant
SYN04495,Jowar (Sorghum) (fried),Cereals and Millets,Scientific_5,375.3,,10.4,1.9,72.6,1.6,25,,0,Unknown,Vegetarian,Main Course,Fried,,0,Synthetic_IFCT_schema,Synthetic_Variant
SYN04496,Pomegranate (fried),Fruits,,81.5,347,1.7,1.2,18.7,4.0,10,,10,West India,Vegetarian,Snack,N/A,150,0,Synthetic_IFCT_schema,Synthetic_Variant
SYN04497,Pomegranate (steamed),Fruits,,76.7,347,1.7,1.2,18.7,4.0,10,,10,West India,Vegetarian,Snack,N/A,150,0,Synthetic_IFCT_schema,Synthetic_Variant
SYN04498,Pomegranate (steamed),Fruits,,79.7,347,1.7,1.2,18.7,4.0,10,0.3,10,West India,Vegetarian,,Raw,N/A,0,Synthetic_IFCT_schema,Synthetic_Variant
SYN04499,"Tofu, firm (fried)",Pulses and Legumes,,79.8,318,8.0,4.8,1.9,0.3,,,,West India,Vegetarian,Lunch,N/A,100,0,Synthetic_IFCT_schema,Synthetic_Variant
SYN04500,Pomegranate (fried),Fruits,,84.6,347,1.7,1.2,18.7,4.0,10,0.3,10,West India,Vegetarian,Snack,Grilled,150,0,Synthetic_IFCT_schema,Synthetic_Variant
SYN04501,Litti chokha (roasted),Composite Dishes,,304.7,1340,9.0,10.0,50.0,3.5,,,,East India,Vegetarian,Beverage,Fried,100,1,Synthetic_IFCT_schema,Synthetic_Variant
SYN04502,Pomegranate (boiled),Fruits,Scientific_79,86.1,347,1.7,1.2,18.7,,,0.3,,West India,Vegetarian,lunch,Fried,200,0,Synthetic_IFCT_schema,Synthetic_Variant
SYN04503,Bottle gourd (Lauki) (roasted),Vegetables,,14.6,59,0.6,0.1,3.4,0.5,26,0.5,10,Pan India,Vegetarian,Beverage,Fried,150,0,Synthetic_IFCT_schema,Synthetic_Variant
SYN04504,Pomegranate (raw),Fruits,,78.3,,1.7,1.2,18.7,4.0,10,0.3,10,West India,Vegetarian,Dessert,Baked,150,0,Synthetic_IFCT_schema,Synthetic_Variant
SYN04505,Pomegranate (fried),Fruits,,82.4,347,1.7,1.2,18.7,4.0,10,0.3,,West India,Vegetarian,Snack,Baked,200,0,Synthetic_IFCT_schema,Synthetic_Variant
SYN04506,Pomegranate (fried),Fruits,,84.3,347,1.7,1.2,18.7,4.0,10,0.3,10,West India,Vegetarian,Snack,Boiled,N/A,0,Synthetic_IFCT_schema,Synthetic_Variant
SYN04507,Rasam (roasted),Composite Dishes,,29.7,125,1.2,0.8,4.5,,,,,South India,Vegetarian,Beverage,,100,1,Synthetic_IFCT_schema,Synthetic_Variant
SYN04508,Pomegranate (roasted),Fruits,Scientific_59,85.0,347,1.7,1.2,18.7,4.0,10,0.3,10,West India,Vegetarian,Dessert,Steamed,150,0,Synthetic_IFCT_schema,Synthetic_Variant
SYN04509,Pomegranate (boiled),Fruits,Scientific_53,83.1,347,1.7,1.2,18.7,4.0,10,0.3,10,West India,Vegetarian,Snack,Baked,100,0,Synthetic_IFCT_schema,Synthetic_Variant
SYN04510,Pomegranate (steamed),Fruits,,86.1,347,1.7,1.2,18.7,4.0,10,0.3,10,West India,Vegetarian,Lunch,Steamed,100,0,Synthetic_IFCT_schema,Synthetic_Variant
SYN04511,Dhokla (boiled),Composite Dishes,,74.8,318,3.5,1.5,12.0,0.8,,,,West India,Vegetarian,Breakfast,N/A,100,1,Synthetic_IFCT_schema,Synthetic_Variant
SYN04512,Pomegranate (roasted),Fruits,,,347,1.7,1.2,18.7,4.0,10,0.3,,West India,Vegetarian,breakfast,Fried,,0,Synthetic_IFCT_schema,Synthetic_Variant
SYN04513,"Masoor dal, raw (fried)",Pulses and Legumes,,349.1,1435,25.1,0.9,59.0,3.5,68,7.6,1,Southern,Vegetarian,lunch,Grilled,100,0,Synthetic_IFCT_schema,Synthetic_Variant
SYN04514,Semolina (Rava) (steamed),Cereals and Millets,,,1506,10.0,1.0,74.0,,16,4.7,0,Pan India,Veg,breakfast,Steamed,,0,Synthetic_IFCT_schema,Synthetic_Variant
SYN04515,Pomegranate (boiled),Fruits,Scientific_68,87.6,347,1.7,1.2,18.7,4.0,10,0.3,10,Northern,Veg,dinner,Steamed,N/A,0,Synthetic_IFCT_schema,Synthetic_Variant
SYN04516,Pomegranate (boiled),Fruits,,86.3,347,1.7,1.2,18.7,4.0,10,0.3,10,West India,Vegetarian,Beverage,Steamed,,0,Synthetic_IFCT_schema,Synthetic_Variant
SYN04517,"Tofu, firm (raw)",Pulses and Legumes,,77.3,318,8.0,4.8,1.9,0.3,,,,West India,Vegetarian,Lunch,N/A,100,0,Synthetic_IFCT_schema,Synthetic_Variant
SYN04518,Pomegranate (roasted),Fruits,,87.5,347,1.7,1.2,18.7,4.0,10,0.3,10,Unknown,Vegetarian,Beverage,Steamed,N/A,0,Synthetic_IFCT_schema,Synthetic_Variant
SYN04519,Pomegranate (roasted),Fruits,,83.4,,1.7,1.2,18.7,4.0,10,0.3,10,West India,Vegetarian,Dessert,Baked,150,0,Synthetic_IFCT_schema,Synthetic_Variant
SYN04520,"Jackfruit, raw (boiled)",Fruits,,100.4,398,1.7,0.6,23.2,1.5,,,,South India,Vegetarian,Any,Baked,100,0,Synthetic_IFCT_schema,Synthetic_Variant
SYN04521,"Jackfruit, raw (steamed)",Fruits,,88.4,398,1.7,0.6,23.2,1.5,,,,South India,Vegetarian,Any,Baked,100,0,Synthetic_IFCT_schema,Synthetic_Variant
SYN04522,Pomegranate (roasted),Fruits,,,347,1.7,1.2,18.7,4.0,,0.3,10,West India,Vegetarian,Main Course,Steamed,200,0,Synthetic_IFCT_schema,Synthetic_Variant
SYN04523,"Soybean, raw (steamed)",Pulses and Legumes,,452.7,1808,36.5,19.9,30.2,9.3,240,,,West India,Vegetarian,Any,Boiled,150,0,Synthetic_IFCT_schema,Synthetic_Variant
SYN04524,Pomegranate (fried),Fruits,Scientific_68,85.2,347,1.7,1.2,18.7,4.0,10,0.3,10,Northern,Veg,dinner,Steamed,N/A,0,Synthetic_IFCT_schema,Synthetic_Variant
SYN04525,Pomegranate (fried),Fruits,,,347,1.7,1.2,18.7,4.0,10,0.3,,West India,Vegetarian,breakfast,Fried,,0,Synthetic_IFCT_schema,Synthetic_Variant
SYN04526,Appam (fried),Composite Dishes,,122.4,502,2.5,2.8,22.0,0.5,,,,South India,Vegetarian,Beverage,N/A,100,1,Synthetic_IFCT_schema,Synthetic_Variant
SYN04527,"Momos, veg (steamed) (fried)",Composite Dishes,,183.4,753,5.5,5.5,28.0,2.0,,,,East India,Vegetarian,lunch,Steamed,100,1,Synthetic_IFCT_schema,Synthetic_Variant
SYN04528,Litti chokha (raw),Composite Dishes,,307.0,1340,9.0,10.0,50.0,3.5,,,,East India,Vegetarian,Beverage,Fried,100,1,Synthetic_IFCT_schema,Synthetic_Variant
SYN04529,"Rice, raw, milled (steamed)",Cereals and Millets,,,1448,6.8,0.5,78.2,0.2,10,0.7,,Pan India,Vegetarian,Breakfast,Baked,,0,Synthetic_IFCT_schema,Synthetic_Variant
SYN04530,Pomegranate (steamed),Fruits,Scientific_69,78.2,347,1.7,1.2,18.7,4.0,10,0.3,,West India,Vegetarian,Dinner,Fried,150,0,Synthetic_IFCT_schema,Synthetic_Variant
SYN04531,Bottle gourd (Lauki) (boiled),Vegetables,,15.0,59,0.6,0.1,3.4,0.5,26,0.5,10,Pan India,Vegetarian,Beverage,Fried,150,0,Synthetic_IFCT_schema,Synthetic_Variant
SYN04532,Pomegranate (raw),Fruits,,82.6,347,1.7,1.2,18.7,4.0,10,0.3,10,West India,Vegetarian,Main Course,,N/A,0,Synthetic_IFCT_schema,Synthetic_Variant
SYN04533,Bitter gourd (Karela) (raw),Vegetables,Scientific_27,16.8,,1.0,0.2,3.4,2.8,20,0.6,84,Pan India,Vegetarian,snack,,,0,Synthetic_IFCT_schema,Synthetic_Variant
SYN04534,Pomegranate (raw),Fruits,,89.6,347,1.7,1.2,18.7,4.0,10,0.3,,West India,Veg,lunch,,,0,Synthetic_IFCT_schema,Synthetic_Variant
SYN04535,Pomegranate (fried),Fruits,,83.7,347,1.7,1.2,18.7,4.0,10,0.3,,West India,Vegetarian,Snack,Baked,200,0,Synthetic_IFCT_schema,Synthetic_Variant
SYN04536,Maize flour (raw),Cereals and Millets,Scientific_7,342.0,1485,8.7,3.6,70.0,2.7,9,2.3,,Pan India,Vegetarian,Main Course,N/A,N/A,0,Synthetic_IFCT_schema,Synthetic_Variant
SYN04537,"Tofu, firm (roasted)",Pulses and Legumes,,80.3,318,8.0,4.8,1.9,0.3,,,,West India,Vegetarian,Lunch,N/A,100,0,Synthetic_IFCT_schema,Synthetic_Variant
SYN04538,Shrikhand (fried),Milk and Milk Products,,210.2,921,7.0,7.0,33.0,,,,,West India,Vegetarian,Dinner,Cooked,100,0,Synthetic_IFCT_schema,Synthetic_Variant
SYN04539,Bitter gourd (Karela) (fried),Vegetables,Scientific_27,16.9,,1.0,0.2,3.4,2.8,20,0.6,84,Pan India,Vegetarian,snack,,,0,Synthetic_IFCT_schema,Synthetic_Variant
SYN04540,Sabudana (Tapioca pearls) (roasted),Cereals and Millets,,349.8,1469,0.2,0.2,88.7,0.9,,,,West India,Vegetarian,Dinner,Steamed,100,0,Synthetic_IFCT_schema,Synthetic_Variant
SYN04541,"Tomato, raw (boiled)",Vegetables,,,75,0.9,0.2,3.9,1.2,13,,27,Pan India,Vegetarian,Dessert,Roasted,100,0,Synthetic_IFCT_schema,Synthetic_Variant
SYN04542,Methi thepla (raw),Composite Dishes,,276.0,1193,7.5,12.0,38.0,3.0,,,,West India,Vegetarian,Beverage,Boiled,100,1,Synthetic_IFCT_schema,Synthetic_Variant
SYN04543,Pomegranate (boiled),Fruits,Scientific_68,82.0,347,1.7,1.2,18.7,4.0,10,0.3,10,Northern,Veg,dinner,Steamed,N/A,0,Synthetic_IFCT_schema,Synthetic_Variant
SYN04544,Pomegranate (boiled),Fruits,,79.7,347,1.7,1.2,18.7,4.0,10,0.3,10,West India,Vegetarian,Lunch,Roasted,200,0,Synthetic_IFCT_schema,Synthetic_Variant
SYN04545,Sattu (roasted gram flour) (roasted),Cereals and Millets,,425.5,1700,22.5,7.0,64.0,1.8,,,,East India,Vegetarian,snack,Grilled,100,0,Synthetic_IFCT_schema,Synthetic_Variant
SYN04546,Bottle gourd (Lauki) (raw),Vegetables,,12.9,59,0.6,0.1,3.4,0.5,26,0.5,10,Pan India,Vegetarian,Beverage,Fried,150,0,Synthetic_IFCT_schema,Synthetic_Variant
SYN04547,"Momos, veg (steamed) (roasted)",Composite Dishes,,179.3,753,5.5,5.5,28.0,2.0,,,,East India,Vegetarian,lunch,Steamed,100,1,Synthetic_IFCT_schema,Synthetic_Variant
SYN04548,Maize flour (steamed),Cereals and Millets,Scientific_7,372.7,1485,8.7,3.6,70.0,2.7,9,2.3,,Pan India,Vegetarian,Main Course,N/A,N/A,0,Synthetic_IFCT_schema,Synthetic_Variant
SYN04549,Pomegranate (steamed),Fruits,,81.0,347,1.7,1.2,18.7,4.0,10,0.3,10,West India,non-vegetarian,,Roasted,100,0,Synthetic_IFCT_schema,Synthetic_Variant
SYN04550,"Spinach (Palak), raw (boiled)",Vegetables,Scientific_23,,96,2.0,0.3,3.5,,99,1.8,28,Pan India,Vegetarian,breakfast,Fried,200,0,Synthetic_IFCT_schema,Synthetic_Variant
SYN04551,Pomegranate (boiled),Fruits,,77.1,347,1.7,1.2,18.7,4.0,10,0.3,,West India,Vegetarian,Snack,Baked,200,0,Synthetic_IFCT_schema,Synthetic_Variant
SYN04552,"Masoor dal, raw (steamed)",Pulses and Legumes,,350.3,1435,25.1,0.9,59.0,3.5,68,7.6,1,Southern,Vegetarian,lunch,Grilled,100,0,Synthetic_IFCT_schema,Synthetic_Variant
SYN04553,"Potato, raw (fried)",Vegetables,Scientific_20,73.3,322,1.9,0.1,17.8,1.8,11,0.7,13,Pan India,Vegetarian,lunch,Cooked,150,0,Synthetic_IFCT_schema,Synthetic_Variant
SYN04554,"Jackfruit, raw (roasted)",Fruits,,99.0,398,1.7,0.6,23.2,1.5,,,,South India,Vegetarian,Any,Baked,100,0,Synthetic_IFCT_schema,Synthetic_Variant
SYN04555,Pomegranate (steamed),Fruits,Scientific_50,85.3,347,1.7,1.2,18.7,4.0,10,0.3,,North India,Veg,Beverage,Steamed,100,0,Synthetic_IFCT_schema,Synthetic_Variant
SYN04556,Pomegranate (boiled),Fruits,,84.1,347,1.7,1.2,18.7,4.0,10,0.3,10,West India,Vegetarian,Lunch,Steamed,100,0,Synthetic_IFCT_schema,Synthetic_Variant
SYN04557,Rasam (raw),Composite Dishes,,32.3,125,1.2,0.8,4.5,,,,,South India,Vegetarian,Beverage,,100,1,Synthetic_IFCT_schema,Synthetic_Variant
SYN04558,Cowpea (Black-eyed pea) (fried),Pulses and Legumes,,334.7,1351,23.4,1.8,54.5,,227,8.6,1,South India,Vegetarian,Lunch,Roasted,200,0,Synthetic_IFCT_schema,Synthetic_Variant
SYN04559,"Urad dal, raw (fried)",Pulses and Legumes,Scientific_15,,1428,25.1,1.4,59.0,1.8,154,4.5,0,South India,Vegetarian,Main Course,Grilled,N/A,0,Synthetic_IFCT_schema,Synthetic_Variant
SYN04560,Pomegranate (raw),Fruits,Scientific_40,89.2,347,1.7,1.2,18.7,4.0,10,0.3,10,West India,Vegetarian,Any,Cooked,N/A,0,Synthetic_IFCT_schema,Synthetic_Variant
SYN04561,Pomegranate (steamed),Fruits,,86.6,,1.7,1.2,18.7,4.0,10,0.3,10,West India,Vegetarian,Dessert,Baked,150,0,Synthetic_IFCT_schema,Synthetic_Variant
SYN04562,Sattu (roasted gram flour) (fried),Cereals and Millets,,406.6,1700,22.5,7.0,64.0,1.8,,,,East India,Vegetarian,snack,Grilled,100,0,Synthetic_IFCT_schema,Synthetic_Variant
SYN04563,"Onion, raw (fried)",Vegetables,,38.5,167,1.1,0.1,9.3,1.7,23,0.4,7,Pan India,Vegetarian,lunch,Cooked,200,0,Synthetic_IFCT_schema,Synthetic_Variant
SYN04564,"Coconut, fresh (fried)",Nuts and Oilseeds,Scientific_30,366.3,1482,3.3,33.5,15.2,9.0,14,1.9,3,South India,Vegetarian,Lunch,,200,0,Synthetic_IFCT_schema,Synthetic_Variant
SYN04565,Pomegranate (fried),Fruits,,88.2,347,1.7,1.2,18.7,4.0,10,,10,West India,Vegetarian,Snack,N/A,150,0,Synthetic_IFCT_schema,Synthetic_Variant
SYN04566,"Tomato, raw (steamed)",Vegetables,,,75,0.9,0.2,3.9,1.2,13,,27,Pan India,Vegetarian,Dessert,Roasted,100,0,Synthetic_IFCT_schema,Synthetic_Variant
SYN04567,Cowpea (Black-eyed pea) (roasted),Pulses and Legumes,,334.1,1351,23.4,1.8,54.5,,227,8.6,1,South India,Vegetarian,Lunch,Roasted,200,0,Synthetic_IFCT_schema,Synthetic_Variant
SYN04568,Pomegranate (raw),Fruits,,80.2,347,1.7,1.2,18.7,4.0,10,0.3,10,West India,Vegetarian,Beverage,Steamed,,0,Synthetic_IFCT_schema,Synthetic_Variant
SYN04569,Ragi (Finger millet) (steamed),Cereals and Millets,Scientific_6,317.2,1373,7.3,1.5,66.8,3.6,344,3.9,0,South India,Vegetarian,Main Course,Boiled,N/A,0,Synthetic_IFCT_schema,Synthetic_Variant
SYN04570,Bottle gourd (Lauki) (boiled),Vegetables,,14.5,59,0.6,0.1,3.4,0.5,26,0.5,10,Pan India,Vegetarian,Beverage,Fried,150,0,Synthetic_IFCT_schema,Synthetic_Variant
SYN04571,Pomegranate (fried),Fruits,,77.5,347,1.7,1.2,18.7,,10,0.3,10,Pan India,Vegetarian,Main Course,Fried,150,0,Synthetic_IFCT_schema,Synthetic_Variant
SYN04572,"Soya chunks, raw (steamed)",Pulses and Legumes,,351.5,1444,52.0,0.5,33.0,13.0,,,,Pan India,Vegetarian,snack,Baked,100,0,Synthetic_IFCT_schema,Synthetic_Variant
SYN04573,Watermelon (steamed),Fruits,,31.2,125,0.6,0.2,7.6,0.4,7,,8,Pan India,Vegetarian,Breakfast,,200,0,Synthetic_IFCT_schema,Synthetic_Variant
SYN04574,Pomegranate (steamed),Fruits,Scientific_63,80.8,347,1.7,1.2,18.7,4.0,10,0.3,10,West India,Vegetarian,Any,Baked,N/A,0,Synthetic_IFCT_schema,Synthetic_Variant
SYN04575,Pomegranate (boiled),Fruits,,76.8,347,1.7,1.2,18.7,4.0,,0.3,10,West India,Vegetarian,Main Course,Grilled,,0,Synthetic_IFCT_schema,Synthetic_Variant
SYN04576,"Momos, veg (steamed) (steamed)",Composite Dishes,,166.8,753,5.5,5.5,28.0,2.0,,,,East India,Vegetarian,lunch,Steamed,100,1,Synthetic_IFCT_schema,Synthetic_Variant
SYN04577,Pomegranate (raw),Fruits,,78.2,347,1.7,1.2,18.7,,10,0.3,10,West India,Vegetarian,Dinner,Baked,100,0,Synthetic_IFCT_schema,Synthetic_Variant
SYN04578,Pomegranate (boiled),Fruits,,84.9,347,1.7,1.2,18.7,4.0,,0.3,10,West India,Vegetarian,breakfast,,,0,Synthetic_IFCT_schema,Synthetic_Variant
SYN04579,Pomegranate (raw),Fruits,Scientific_61,89.3,347,1.7,1.2,18.7,4.0,10,0.3,,West India,Vegetarian,Dessert,,100,0,Synthetic_IFCT_schema,Synthetic_Variant
SYN04580,Pomegranate (boiled),Fruits,Scientific_62,86.3,347,1.7,1.2,18.7,4.0,10,0.3,10,West India,non-vegetarian,snack,Fried,,0,Synthetic_IFCT_schema,Synthetic_Variant
SYN04581,Dhokla (boiled),Composite Dishes,,76.9,318,3.5,1.5,12.0,0.8,,,,West India,Vegetarian,Breakfast,N/A,100,1,Synthetic_IFCT_schema,Synthetic_Variant
SYN04582,Pomegranate (steamed),Fruits,,88.9,347,1.7,1.2,18.7,4.0,,0.3,10,West India,Vegetarian,Main Course,Grilled,,0,Synthetic_IFCT_schema,Synthetic_Variant
SYN04583,Shrikhand (fried),Milk and Milk Products,,221.9,921,7.0,7.0,33.0,,,,,West India,Vegetarian,Dinner,Cooked,100,0,Synthetic_IFCT_schema,Synthetic_Variant
SYN04584,Guava (boiled),Fruits,,65.5,285,2.6,1.0,14.3,5.4,18,,228,Maharashtra,Vegetarian,Snack,Baked,N/A,0,Synthetic_IFCT_schema,Synthetic_Variant
SYN04585,"Soybean, raw (steamed)",Pulses and Legumes,,454.6,1808,36.5,19.9,30.2,9.3,240,,,West India,Vegetarian,Any,Boiled,150,0,Synthetic_IFCT_schema,Synthetic_Variant
SYN04586,Sabudana (Tapioca pearls) (raw),Cereals and Millets,,330.9,1469,0.2,0.2,88.7,0.9,,,,West India,Vegetarian,Dinner,Steamed,100,0,Synthetic_IFCT_schema,Synthetic_Variant
SYN04587,Watermelon (raw),Fruits,,28.4,125,0.6,0.2,7.6,0.4,7,,8,Pan India,Vegetarian,Breakfast,,200,0,Synthetic_IFCT_schema,Synthetic_Variant
SYN04588,Pomegranate (steamed),Fruits,,79.1,347,1.7,1.2,18.7,4.0,10,0.3,10,West India,Vegetarian,Main Course,Fried,,0,Synthetic_IFCT_schema,Synthetic_Variant
SYN04589,"Tomato, raw (fried)",Vegetables,,,75,0.9,0.2,3.9,1.2,13,,27,Pan India,Vegetarian,Dessert,Roasted,100,0,Synthetic_IFCT_schema,Synthetic_Variant
SYN04590,"Urad dal, raw (raw)",Pulses and Legumes,Scientific_15,,1428,25.1,1.4,59.0,1.8,154,4.5,0,South India,Vegetarian,Main Course,Grilled,N/A,0,Synthetic_IFCT_schema,Synthetic_Variant
SYN04591,"Wheat flour, whole (raw)",Cereals and Millets,Scientific_2,345.2,1427,11.8,1.5,69.4,1.9,41,4.9,0,North India,Vegetarian,Beverage,Cooked,150,0,Synthetic_IFCT_schema,Synthetic_Variant
SYN04592,Rasam (raw),Composite Dishes,,32.4,125,1.2,0.8,4.5,,,,,South India,Vegetarian,Beverage,,100,1,Synthetic_IFCT_schema,Synthetic_Variant
SYN04593,"Mango, ripe (Alphonso) (steamed)",Fruits,Scientific_31,66.0,293,0.6,0.4,17.0,1.6,10,0.3,36,West India,Vegetarian,Lunch,N/A,N/A,0,Synthetic_IFCT_schema,Synthetic_Variant
SYN04594,"Potato, raw (roasted)",Vegetables,Scientific_20,75.9,322,1.9,0.1,17.8,1.8,11,0.7,13,Pan India,Vegetarian,lunch,Cooked,150,0,Synthetic_IFCT_schema,Synthetic_Variant
SYN04595,Pomegranate (fried),Fruits,Scientific_47,83.6,,1.7,1.2,18.7,4.0,10,0.3,10,West India,Non-Veg,snack,Grilled,200,0,Synthetic_IFCT_schema,Synthetic_Variant
SYN04596,Pomegranate (steamed),Fruits,,81.9,347,1.7,1.2,18.7,4.0,,0.3,10,West India,Vegetarian,breakfast,,,0,Synthetic_IFCT_schema,Synthetic_Variant
SYN04597,Pomegranate (raw),Fruits,Scientific_71,89.0,347,1.7,1.2,18.7,4.0,10,0.3,10,West India,Vegetarian,Breakfast,Fried,100,0,Synthetic_IFCT_schema,Synthetic_Variant
SYN04598,Pomegranate (fried),Fruits,,,347,1.7,1.2,18.7,4.0,,0.3,10,West India,Vegetarian,Main Course,Steamed,200,0,Synthetic_IFCT_schema,Synthetic_Variant
SYN04599,Pomegranate (steamed),Fruits,,86.8,347,1.7,1.2,18.7,4.0,10,0.3,10,West India,Vegetarian,Beverage,Steamed,,0,Synthetic_IFCT_schema,Synthetic_Variant
SYN04600,Pomegranate (roasted),Fruits,,80.2,347,1.7,1.2,18.7,4.0,10,0.3,10,West India,Vegetarian,,Raw,N/A,0,Synthetic_IFCT_schema,Synthetic_Variant
SYN04601,Pomegranate (fried),Fruits,,87.2,347,1.7,1.2,18.7,4.0,10,0.3,10,West India,Vegetarian,breakfast,,100,0,Synthetic_IFCT_schema,Synthetic_Variant
SYN04602,Litti chokha (boiled),Composite Dishes,,305.9,1340,9.0,10.0,50.0,3.5,,,,East India,Vegetarian,Beverage,Fried,100,1,Synthetic_IFCT_schema,Synthetic_Variant
SYN04603,Pomegranate (roasted),Fruits,,88.7,347,1.7,1.2,18.7,4.0,10,0.3,10,West India,Vegetarian,Main Course,Fried,,0,Synthetic_IFCT_schema,Synthetic_Variant
SYN04604,Pomegranate (fried),Fruits,,,347,1.7,1.2,18.7,4.0,,0.3,10,West India,Vegetarian,Main Course,Steamed,200,0,Synthetic_IFCT_schema,Synthetic_Variant
SYN04605,Pomegranate (raw),Fruits,,78.7,347,1.7,1.2,18.7,4.0,10,0.3,10,West India,Vegetarian,Dessert,Steamed,150,0,Synthetic_IFCT_schema,Synthetic_Variant
SYN04606,Methi thepla (raw),Composite Dishes,,300.7,1193,7.5,12.0,38.0,3.0,,,,West India,Vegetarian,Beverage,Boiled,100,1,Synthetic_IFCT_schema,Synthetic_Variant
SYN04607,"Cauliflower, raw (raw)",Vegetables,,23.5,105,1.9,0.4,4.9,2.5,22,0.4,,Western,Non-Veg,Breakfast,Steamed,200,0,Synthetic_IFCT_schema,Synthetic_Variant
SYN04608,"Moong dal, raw (roasted)",Pulses and Legumes,,326.8,,24.0,1.3,59.9,4.1,75,6.7,7,Pan India,Vegetarian,,,,0,Synthetic_IFCT_schema,Synthetic_Variant
SYN04609,Pomegranate (roasted),Fruits,Scientific_61,86.0,347,1.7,1.2,18.7,4.0,10,0.3,,West India,Vegetarian,Dessert,,100,0,Synthetic_IFCT_schema,Synthetic_Variant
SYN04610,Pomegranate (raw),Fruits,Scientific_70,,347,1.7,1.2,18.7,,10,0.3,10,West India,Veg,Main Course,Baked,200,0,Synthetic_IFCT_schema,Synthetic_Variant
SYN04611,Pomegranate (steamed),Fruits,,78.8,347,1.7,1.2,18.7,4.0,10,0.3,10,West India,non-vegetarian,,Roasted,100,0,Synthetic_IFCT_schema,Synthetic_Variant
SYN04612,Pomegranate (raw),Fruits,,77.3,,1.7,1.2,18.7,4.0,10,0.3,10,West India,Vegetarian,Dessert,Baked,150,0,Synthetic_IFCT_schema,Synthetic_Variant
SYN04613,Pomegranate (raw),Fruits,Scientific_68,87.9,347,1.7,1.2,18.7,4.0,10,0.3,10,Northern,Veg,dinner,Steamed,N/A,0,Synthetic_IFCT_schema,Synthetic_Variant
SYN04614,Pomegranate (boiled),Fruits,Scientific_69,80.6,347,1.7,1.2,18.7,4.0,10,0.3,,West India,Vegetarian,Dinner,Fried,150,0,Synthetic_IFCT_schema,Synthetic_Variant
SYN04615,Pomegranate (boiled),Fruits,Scientific_53,85.8,347,1.7,1.2,18.7,4.0,10,0.3,10,West India,Vegetarian,Snack,Baked,100,0,Synthetic_IFCT_schema,Synthetic_Variant
SYN04616,Pomegranate (steamed),Fruits,,85.6,347,1.7,1.2,18.7,4.0,10,0.3,10,Unknown,Vegetarian,Beverage,Steamed,N/A,0,Synthetic_IFCT_schema,Synthetic_Variant
SYN04617,Kabuli chana (steamed),Pulses and Legumes,,361.1,,20.1,5.3,60.9,7.6,202,4.9,3,North India,Vegetarian,Breakfast,Grilled,N/A,0,Synthetic_IFCT_schema,Synthetic_Variant
SYN04618,Okra (Bhindi) (raw),Vegetables,Scientific_26,31.1,138,2.1,0.2,7.0,2.5,82,0.8,21,Pan India,non-vegetarian,,Fried,150,0,Synthetic_IFCT_schema,Synthetic_Variant
SYN04619,Bamboo shoots (steamed),Vegetables,,26.2,113,2.6,0.3,5.2,2.2,,,,East India,Vegetarian,Dinner,Boiled,100,0,Synthetic_IFCT_schema,Synthetic_Variant
SYN04620,Pomegranate (roasted),Fruits,Scientific_67,86.5,347,1.7,1.2,18.7,4.0,10,0.3,10,West India,Non-Vegetarian,lunch,Roasted,200,0,Synthetic_IFCT_schema,Synthetic_Variant
SYN04621,"Soybean, raw (roasted)",Pulses and Legumes,,402.2,1808,36.5,19.9,30.2,9.3,240,,,West India,Vegetarian,Any,Boiled,150,0,Synthetic_IFCT_schema,Synthetic_Variant
SYN04622,Pomegranate (raw),Fruits,Scientific_47,86.0,,1.7,1.2,18.7,4.0,10,0.3,10,West India,Non-Veg,snack,Grilled,200,0,Synthetic_IFCT_schema,Synthetic_Variant
SYN04623,"Chana dal, raw (boiled)",Pulses and Legumes,Scientific_12,399.5,1556,20.8,5.6,59.8,,56,4.9,1,North India,Vegetarian,breakfast,Cooked,100,0,Synthetic_IFCT_schema,Synthetic_Variant
SYN04624,Maize flour (raw),Cereals and Millets,Scientific_7,336.5,1485,8.7,3.6,70.0,2.7,9,2.3,,Pan India,Vegetarian,Main Course,N/A,N/A,0,Synthetic_IFCT_schema,Synthetic_Variant
SYN04625,Pomegranate (raw),Fruits,,83.3,347,1.7,1.2,18.7,4.0,10,0.3,10,West India,Vegetarian,,Raw,N/A,0,Synthetic_IFCT_schema,Synthetic_Variant
SYN04626,Litti chokha (roasted),Composite Dishes,,343.8,1340,9.0,10.0,50.0,3.5,,,,East India,Vegetarian,Beverage,Fried,100,1,Synthetic_IFCT_schema,Synthetic_Variant
SYN04627,Pomegranate (roasted),Fruits,,88.7,,1.7,1.2,18.7,4.0,10,0.3,10,West India,Vegetarian,Dessert,Baked,150,0,Synthetic_IFCT_schema,Synthetic_Variant
SYN04628,"Urad dal, raw (raw)",Pulses and Legumes,Scientific_15,,1428,25.1,1.4,59.0,1.8,154,4.5,0,South India,Vegetarian,Main Course,Grilled,N/A,0,Synthetic_IFCT_schema,Synthetic_Variant
SYN04629,"Masoor dal, raw (boiled)",Pulses and Legumes,,319.8,1435,25.1,0.9,59.0,3.5,68,7.6,1,Southern,Vegetarian,lunch,Grilled,100,0,Synthetic_IFCT_schema,Synthetic_Variant
SYN04630,Pomegranate (fried),Fruits,Scientific_59,79.2,347,1.7,1.2,18.7,4.0,10,0.3,10,West India,Vegetarian,Dessert,Steamed,150,0,Synthetic_IFCT_schema,Synthetic_Variant
SYN04631,"Tomato, raw (boiled)",Vegetables,,,75,0.9,0.2,3.9,1.2,13,,27,Pan India,Vegetarian,Dessert,Roasted,100,0,Synthetic_IFCT_schema,Synthetic_Variant
SYN04632,"Spinach (Palak), raw (steamed)",Vegetables,Scientific_23,,96,2.0,0.3,3.5,,99,1.8,28,Pan India,Vegetarian,breakfast,Fried,200,0,Synthetic_IFCT_schema,Synthetic_Variant
SYN04633,Banana (Cavendish) (raw),Fruits,Scientific_32,88.5,372,1.1,0.3,23.0,2.6,5,0.3,8,South India,Vegetarian,Dinner,,100,0,Synthetic_IFCT_schema,Synthetic_Variant
SYN04634,Pomegranate (roasted),Fruits,Scientific_63,77.1,347,1.7,1.2,18.7,4.0,10,0.3,10,West India,Vegetarian,Any,Baked,N/A,0,Synthetic_IFCT_schema,Synthetic_Variant
SYN04635,Pomegranate (steamed),Fruits,Scientific_63,80.7,347,1.7,1.2,18.7,4.0,10,0.3,10,West India,Vegetarian,Any,Baked,N/A,0,Synthetic_IFCT_schema,Synthetic_Variant
SYN04636,Pomegranate (raw),Fruits,Scientific_80,,347,1.7,1.2,18.7,4.0,10,0.3,10,West India,Vegetarian,lunch,Cooked,200,0,Synthetic_IFCT_schema,Synthetic_Variant
SYN04637,Banana (Cavendish) (fried),Fruits,Scientific_32,88.3,372,1.1,0.3,23.0,2.6,5,0.3,8,South India,Vegetarian,Dinner,,100,0,Synthetic_IFCT_schema,Synthetic_Variant
SYN04638,Pomegranate (boiled),Fruits,,85.0,347,1.7,1.2,18.7,4.0,10,0.3,10,West India,Vegetarian,Breakfast,N/A,,0,Synthetic_IFCT_schema,Synthetic_Variant
SYN04639,Pomegranate (steamed),Fruits,,83.2,347,1.7,1.2,18.7,4.0,10,0.3,10,West India,Vegetarian,Dessert,N/A,100,0,Synthetic_IFCT_schema,Synthetic_Variant
SYN04640,Pomegranate (steamed),Fruits,Scientific_73,82.9,347,1.7,1.2,18.7,4.0,10,0.3,10,West India,Vegetarian,snack,Cooked,100,0,Synthetic_IFCT_schema,Synthetic_Variant
SYN04641,Bottle gourd (Lauki) (raw),Vegetables,,13.4,59,0.6,0.1,3.4,0.5,26,0.5,10,Pan India,Vegetarian,Beverage,Fried,150,0,Synthetic_IFCT_schema,Synthetic_Variant
SYN04642,"Momos, veg (steamed) (steamed)",Composite Dishes,,191.1,753,5.5,5.5,28.0,2.0,,,,East India,Vegetarian,lunch,Steamed,100,1,Synthetic_IFCT_schema,Synthetic_Variant
SYN04643,Bottle gourd (Lauki) (fried),Vegetables,,13.4,59,0.6,0.1,3.4,0.5,26,0.5,10,Pan India,Vegetarian,Beverage,Fried,150,0,Synthetic_IFCT_schema,Synthetic_Variant
SYN04644,Dhokla (roasted),Composite Dishes,,81.5,318,3.5,1.5,12.0,0.8,,,,West India,Vegetarian,Breakfast,N/A,100,1,Synthetic_IFCT_schema,Synthetic_Variant
SYN04645,"Spinach (Palak), raw (raw)",Vegetables,Scientific_23,,96,2.0,0.3,3.5,,99,1.8,28,Pan India,Vegetarian,breakfast,Fried,200,0,Synthetic_IFCT_schema,Synthetic_Variant
SYN04646,"Masoor dal, raw (steamed)",Pulses and Legumes,,355.3,1435,25.1,0.9,59.0,3.5,68,7.6,1,Southern,Vegetarian,lunch,Grilled,100,0,Synthetic_IFCT_schema,Synthetic_Variant
SYN04647,Pomegranate (fried),Fruits,Scientific_69,84.4,347,1.7,1.2,18.7,4.0,10,0.3,,West India,Vegetarian,Dinner,Fried,150,0,Synthetic_IFCT_schema,Synthetic_Variant
SYN04648,Pomegranate (roasted),Fruits,Scientific_66,78.7,347,1.7,1.2,18.7,4.0,10,0.3,10,West India,Vegetarian,Dessert,Raw,200,0,Synthetic_IFCT_schema,Synthetic_Variant
SYN04649,Pomegranate (roasted),Fruits,,84.8,347,1.7,1.2,18.7,4.0,,0.3,10,West India,Vegetarian,breakfast,,,0,Synthetic_IFCT_schema,Synthetic_Variant
SYN04650,Pomegranate (boiled),Fruits,Scientific_53,82.0,347,1.7,1.2,18.7,4.0,10,0.3,10,West India,Vegetarian,Snack,Baked,100,0,Synthetic_IFCT_schema,Synthetic_Variant
SYN04651,Pomegranate (steamed),Fruits,,,347,1.7,1.2,18.7,4.0,,0.3,10,West India,Vegetarian,Main Course,Steamed,200,0,Synthetic_IFCT_schema,Synthetic_Variant
SYN04652,"Jackfruit, raw (raw)",Fruits,,91.7,398,1.7,0.6,23.2,1.5,,,,South India,Vegetarian,Any,Baked,100,0,Synthetic_IFCT_schema,Synthetic_Variant
SYN04653,Methi thepla (steamed),Composite Dishes,,275.3,1193,7.5,12.0,38.0,3.0,,,,West India,Vegetarian,Beverage,Boiled,100,1,Synthetic_IFCT_schema,Synthetic_Variant
SYN04654,Pomegranate (steamed),Fruits,Scientific_65,85.4,347,1.7,1.2,18.7,4.0,10,0.3,10,West India,Vegetarian,Main Course,Baked,N/A,0,Synthetic_IFCT_schema,Synthetic_Variant
SYN04655,Maize flour (roasted),Cereals and Millets,Scientific_7,373.5,1485,8.7,3.6,70.0,2.7,9,2.3,,Pan India,Vegetarian,Main Course,N/A,N/A,0,Synthetic_IFCT_schema,Synthetic_Variant
SYN04656,Pomegranate (boiled),Fruits,,82.8,347,1.7,1.2,18.7,4.0,10,0.3,10,West India,Vegetarian,,Raw,N/A,0,Synthetic_IFCT_schema,Synthetic_Variant
SYN04657,Pomegranate (raw),Fruits,,,347,1.7,1.2,18.7,4.0,,0.3,10,West India,Vegetarian,Main Course,Steamed,200,0,Synthetic_IFCT_schema,Synthetic_Variant
SYN04658,Pomegranate (fried),Fruits,,81.1,347,1.7,1.2,18.7,4.0,10,0.3,10,West India,Vegetarian,,Raw,N/A,0,Synthetic_IFCT_schema,Synthetic_Variant
SYN04659,Pomegranate (raw),Fruits,,86.5,347,1.7,1.2,18.7,4.0,10,0.3,10,West India,Vegetarian,Snack,Grilled,150,0,Synthetic_IFCT_schema,Synthetic_Variant
SYN04660,Methi thepla (fried),Composite Dishes,,265.1,1193,7.5,12.0,38.0,3.0,,,,West India,Vegetarian,Beverage,Boiled,100,1,Synthetic_IFCT_schema,Synthetic_Variant
SYN04661,"Papaya, ripe (fried)",Fruits,,45.8,180,0.5,0.1,10.8,1.7,20,0.1,62,South India,Vegetarian,snack,Fried,,0,Synthetic_IFCT_schema,Synthetic_Variant
SYN04662,Appam (boiled),Composite Dishes,,113.0,502,2.5,2.8,22.0,0.5,,,,South India,Vegetarian,Beverage,N/A,100,1,Synthetic_IFCT_schema,Synthetic_Variant
SYN04663,"Urad dal, raw (fried)",Pulses and Legumes,Scientific_15,,1428,25.1,1.4,59.0,1.8,154,4.5,0,South India,Vegetarian,Main Course,Grilled,N/A,0,Synthetic_IFCT_schema,Synthetic_Variant
SYN04664,Banana (Cavendish) (boiled),Fruits,Scientific_32,83.8,372,1.1,0.3,23.0,2.6,5,0.3,8,South India,Vegetarian,Dinner,,100,0,Synthetic_IFCT_schema,Synthetic_Variant
SYN04665,Pomegranate (boiled),Fruits,,83.6,347,1.7,1.2,18.7,4.0,10,0.3,10,West India,Vegetarian,Beverage,Steamed,,0,Synthetic_IFCT_schema,Synthetic_Variant
SYN04666,Maize flour (fried),Cereals and Millets,Scientific_7,371.7,1485,8.7,3.6,70.0,2.7,9,2.3,,Pan India,Vegetarian,Main Course,N/A,N/A,0,Synthetic_IFCT_schema,Synthetic_Variant
SYN04667,"Momos, veg (steamed) (roasted)",Composite Dishes,,184.3,753,5.5,5.5,28.0,2.0,,,,East India,Vegetarian,lunch,Steamed,100,1,Synthetic_IFCT_schema,Synthetic_Variant
SYN04668,Pomegranate (steamed),Fruits,,81.4,347,1.7,1.2,18.7,4.0,10,0.3,10,Unknown,Vegetarian,Beverage,Steamed,N/A,0,Synthetic_IFCT_schema,Synthetic_Variant
SYN04669,Cowpea (Black-eyed pea) (steamed),Pulses and Legumes,,309.5,1351,23.4,1.8,54.5,,227,8.6,1,South India,Vegetarian,Lunch,Roasted,200,0,Synthetic_IFCT_schema,Synthetic_Variant
SYN04670,Pomegranate (roasted),Fruits,,82.4,347,1.7,1.2,18.7,4.0,10,0.3,10,West India,Vegetarian,Lunch,Steamed,100,0,Synthetic_IFCT_schema,Synthetic_Variant
SYN04671,Pomegranate (boiled),Fruits,,82.8,347,1.7,1.2,18.7,4.0,10,0.3,10,West India,Vegetarian,Snack,Grilled,150,0,Synthetic_IFCT_schema,Synthetic_Variant
SYN04672,Okra (Bhindi) (boiled),Vegetables,Scientific_26,31.2,138,2.1,0.2,7.0,2.5,82,0.8,21,Pan India,non-vegetarian,,Fried,150,0,Synthetic_IFCT_schema,Synthetic_Variant
SYN04673,Khandvi (roasted),Composite Dishes,,130.6,544,4.5,4.8,18.0,1.2,,,,West India,Vegetarian,breakfast,Roasted,100,1,Synthetic_IFCT_schema,Synthetic_Variant
SYN04674,"Tofu, firm (roasted)",Pulses and Legumes,,71.1,318,8.0,4.8,1.9,0.3,,,,West India,Vegetarian,Lunch,N/A,100,0,Synthetic_IFCT_schema,Synthetic_Variant
SYN04675,Pomegranate (steamed),Fruits,Scientific_40,88.2,347,1.7,1.2,18.7,4.0,10,0.3,10,West India,Vegetarian,Any,Cooked,N/A,0,Synthetic_IFCT_schema,Synthetic_Variant
SYN04676,Oats (fried),Cereals and Millets,,368.7,1628,16.9,6.9,66.3,,54,4.7,0,North India,Vegetarian,Breakfast,Cooked,100,0,Synthetic_IFCT_schema,Synthetic_Variant
SYN04677,Semolina (Rava) (steamed),Cereals and Millets,,,1506,10.0,1.0,74.0,,16,4.7,0,Pan India,Veg,breakfast,Steamed,,0,Synthetic_IFCT_schema,Synthetic_Variant
SYN04678,"Wheat flour, refined (fried)",Cereals and Millets,Scientific_3,334.9,1456,10.3,0.9,73.9,0.3,23,2.7,0,North India,Vegetarian,snack,,,0,Synthetic_IFCT_schema,Synthetic_Variant
SYN04679,Pomegranate (roasted),Fruits,,87.4,347,1.7,1.2,18.7,4.0,10,0.3,10,Unknown,Vegetarian,Beverage,Steamed,N/A,0,Synthetic_IFCT_schema,Synthetic_Variant
SYN04680,Pomegranate (fried),Fruits,,88.0,347,1.7,1.2,18.7,4.0,10,0.3,,West India,Veg,lunch,,,0,Synthetic_IFCT_schema,Synthetic_Variant
SYN04681,"Onion, raw (raw)",Vegetables,,41.4,167,1.1,0.1,9.3,1.7,23,0.4,7,Pan India,Vegetarian,lunch,Cooked,200,0,Synthetic_IFCT_schema,Synthetic_Variant
SYN04682,Pomegranate (fried),Fruits,,78.8,347,1.7,1.2,18.7,4.0,10,,10,West India,Vegetarian,Snack,N/A,150,0,Synthetic_IFCT_schema,Synthetic_Variant
SYN04683,Pomegranate (fried),Fruits,,78.0,,1.7,1.2,18.7,4.0,10,0.3,10,West India,Vegetarian,Dessert,Baked,150,0,Synthetic_IFCT_schema,Synthetic_Variant
SYN04684,"Soybean, raw (steamed)",Pulses and Legumes,,442.0,1808,36.5,19.9,30.2,9.3,240,,,West India,Vegetarian,Any,Boiled,150,0,Synthetic_IFCT_schema,Synthetic_Variant
SYN04685,Pomegranate (roasted),Fruits,Scientific_69,86.8,347,1.7,1.2,18.7,4.0,10,0.3,,West India,Vegetarian,Dinner,Fried,150,0,Synthetic_IFCT_schema,Synthetic_Variant
SYN04686,Dhokla (fried),Composite Dishes,,77.6,318,3.5,1.5,12.0,0.8,,,,West India,Vegetarian,Breakfast,N/A,100,1,Synthetic_IFCT_schema,Synthetic_Variant
SYN04687,Pomegranate (steamed),Fruits,Scientific_70,,347,1.7,1.2,18.7,,10,0.3,10,West India,Veg,Main Course,Baked,200,0,Synthetic_IFCT_schema,Synthetic_Variant
SYN04688,"Masoor dal, raw (roasted)",Pulses and Legumes,,327.4,1435,25.1,0.9,59.0,3.5,68,7.6,1,Southern,Vegetarian,lunch,Grilled,100,0,Synthetic_IFCT_schema,Synthetic_Variant
SYN04689,"Momos, veg (steamed) (roasted)",Composite Dishes,,181.2,753,5.5,5.5,28.0,2.0,,,,East India,Vegetarian,lunch,Steamed,100,1,Synthetic_IFCT_schema,Synthetic_Variant
SYN04690,Shrikhand (raw),Milk and Milk Products,,237.6,921,7.0,7.0,33.0,,,,,West India,Vegetarian,Dinner,Cooked,100,0,Synthetic_IFCT_schema,Synthetic_Variant
SYN04691,Jowar (Sorghum) (roasted),Cereals and Millets,Scientific_5,373.7,,10.4,1.9,72.6,1.6,25,,0,Unknown,Vegetarian,Main Course,Fried,,0,Synthetic_IFCT_schema,Synthetic_Variant
SYN04692,"Tofu, firm (roasted)",Pulses and Legumes,,74.8,318,8.0,4.8,1.9,0.3,,,,West India,Vegetarian,Lunch,N/A,100,0,Synthetic_IFCT_schema,Synthetic_Variant
SYN04693,Pomegranate (roasted),Fruits,,82.5,,1.7,1.2,18.7,4.0,10,0.3,10,West India,Vegetarian,Dessert,Baked,150,0,Synthetic_IFCT_schema,Synthetic_Variant
SYN04694,"Soya chunks, raw (roasted)",Pulses and Legumes,,329.4,1444,52.0,0.5,33.0,13.0,,,,Pan India,Vegetarian,snack,Baked,100,0,Synthetic_IFCT_schema,Synthetic_Variant
SYN04695,"Papaya, ripe (steamed)",Fruits,,41.4,180,0.5,0.1,10.8,1.7,20,0.1,62,South India,Vegetarian,snack,Fried,,0,Synthetic_IFCT_schema,Synthetic_Variant
SYN04696,Methi thepla (boiled),Composite Dishes,,276.6,1193,7.5,12.0,38.0,3.0,,,,West India,Vegetarian,Beverage,Boiled,100,1,Synthetic_IFCT_schema,Synthetic_Variant
SYN04697,Bamboo shoots (raw),Vegetables,,27.1,113,2.6,0.3,5.2,2.2,,,,East India,Vegetarian,Dinner,Boiled,100,0,Synthetic_IFCT_schema,Synthetic_Variant
SYN04698,Pomegranate (boiled),Fruits,,83.1,347,1.7,1.2,18.7,,10,0.3,10,West India,Vegetarian,Dinner,Baked,100,0,Synthetic_IFCT_schema,Synthetic_Variant
SYN04699,Pomegranate (boiled),Fruits,Scientific_63,79.5,347,1.7,1.2,18.7,4.0,10,0.3,10,West India,Vegetarian,Any,Baked,N/A,0,Synthetic_IFCT_schema,Synthetic_Variant
SYN04700,Okra (Bhindi) (fried),Vegetables,Scientific_26,30.5,138,2.1,0.2,7.0,2.5,82,0.8,21,Pan India,non-vegetarian,,Fried,150,0,Synthetic_IFCT_schema,Synthetic_Variant
SYN04701,"Spinach (Palak), raw (boiled)",Vegetables,Scientific_23,,96,2.0,0.3,3.5,,99,1.8,28,Pan India,Vegetarian,breakfast,Fried,200,0,Synthetic_IFCT_schema,Synthetic_Variant
SYN04702,Pomegranate (roasted),Fruits,,80.0,347,1.7,1.2,18.7,4.0,10,0.3,10,West India,Vegetarian,Lunch,Steamed,100,0,Synthetic_IFCT_schema,Synthetic_Variant
SYN04703,"Tofu, firm (boiled)",Pulses and Legumes,,81.7,318,8.0,4.8,1.9,0.3,,,,West India,Vegetarian,Lunch,N/A,100,0,Synthetic_IFCT_schema,Synthetic_Variant
SYN04704,Sattu (roasted gram flour) (boiled),Cereals and Millets,,417.5,1700,22.5,7.0,64.0,1.8,,,,East India,Vegetarian,snack,Grilled,100,0,Synthetic_IFCT_schema,Synthetic_Variant
SYN04705,Pomegranate (roasted),Fruits,Scientific_78,81.4,347,1.7,1.2,18.7,4.0,10,0.3,10,West India,Vegetarian,,,,0,Synthetic_IFCT_schema,Synthetic_Variant
SYN04706,Pomegranate (steamed),Fruits,Scientific_69,85.5,347,1.7,1.2,18.7,4.0,10,0.3,,West India,Vegetarian,Dinner,Fried,150,0,Synthetic_IFCT_schema,Synthetic_Variant
SYN04707,Pomegranate (raw),Fruits,,78.7,347,1.7,1.2,18.7,4.0,10,0.3,,West India,Veg,lunch,,,0,Synthetic_IFCT_schema,Synthetic_Variant
SYN04708,Guava (fried),Fruits,,70.4,285,2.6,1.0,14.3,5.4,18,,228,Maharashtra,Vegetarian,Snack,Baked,N/A,0,Synthetic_IFCT_schema,Synthetic_Variant
SYN04709,Pomegranate (fried),Fruits,Scientific_45,79.8,347,1.7,1.2,18.7,4.0,10,0.3,,West India,Veg,breakfast,Roasted,N/A,0,Synthetic_IFCT_schema,Synthetic_Variant
SYN04710,Machher jhol (fried),Composite Dishes,,151.1,649,17.0,9.0,3.0,0.6,,,,East India,Non-Vegetarian,Dessert,Boiled,100,1,Synthetic_IFCT_schema,Synthetic_Variant
SYN04711,Pomegranate (boiled),Fruits,,86.9,347,1.7,1.2,18.7,4.0,10,0.3,10,West India,Vegetarian,Lunch,Roasted,200,0,Synthetic_IFCT_schema,Synthetic_Variant
SYN04712,Guava (steamed),Fruits,,70.9,285,2.6,1.0,14.3,5.4,18,,228,Maharashtra,Vegetarian,Snack,Baked,N/A,0,Synthetic_IFCT_schema,Synthetic_Variant
SYN04713,Appam (fried),Composite Dishes,,114.4,502,2.5,2.8,22.0,0.5,,,,South India,Vegetarian,Beverage,N/A,100,1,Synthetic_IFCT_schema,Synthetic_Variant
SYN04714,"Spinach (Palak), raw (steamed)",Vegetables,Scientific_23,,96,2.0,0.3,3.5,,99,1.8,28,Pan India,Vegetarian,breakfast,Fried,200,0,Synthetic_IFCT_schema,Synthetic_Variant
SYN04715,Pomegranate (boiled),Fruits,Scientific_61,86.9,347,1.7,1.2,18.7,4.0,10,0.3,,West India,Vegetarian,Dessert,,100,0,Synthetic_IFCT_schema,Synthetic_Variant
SYN04716,Pomegranate (raw),Fruits,Scientific_70,,347,1.7,1.2,18.7,,10,0.3,10,West India,Veg,Main Course,Baked,200,0,Synthetic_IFCT_schema,Synthetic_Variant
SYN04717,"Papaya, ripe (fried)",Fruits,,43.4,180,0.5,0.1,10.8,1.7,20,0.1,62,South India,Vegetarian,snack,Fried,,0,Synthetic_IFCT_schema,Synthetic_Variant
SYN04718,"Onion, raw (raw)",Vegetables,,40.5,167,1.1,0.1,9.3,1.7,23,0.4,7,Pan India,Vegetarian,lunch,Cooked,200,0,Synthetic_IFCT_schema,Synthetic_Variant
SYN04719,"Spinach (Palak), raw (raw)",Vegetables,Scientific_23,,96,2.0,0.3,3.5,,99,1.8,28,Pan India,Vegetarian,breakfast,Fried,200,0,Synthetic_IFCT_schema,Synthetic_Variant
SYN04720,Bitter gourd (Karela) (fried),Vegetables,Scientific_27,15.8,,1.0,0.2,3.4,2.8,20,0.6,84,Pan India,Vegetarian,snack,,,0,Synthetic_IFCT_schema,Synthetic_Variant
SYN04721,Pomegranate (fried),Fruits,,88.8,347,1.7,1.2,18.7,,10,0.3,10,West India,Vegetarian,Dinner,Baked,100,0,Synthetic_IFCT_schema,Synthetic_Variant
SYN04722,"Tomato, raw (steamed)",Vegetables,,,75,0.9,0.2,3.9,1.2,13,,27,Pan India,Vegetarian,Dessert,Roasted,100,0,Synthetic_IFCT_schema,Synthetic_Variant
SYN04723,Pomegranate (fried),Fruits,,89.1,347,1.7,1.2,18.7,4.0,10,0.3,,West India,Veg,lunch,,,0,Synthetic_IFCT_schema,Synthetic_Variant
SYN04724,Okra (Bhindi) (boiled),Vegetables,Scientific_26,32.7,138,2.1,0.2,7.0,2.5,82,0.8,21,Pan India,non-vegetarian,,Fried,150,0,Synthetic_IFCT_schema,Synthetic_Variant
SYN04725,Pomegranate (roasted),Fruits,Scientific_65,86.8,347,1.7,1.2,18.7,4.0,10,0.3,10,West India,Vegetarian,Main Course,Baked,N/A,0,Synthetic_IFCT_schema,Synthetic_Variant
SYN04726,Pomegranate (roasted),Fruits,,84.4,347,1.7,1.2,18.7,4.0,,0.3,10,West India,Vegetarian,breakfast,,,0,Synthetic_IFCT_schema,Synthetic_Variant
SYN04727,Khandvi (fried),Composite Dishes,,136.8,544,4.5,4.8,18.0,1.2,,,,West India,Vegetarian,breakfast,Roasted,100,1,Synthetic_IFCT_schema,Synthetic_Variant
SYN04728,Fenugreek leaves (Methi) (roasted),Vegetables,Scientific_28,45.8,205,4.4,0.9,6.0,1.1,,1.9,52,North India,Vegetarian,Dessert,Boiled,150,0,Synthetic_IFCT_schema,Synthetic_Variant
SYN04729,"Potato, raw (raw)",Vegetables,Scientific_20,76.2,322,1.9,0.1,17.8,1.8,11,0.7,13,Pan India,Vegetarian,lunch,Cooked,150,0,Synthetic_IFCT_schema,Synthetic_Variant
SYN04730,Pomegranate (steamed),Fruits,,87.9,347,1.7,1.2,18.7,4.0,10,0.3,10,West India,Vegetarian,Snack,Boiled,N/A,0,Synthetic_IFCT_schema,Synthetic_Variant
SYN04731,Pomegranate (steamed),Fruits,Scientific_66,77.2,347,1.7,1.2,18.7,4.0,10,0.3,10,West India,Vegetarian,Dessert,Raw,200,0,Synthetic_IFCT_schema,Synthetic_Variant
SYN04732,Pomegranate (roasted),Fruits,Scientific_40,86.0,347,1.7,1.2,18.7,4.0,10,0.3,10,West India,Vegetarian,Any,Cooked,N/A,0,Synthetic_IFCT_schema,Synthetic_Variant
SYN04733,Pomegranate (steamed),Fruits,,89.0,347,1.7,1.2,18.7,4.0,10,0.3,10,West India,Vegetarian,Snack,Boiled,N/A,0,Synthetic_IFCT_schema,Synthetic_Variant
SYN04734,Pomegranate (fried),Fruits,,89.4,347,1.7,1.2,18.7,4.0,10,0.3,10,West India,Vegetarian,Snack,Boiled,N/A,0,Synthetic_IFCT_schema,Synthetic_Variant
SYN04735,Appam (fried),Composite Dishes,,125.2,502,2.5,2.8,22.0,0.5,,,,South India,Vegetarian,Beverage,N/A,100,1,Synthetic_IFCT_schema,Synthetic_Variant
SYN04736,Pomegranate (fried),Fruits,,78.0,347,1.7,1.2,18.7,4.0,10,0.3,10,West India,Vegetarian,breakfast,,100,0,Synthetic_IFCT_schema,Synthetic_Variant
SYN04737,Machher jhol (raw),Composite Dishes,,164.2,649,17.0,9.0,3.0,0.6,,,,East India,Non-Vegetarian,Dessert,Boiled,100,1,Synthetic_IFCT_schema,Synthetic_Variant
SYN04738,Pomegranate (roasted),Fruits,,81.6,347,1.7,1.2,18.7,4.0,10,,10,West India,Vegetarian,Snack,N/A,150,0,Synthetic_IFCT_schema,Synthetic_Variant
SYN04739,Sattu (roasted gram flour) (fried),Cereals and Millets,,424.7,1700,22.5,7.0,64.0,1.8,,,,East India,Vegetarian,snack,Grilled,100,0,Synthetic_IFCT_schema,Synthetic_Variant
SYN04740,Amla (Indian gooseberry) (raw),Fruits,,43.2,184,0.9,0.6,10.2,4.3,50,1.2,600,Western,Vegetarian,breakfast,Roasted,150,0,Synthetic_IFCT_schema,Synthetic_Variant
SYN04741,Pomegranate (fried),Fruits,Scientific_79,81.3,347,1.7,1.2,18.7,,,0.3,,West India,Vegetarian,lunch,Fried,200,0,Synthetic_IFCT_schema,Synthetic_Variant
SYN04742,Pomegranate (fried),Fruits,,76.7,347,1.7,1.2,18.7,4.0,10,0.3,10,East,Vegetarian,snack,Grilled,100,0,Synthetic_IFCT_schema,Synthetic_Variant
SYN04743,Pomegranate (fried),Fruits,Scientific_65,79.9,347,1.7,1.2,18.7,4.0,10,0.3,10,West India,Vegetarian,Main Course,Baked,N/A,0,Synthetic_IFCT_schema,Synthetic_Variant
SYN04744,Watermelon (fried),Fruits,,31.6,125,0.6,0.2,7.6,0.4,7,,8,Pan India,Vegetarian,Breakfast,,200,0,Synthetic_IFCT_schema,Synthetic_Variant
SYN04745,Machher jhol (boiled),Composite Dishes,,156.8,649,17.0,9.0,3.0,0.6,,,,East India,Non-Vegetarian,Dessert,Boiled,100,1,Synthetic_IFCT_schema,Synthetic_Variant
SYN04746,Pomegranate (boiled),Fruits,Scientific_50,87.8,347,1.7,1.2,18.7,4.0,10,0.3,,North India,Veg,Beverage,Steamed,100,0,Synthetic_IFCT_schema,Synthetic_Variant
SYN04747,Oats (raw),Cereals and Millets,,366.9,1628,16.9,6.9,66.3,,54,4.7,0,North India,Vegetarian,Breakfast,Cooked,100,0,Synthetic_IFCT_schema,Synthetic_Variant
SYN04748,Pomegranate (roasted),Fruits,Scientific_68,77.8,347,1.7,1.2,18.7,4.0,10,0.3,10,Northern,Veg,dinner,Steamed,N/A,0,Synthetic_IFCT_schema,Synthetic_Variant
SYN04749,Puttu (fried),Composite Dishes,,181.5,733,3.5,1.2,38.0,1.5,,,,South India,Vegetarian,Main Course,,100,1,Synthetic_IFCT_schema,Synthetic_Variant
SYN04750,Semolina (Rava) (roasted),Cereals and Millets,,,1506,10.0,1.0,74.0,,16,4.7,0,Pan India,Veg,breakfast,Steamed,,0,Synthetic_IFCT_schema,Synthetic_Variant
SYN04751,Pomegranate (boiled),Fruits,,85.6,347,1.7,1.2,18.7,,10,0.3,10,West India,Vegetarian,Dinner,Baked,100,0,Synthetic_IFCT_schema,Synthetic_Variant
SYN04752,"Peanut, raw (roasted)",Nuts and Oilseeds,Scientific_19,603.5,,25.8,49.2,16.1,8.5,92,4.6,0,West India,Non-Vegetarian,Dinner,Cooked,,0,Synthetic_IFCT_schema,Synthetic_Variant
SYN04753,Litti chokha (boiled),Composite Dishes,,333.7,1340,9.0,10.0,50.0,3.5,,,,East India,Vegetarian,Beverage,Fried,100,1,Synthetic_IFCT_schema,Synthetic_Variant
SYN04754,Pomegranate (boiled),Fruits,,85.9,347,1.7,1.2,18.7,4.0,10,0.3,10,West India,Vegetarian,Snack,Boiled,N/A,0,Synthetic_IFCT_schema,Synthetic_Variant
SYN04755,Sabudana (Tapioca pearls) (steamed),Cereals and Millets,,357.2,1469,0.2,0.2,88.7,0.9,,,,West India,Vegetarian,Dinner,Steamed,100,0,Synthetic_IFCT_schema,Synthetic_Variant
SYN04756,Appam (boiled),Composite Dishes,,120.1,502,2.5,2.8,22.0,0.5,,,,South India,Vegetarian,Beverage,N/A,100,1,Synthetic_IFCT_schema,Synthetic_Variant
SYN04757,Pomegranate (raw),Fruits,,86.5,347,1.7,1.2,18.7,4.0,10,0.3,10,West India,Vegetarian,breakfast,,100,0,Synthetic_IFCT_schema,Synthetic_Variant
SYN04758,"Spinach (Palak), raw (roasted)",Vegetables,Scientific_23,,96,2.0,0.3,3.5,,99,1.8,28,Pan India,Vegetarian,breakfast,Fried,200,0,Synthetic_IFCT_schema,Synthetic_Variant
SYN04759,"Potato, raw (raw)",Vegetables,Scientific_20,79.0,322,1.9,0.1,17.8,1.8,11,0.7,13,Pan India,Vegetarian,lunch,Cooked,150,0,Synthetic_IFCT_schema,Synthetic_Variant
SYN04760,"Urad dal, raw (steamed)",Pulses and Legumes,Scientific_15,,1428,25.1,1.4,59.0,1.8,154,4.5,0,South India,Vegetarian,Main Course,Grilled,N/A,0,Synthetic_IFCT_schema,Synthetic_Variant
SYN04761,Sabudana (Tapioca pearls) (fried),Cereals and Millets,,341.8,1469,0.2,0.2,88.7,0.9,,,,West India,Vegetarian,Dinner,Steamed,100,0,Synthetic_IFCT_schema,Synthetic_Variant
SYN04762,Rasam (steamed),Composite Dishes,,28.7,125,1.2,0.8,4.5,,,,,South India,Vegetarian,Beverage,,100,1,Synthetic_IFCT_schema,Synthetic_Variant
SYN04763,"Chana dal, raw (boiled)",Pulses and Legumes,Scientific_12,400.3,1556,20.8,5.6,59.8,,56,4.9,1,North India,Vegetarian,breakfast,Cooked,100,0,Synthetic_IFCT_schema,Synthetic_Variant
SYN04764,"Tomato, raw (steamed)",Vegetables,,,75,0.9,0.2,3.9,1.2,13,,27,Pan India,Vegetarian,Dessert,Roasted,100,0,Synthetic_IFCT_schema,Synthetic_Variant
SYN04765,Maize flour (roasted),Cereals and Millets,Scientific_7,370.9,1485,8.7,3.6,70.0,2.7,9,2.3,,Pan India,Vegetarian,Main Course,N/A,N/A,0,Synthetic_IFCT_schema,Synthetic_Variant
SYN04766,Pomegranate (boiled),Fruits,Scientific_68,87.3,347,1.7,1.2,18.7,4.0,10,0.3,10,Northern,Veg,dinner,Steamed,N/A,0,Synthetic_IFCT_schema,Synthetic_Variant
SYN04767,Pomegranate (steamed),Fruits,Scientific_69,89.5,347,1.7,1.2,18.7,4.0,10,0.3,,West India,Vegetarian,Dinner,Fried,150,0,Synthetic_IFCT_schema,Synthetic_Variant
SYN04768,Pomegranate (steamed),Fruits,Scientific_40,80.9,347,1.7,1.2,18.7,4.0,10,0.3,10,West India,Vegetarian,Any,Cooked,N/A,0,Synthetic_IFCT_schema,Synthetic_Variant
SYN04769,Amla (Indian gooseberry) (fried),Fruits,,42.5,184,0.9,0.6,10.2,4.3,50,1.2,600,Western,Vegetarian,breakfast,Roasted,150,0,Synthetic_IFCT_schema,Synthetic_Variant
SYN04770,Pomegranate (roasted),Fruits,,81.4,347,1.7,1.2,18.7,4.0,10,0.3,10,East,Vegetarian,snack,Grilled,100,0,Synthetic_IFCT_schema,Synthetic_Variant
SYN04771,Shrikhand (fried),Milk and Milk Products,,232.1,921,7.0,7.0,33.0,,,,,West India,Vegetarian,Dinner,Cooked,100,0,Synthetic_IFCT_schema,Synthetic_Variant
SYN04772,Pomegranate (steamed),Fruits,Scientific_80,,347,1.7,1.2,18.7,4.0,10,0.3,10,West India,Vegetarian,lunch,Cooked,200,0,Synthetic_IFCT_schema,Synthetic_Variant
SYN04773,Shrikhand (boiled),Milk and Milk Products,,224.4,921,7.0,7.0,33.0,,,,,West India,Vegetarian,Dinner,Cooked,100,0,Synthetic_IFCT_schema,Synthetic_Variant
SYN04774,Pomegranate (boiled),Fruits,,82.6,347,1.7,1.2,18.7,4.0,10,0.3,10,West India,Vegetarian,Main Course,,N/A,0,Synthetic_IFCT_schema,Synthetic_Variant
SYN04775,Pomegranate (boiled),Fruits,,83.7,347,1.7,1.2,18.7,4.0,10,0.3,10,West India,Vegetarian,Dessert,N/A,100,0,Synthetic_IFCT_schema,Synthetic_Variant
SYN04776,Amla (Indian gooseberry) (roasted),Fruits,,42.3,184,0.9,0.6,10.2,4.3,50,1.2,600,Western,Vegetarian,breakfast,Roasted,150,0,Synthetic_IFCT_schema,Synthetic_Variant
SYN04777,Pomegranate (raw),Fruits,Scientific_59,89.5,347,1.7,1.2,18.7,4.0,10,0.3,10,West India,Vegetarian,Dessert,Steamed,150,0,Synthetic_IFCT_schema,Synthetic_Variant
SYN04778,Puttu (raw),Composite Dishes,,161.2,733,3.5,1.2,38.0,1.5,,,,South India,Vegetarian,Main Course,,100,1,Synthetic_IFCT_schema,Synthetic_Variant
SYN04779,Pomegranate (steamed),Fruits,,86.8,347,1.7,1.2,18.7,4.0,,0.3,10,West India,Vegetarian,breakfast,,,0,Synthetic_IFCT_schema,Synthetic_Variant
SYN04780,Bajra (Pearl millet) (fried),Cereals and Millets,,358.9,1519,11.6,5.0,67.5,1.2,42,8.0,0,West India,Vegetarian,Main Course,Cooked,150,0,Synthetic_IFCT_schema,Synthetic_Variant
SYN04781,"Coconut, fresh (raw)",Nuts and Oilseeds,Scientific_30,345.5,1482,3.3,33.5,15.2,9.0,14,1.9,3,South India,Vegetarian,Lunch,,200,0,Synthetic_IFCT_schema,Synthetic_Variant
SYN04782,Pomegranate (steamed),Fruits,,83.3,347,1.7,1.2,18.7,4.0,10,0.3,,West India,Veg,lunch,,,0,Synthetic_IFCT_schema,Synthetic_Variant
SYN04783,"Rice, raw, milled (steamed)",Cereals and Millets,,,1448,6.8,0.5,78.2,0.2,10,0.7,,Pan India,Vegetarian,Breakfast,Baked,,0,Synthetic_IFCT_schema,Synthetic_Variant
SYN04784,"Spinach (Palak), raw (steamed)",Vegetables,Scientific_23,,96,2.0,0.3,3.5,,99,1.8,28,Pan India,Vegetarian,breakfast,Fried,200,0,Synthetic_IFCT_schema,Synthetic_Variant
SYN04785,"Rice, raw, milled (boiled)",Cereals and Millets,,,1448,6.8,0.5,78.2,0.2,10,0.7,,Pan India,Vegetarian,Breakfast,Baked,,0,Synthetic_IFCT_schema,Synthetic_Variant
SYN04786,Cowpea (Black-eyed pea) (fried),Pulses and Legumes,,335.1,1351,23.4,1.8,54.5,,227,8.6,1,South India,Vegetarian,Lunch,Roasted,200,0,Synthetic_IFCT_schema,Synthetic_Variant
SYN04787,Pomegranate (roasted),Fruits,,,347,1.7,1.2,18.7,4.0,10,0.3,,West India,Vegetarian,breakfast,Fried,,0,Synthetic_IFCT_schema,Synthetic_Variant
SYN04788,Rajma (Kidney beans) (steamed),Pulses and Legumes,,333.5,1448,22.9,1.5,60.6,6.4,260,7.0,4,North India,Vegetarian,Any,N/A,N/A,0,Synthetic_IFCT_schema,Synthetic_Variant
SYN04789,Pomegranate (steamed),Fruits,Scientific_79,77.9,347,1.7,1.2,18.7,,,0.3,,West India,Vegetarian,lunch,Fried,200,0,Synthetic_IFCT_schema,Synthetic_Variant
SYN04790,Pomegranate (boiled),Fruits,,78.4,347,1.7,1.2,18.7,4.0,10,0.3,10,West India,Vegetarian,Snack,Grilled,150,0,Synthetic_IFCT_schema,Synthetic_Variant
SYN04791,Pomegranate (boiled),Fruits,,77.7,347,1.7,1.2,18.7,4.0,10,0.3,,West India,Vegetarian,Snack,Baked,200,0,Synthetic_IFCT_schema,Synthetic_Variant
SYN04792,Pomegranate (roasted),Fruits,Scientific_70,,347,1.7,1.2,18.7,,10,0.3,10,West India,Veg,Main Course,Baked,200,0,Synthetic_IFCT_schema,Synthetic_Variant
SYN04793,Pomegranate (roasted),Fruits,Scientific_78,80.5,347,1.7,1.2,18.7,4.0,10,0.3,10,West India,Vegetarian,,,,0,Synthetic_IFCT_schema,Synthetic_Variant
SYN04794,Sabudana (Tapioca pearls) (roasted),Cereals and Millets,,376.1,1469,0.2,0.2,88.7,0.9,,,,West India,Vegetarian,Dinner,Steamed,100,0,Synthetic_IFCT_schema,Synthetic_Variant
SYN04795,Pomegranate (boiled),Fruits,,88.9,347,1.7,1.2,18.7,4.0,10,0.3,10,West India,Vegetarian,Beverage,Steamed,,0,Synthetic_IFCT_schema,Synthetic_Variant
SYN04796,Fenugreek leaves (Methi) (steamed),Vegetables,Scientific_28,51.9,205,4.4,0.9,6.0,1.1,,1.9,52,North India,Vegetarian,Dessert,Boiled,150,0,Synthetic_IFCT_schema,Synthetic_Variant
SYN04797,Oats (fried),Cereals and Millets,,389.4,1628,16.9,6.9,66.3,,54,4.7,0,North India,Vegetarian,Breakfast,Cooked,100,0,Synthetic_IFCT_schema,Synthetic_Variant
SYN04798,"Coconut, fresh (fried)",Nuts and Oilseeds,Scientific_30,336.9,1482,3.3,33.5,15.2,9.0,14,1.9,3,South India,Vegetarian,Lunch,,200,0,Synthetic_IFCT_schema,Synthetic_Variant
SYN04799,"Papaya, ripe (raw)",Fruits,,45.4,180,0.5,0.1,10.8,1.7,20,0.1,62,South India,Vegetarian,snack,Fried,,0,Synthetic_IFCT_schema,Synthetic_Variant
SYN04800,Pomegranate (roasted),Fruits,,77.6,347,1.7,1.2,18.7,4.0,10,0.3,10,Unknown,Vegetarian,Beverage,Steamed,N/A,0,Synthetic_IFCT_schema,Synthetic_Variant
SYN04801,Machher jhol (roasted),Composite Dishes,,142.6,649,17.0,9.0,3.0,0.6,,,,East India,Non-Vegetarian,Dessert,Boiled,100,1,Synthetic_IFCT_schema,Synthetic_Variant
SYN04802,Machher jhol (fried),Composite Dishes,,149.2,649,17.0,9.0,3.0,0.6,,,,East India,Non-Vegetarian,Dessert,Boiled,100,1,Synthetic_IFCT_schema,Synthetic_Variant
SYN04803,"Onion, raw (boiled)",Vegetables,,42.7,167,1.1,0.1,9.3,1.7,23,0.4,7,Pan India,Vegetarian,lunch,Cooked,200,0,Synthetic_IFCT_schema,Synthetic_Variant
SYN04804,Dhokla (raw),Composite Dishes,,71.4,318,3.5,1.5,12.0,0.8,,,,West India,Vegetarian,Breakfast,N/A,100,1,Synthetic_IFCT_schema,Synthetic_Variant
SYN04805,Methi thepla (fried),Composite Dishes,,292.9,1193,7.5,12.0,38.0,3.0,,,,West India,Vegetarian,Beverage,Boiled,100,1,Synthetic_IFCT_schema,Synthetic_Variant
SYN04806,Litti chokha (steamed),Composite Dishes,,337.0,1340,9.0,10.0,50.0,3.5,,,,East India,Vegetarian,Beverage,Fried,100,1,Synthetic_IFCT_schema,Synthetic_Variant
SYN04807,Guava (roasted),Fruits,,63.2,285,2.6,1.0,14.3,5.4,18,,228,Maharashtra,Vegetarian,Snack,Baked,N/A,0,Synthetic_IFCT_schema,Synthetic_Variant
SYN04808,Bottle gourd (Lauki) (steamed),Vegetables,,12.9,59,0.6,0.1,3.4,0.5,26,0.5,10,Pan India,Vegetarian,Beverage,Fried,150,0,Synthetic_IFCT_schema,Synthetic_Variant
SYN04809,Machher jhol (roasted),Composite Dishes,,160.9,649,17.0,9.0,3.0,0.6,,,,East India,Non-Vegetarian,Dessert,Boiled,100,1,Synthetic_IFCT_schema,Synthetic_Variant
SYN04810,Pomegranate (boiled),Fruits,Scientific_40,88.7,347,1.7,1.2,18.7,4.0,10,0.3,10,West India,Vegetarian,Any,Cooked,N/A,0,Synthetic_IFCT_schema,Synthetic_Variant
SYN04811,"Potato, raw (fried)",Vegetables,Scientific_20,79.1,322,1.9,0.1,17.8,1.8,11,0.7,13,Pan India,Vegetarian,lunch,Cooked,150,0,Synthetic_IFCT_schema,Synthetic_Variant
SYN04812,Pomegranate (fried),Fruits,,82.0,347,1.7,1.2,18.7,,10,0.3,10,West India,Vegetarian,Dinner,Baked,100,0,Synthetic_IFCT_schema,Synthetic_Variant
SYN04813,Pomegranate (raw),Fruits,,87.3,347,1.7,1.2,18.7,4.0,10,0.3,10,West India,Vegetarian,Lunch,Roasted,200,0,Synthetic_IFCT_schema,Synthetic_Variant
SYN04814,Pomegranate (boiled),Fruits,,87.1,347,1.7,1.2,18.7,4.0,10,0.3,10,West India,Vegetarian,Breakfast,N/A,,0,Synthetic_IFCT_schema,Synthetic_Variant
SYN04815,Pomegranate (boiled),Fruits,,85.3,347,1.7,1.2,18.7,4.0,10,0.3,10,Unknown,Vegetarian,Beverage,Steamed,N/A,0,Synthetic_IFCT_schema,Synthetic_Variant
SYN04816,"Peanut, raw (roasted)",Nuts and Oilseeds,Scientific_19,554.6,,25.8,49.2,16.1,8.5,92,4.6,0,West India,Non-Vegetarian,Dinner,Cooked,,0,Synthetic_IFCT_schema,Synthetic_Variant
SYN04817,Pomegranate (boiled),Fruits,,88.2,347,1.7,1.2,18.7,4.0,10,0.3,10,West India,Vegetarian,Dessert,Steamed,150,0,Synthetic_IFCT_schema,Synthetic_Variant
SYN04818,Pomegranate (steamed),Fruits,Scientific_40,77.5,347,1.7,1.2,18.7,4.0,10,0.3,10,West India,Vegetarian,Any,Cooked,N/A,0,Synthetic_IFCT_schema,Synthetic_Variant
SYN04819,Guava (fried),Fruits,,68.4,285,2.6,1.0,14.3,5.4,18,,228,Maharashtra,Vegetarian,Snack,Baked,N/A,0,Synthetic_IFCT_schema,Synthetic_Variant
SYN04820,Guava (steamed),Fruits,,68.4,285,2.6,1.0,14.3,5.4,18,,228,Maharashtra,Vegetarian,Snack,Baked,N/A,0,Synthetic_IFCT_schema,Synthetic_Variant
SYN04821,"Toor dal, raw (fried)",Pulses and Legumes,,326.6,,22.3,1.7,57.6,4.2,73,5.6,0,Pan India,Vegetarian,Dessert,Baked,100,0,Synthetic_IFCT_schema,Synthetic_Variant
SYN04822,Bottle gourd (Lauki) (raw),Vegetables,,14.3,59,0.6,0.1,3.4,0.5,26,0.5,10,Pan India,Vegetarian,Beverage,Fried,150,0,Synthetic_IFCT_schema,Synthetic_Variant
SYN04823,Machher jhol (roasted),Composite Dishes,,157.8,649,17.0,9.0,3.0,0.6,,,,East India,Non-Vegetarian,Dessert,Boiled,100,1,Synthetic_IFCT_schema,Synthetic_Variant
SYN04824,Pomegranate (boiled),Fruits,Scientific_68,79.7,347,1.7,1.2,18.7,4.0,10,0.3,10,Northern,Veg,dinner,Steamed,N/A,0,Synthetic_IFCT_schema,Synthetic_Variant
SYN04825,Pomegranate (roasted),Fruits,,81.3,347,1.7,1.2,18.7,4.0,10,,10,West India,Vegetarian,Snack,N/A,150,0,Synthetic_IFCT_schema,Synthetic_Variant
SYN04826,Methi thepla (fried),Composite Dishes,,303.0,1193,7.5,12.0,38.0,3.0,,,,West India,Vegetarian,Beverage,Boiled,100,1,Synthetic_IFCT_schema,Synthetic_Variant
SYN04827,"Mango, ripe (Alphonso) (roasted)",Fruits,Scientific_31,69.0,293,0.6,0.4,17.0,1.6,10,0.3,36,West India,Vegetarian,Lunch,N/A,N/A,0,Synthetic_IFCT_schema,Synthetic_Variant
SYN04828,Pomegranate (boiled),Fruits,,,347,1.7,1.2,18.7,4.0,,0.3,10,West India,Vegetarian,Main Course,Steamed,200,0,Synthetic_IFCT_schema,Synthetic_Variant
SYN04829,Rajma (Kidney beans) (boiled),Pulses and Legumes,,318.4,1448,22.9,1.5,60.6,6.4,260,7.0,4,North India,Vegetarian,Any,N/A,N/A,0,Synthetic_IFCT_schema,Synthetic_Variant
SYN04830,Pomegranate (boiled),Fruits,,81.1,347,1.7,1.2,18.7,4.0,10,0.3,10,West India,Vegetarian,Dessert,Steamed,150,0,Synthetic_IFCT_schema,Synthetic_Variant
SYN04831,Pomegranate (boiled),Fruits,,83.0,347,1.7,1.2,18.7,4.0,10,0.3,,West India,Veg,lunch,,,0,Synthetic_IFCT_schema,Synthetic_Variant
SYN04832,Pomegranate (roasted),Fruits,,87.5,347,1.7,1.2,18.7,4.0,10,,10,West India,Vegetarian,Snack,N/A,150,0,Synthetic_IFCT_schema,Synthetic_Variant
SYN04833,Pomegranate (fried),Fruits,Scientific_79,85.9,347,1.7,1.2,18.7,,,0.3,,West India,Vegetarian,lunch,Fried,200,0,Synthetic_IFCT_schema,Synthetic_Variant
SYN04834,Khandvi (boiled),Composite Dishes,,121.6,544,4.5,4.8,18.0,1.2,,,,West India,Vegetarian,breakfast,Roasted,100,1,Synthetic_IFCT_schema,Synthetic_Variant
SYN04835,Pomegranate (roasted),Fruits,Scientific_80,,347,1.7,1.2,18.7,4.0,10,0.3,10,West India,Vegetarian,lunch,Cooked,200,0,Synthetic_IFCT_schema,Synthetic_Variant
SYN04836,Pomegranate (roasted),Fruits,,81.2,347,1.7,1.2,18.7,4.0,10,0.3,10,West India,Vegetarian,Beverage,Steamed,,0,Synthetic_IFCT_schema,Synthetic_Variant
SYN04837,"Chana dal, raw (raw)",Pulses and Legumes,Scientific_12,359.6,1556,20.8,5.6,59.8,,56,4.9,1,North India,Vegetarian,breakfast,Cooked,100,0,Synthetic_IFCT_schema,Synthetic_Variant
SYN04838,Pomegranate (boiled),Fruits,,,347,1.7,1.2,18.7,4.0,,0.3,10,West India,Vegetarian,Main Course,Steamed,200,0,Synthetic_IFCT_schema,Synthetic_Variant
SYN04839,Pomegranate (boiled),Fruits,,78.8,347,1.7,1.2,18.7,4.0,10,0.3,10,West India,Vegetarian,Main Course,,N/A,0,Synthetic_IFCT_schema,Synthetic_Variant
SYN04840,Maize flour (roasted),Cereals and Millets,Scientific_7,366.8,1485,8.7,3.6,70.0,2.7,9,2.3,,Pan India,Vegetarian,Main Course,N/A,N/A,0,Synthetic_IFCT_schema,Synthetic_Variant
SYN04841,Maize flour (roasted),Cereals and Millets,Scientific_7,360.2,1485,8.7,3.6,70.0,2.7,9,2.3,,Pan India,Vegetarian,Main Course,N/A,N/A,0,Synthetic_IFCT_schema,Synthetic_Variant
SYN04842,Guava (fried),Fruits,,64.4,285,2.6,1.0,14.3,5.4,18,,228,Maharashtra,Vegetarian,Snack,Baked,N/A,0,Synthetic_IFCT_schema,Synthetic_Variant
SYN04843,Pomegranate (boiled),Fruits,,,347,1.7,1.2,18.7,4.0,10,0.3,,West India,Vegetarian,breakfast,Fried,,0,Synthetic_IFCT_schema,Synthetic_Variant
SYN04844,Pomegranate (roasted),Fruits,Scientific_53,76.9,347,1.7,1.2,18.7,4.0,10,0.3,10,West India,Vegetarian,Snack,Baked,100,0,Synthetic_IFCT_schema,Synthetic_Variant
SYN04845,Pomegranate (steamed),Fruits,,84.3,347,1.7,1.2,18.7,4.0,10,0.3,10,West India,Vegetarian,Dessert,N/A,100,0,Synthetic_IFCT_schema,Synthetic_Variant
SYN04846,Khandvi (fried),Composite Dishes,,120.0,544,4.5,4.8,18.0,1.2,,,,West India,Vegetarian,breakfast,Roasted,100,1,Synthetic_IFCT_schema,Synthetic_Variant
SYN04847,Pomegranate (roasted),Fruits,,81.6,347,1.7,1.2,18.7,4.0,10,0.3,10,West India,Vegetarian,Dessert,Steamed,150,0,Synthetic_IFCT_schema,Synthetic_Variant
SYN04848,Puttu (roasted),Composite Dishes,,162.4,733,3.5,1.2,38.0,1.5,,,,South India,Vegetarian,Main Course,,100,1,Synthetic_IFCT_schema,Synthetic_Variant
SYN04849,Pomegranate (roasted),Fruits,Scientific_78,88.9,347,1.7,1.2,18.7,4.0,10,0.3,10,West India,Vegetarian,,,,0,Synthetic_IFCT_schema,Synthetic_Variant
SYN04850,Pomegranate (steamed),Fruits,,84.2,347,1.7,1.2,18.7,4.0,10,0.3,10,West India,non-vegetarian,,Roasted,100,0,Synthetic_IFCT_schema,Synthetic_Variant
SYN04851,Brinjal (Eggplant) (steamed),Vegetables,,24.8,105,1.4,0.3,5.5,3.4,18,0.3,2,Pan India,Vegetarian,lunch,Steamed,100,0,Synthetic_IFCT_schema,Synthetic_Variant
SYN04852,"Rice, cooked (fried)",Cereals and Millets,,137.0,544,2.7,0.3,28.2,,3,0.2,0,Pan India,non-vegetarian,Snack,Baked,100,0,Synthetic_IFCT_schema,Synthetic_Variant
SYN04853,Pomegranate (roasted),Fruits,,89.0,,1.7,1.2,18.7,4.0,10,0.3,10,West India,Vegetarian,Dessert,Baked,150,0,Synthetic_IFCT_schema,Synthetic_Variant
SYN04854,Pomegranate (boiled),Fruits,,80.6,347,1.7,1.2,18.7,4.0,10,0.3,10,West India,Vegetarian,Dessert,Steamed,150,0,Synthetic_IFCT_schema,Synthetic_Variant
SYN04855,Pomegranate (fried),Fruits,Scientific_79,77.7,347,1.7,1.2,18.7,,,0.3,,West India,Vegetarian,lunch,Fried,200,0,Synthetic_IFCT_schema,Synthetic_Variant
SYN04856,Bajra (Pearl millet) (raw),Cereals and Millets,,342.6,1519,11.6,5.0,67.5,1.2,42,8.0,0,West India,Vegetarian,Main Course,Cooked,150,0,Synthetic_IFCT_schema,Synthetic_Variant
SYN04857,Pomegranate (roasted),Fruits,Scientific_71,85.2,347,1.7,1.2,18.7,4.0,10,0.3,10,West India,Vegetarian,Breakfast,Fried,100,0,Synthetic_IFCT_schema,Synthetic_Variant
SYN04858,Pomegranate (boiled),Fruits,Scientific_59,78.5,347,1.7,1.2,18.7,4.0,10,0.3,10,West India,Vegetarian,Dessert,Steamed,150,0,Synthetic_IFCT_schema,Synthetic_Variant
SYN04859,Sabudana (Tapioca pearls) (roasted),Cereals and Millets,,349.3,1469,0.2,0.2,88.7,0.9,,,,West India,Vegetarian,Dinner,Steamed,100,0,Synthetic_IFCT_schema,Synthetic_Variant
SYN04860,Pomegranate (steamed),Fruits,Scientific_78,79.5,347,1.7,1.2,18.7,4.0,10,0.3,10,West India,Vegetarian,,,,0,Synthetic_IFCT_schema,Synthetic_Variant
SYN04861,"Tomato, raw (raw)",Vegetables,,,75,0.9,0.2,3.9,1.2,13,,27,Pan India,Vegetarian,Dessert,Roasted,100,0,Synthetic_IFCT_schema,Synthetic_Variant
SYN04862,Pomegranate (roasted),Fruits,,78.0,347,1.7,1.2,18.7,4.0,10,0.3,10,West India,Vegetarian,Main Course,Fried,,0,Synthetic_IFCT_schema,Synthetic_Variant
SYN04863,"Coconut, fresh (steamed)",Nuts and Oilseeds,Scientific_30,329.5,1482,3.3,33.5,15.2,9.0,14,1.9,3,South India,Vegetarian,Lunch,,200,0,Synthetic_IFCT_schema,Synthetic_Variant
SYN04864,"Jackfruit, raw (raw)",Fruits,,91.9,398,1.7,0.6,23.2,1.5,,,,South India,Vegetarian,Any,Baked,100,0,Synthetic_IFCT_schema,Synthetic_Variant
SYN04865,Pomegranate (raw),Fruits,,79.4,,1.7,1.2,18.7,4.0,10,0.3,10,West India,Vegetarian,Dessert,Baked,150,0,Synthetic_IFCT_schema,Synthetic_Variant
SYN04866,"Mango, ripe (Alphonso) (fried)",Fruits,Scientific_31,74.5,293,0.6,0.4,17.0,1.6,10,0.3,36,West India,Vegetarian,Lunch,N/A,N/A,0,Synthetic_IFCT_schema,Synthetic_Variant
SYN04867,Fenugreek leaves (Methi) (steamed),Vegetables,Scientific_28,50.8,205,4.4,0.9,6.0,1.1,,1.9,52,North India,Vegetarian,Dessert,Boiled,150,0,Synthetic_IFCT_schema,Synthetic_Variant
SYN04868,Pomegranate (roasted),Fruits,,82.5,,1.7,1.2,18.7,4.0,10,0.3,10,West India,Vegetarian,Dessert,Baked,150,0,Synthetic_IFCT_schema,Synthetic_Variant
SYN04869,Pomegranate (fried),Fruits,Scientific_62,86.5,347,1.7,1.2,18.7,4.0,10,0.3,10,West India,non-vegetarian,snack,Fried,,0,Synthetic_IFCT_schema,Synthetic_Variant
SYN04870,"Masoor dal, raw (roasted)",Pulses and Legumes,,357.2,1435,25.1,0.9,59.0,3.5,68,7.6,1,Southern,Vegetarian,lunch,Grilled,100,0,Synthetic_IFCT_schema,Synthetic_Variant
SYN04871,Pomegranate (steamed),Fruits,Scientific_68,76.5,347,1.7,1.2,18.7,4.0,10,0.3,10,Northern,Veg,dinner,Steamed,N/A,0,Synthetic_IFCT_schema,Synthetic_Variant
SYN04872,Okra (Bhindi) (roasted),Vegetables,Scientific_26,30.6,138,2.1,0.2,7.0,2.5,82,0.8,21,Pan India,non-vegetarian,,Fried,150,0,Synthetic_IFCT_schema,Synthetic_Variant
SYN04873,Appam (fried),Composite Dishes,,111.0,502,2.5,2.8,22.0,0.5,,,,South India,Vegetarian,Beverage,N/A,100,1,Synthetic_IFCT_schema,Synthetic_Variant
SYN04874,Pomegranate (steamed),Fruits,,86.0,347,1.7,1.2,18.7,4.0,10,0.3,10,West India,Vegetarian,Main Course,,N/A,0,Synthetic_IFCT_schema,Synthetic_Variant
SYN04875,Pomegranate (fried),Fruits,,88.7,347,1.7,1.2,18.7,4.0,,0.3,10,West India,Vegetarian,breakfast,,,0,Synthetic_IFCT_schema,Synthetic_Variant
SYN04876,Okra (Bhindi) (roasted),Vegetables,Scientific_26,32.3,138,2.1,0.2,7.0,2.5,82,0.8,21,Pan India,non-vegetarian,,Fried,150,0,Synthetic_IFCT_schema,Synthetic_Variant
SYN04877,Pomegranate (raw),Fruits,,84.0,347,1.7,1.2,18.7,,10,0.3,10,West India,Vegetarian,Dinner,Baked,100,0,Synthetic_IFCT_schema,Synthetic_Variant
SYN04878,Pomegranate (boiled),Fruits,,83.3,347,1.7,1.2,18.7,4.0,10,0.3,10,West India,Vegetarian,Breakfast,N/A,,0,Synthetic_IFCT_schema,Synthetic_Variant
SYN04879,"Chana dal, raw (raw)",Pulses and Legumes,Scientific_12,367.2,1556,20.8,5.6,59.8,,56,4.9,1,North India,Vegetarian,breakfast,Cooked,100,0,Synthetic_IFCT_schema,Synthetic_Variant
SYN04880,"Wheat flour, refined (fried)",Cereals and Millets,Scientific_3,372.5,1456,10.3,0.9,73.9,0.3,23,2.7,0,North India,Vegetarian,snack,,,0,Synthetic_IFCT_schema,Synthetic_Variant
SYN04881,"Moong dal, raw (roasted)",Pulses and Legumes,,337.1,,24.0,1.3,59.9,4.1,75,6.7,7,Pan India,Vegetarian,,,,0,Synthetic_IFCT_schema,Synthetic_Variant
SYN04882,Pomegranate (boiled),Fruits,,84.7,347,1.7,1.2,18.7,4.0,10,0.3,10,West India,Vegetarian,Lunch,Steamed,100,0,Synthetic_IFCT_schema,Synthetic_Variant
SYN04883,Shrikhand (boiled),Milk and Milk Products,,211.4,921,7.0,7.0,33.0,,,,,West India,Vegetarian,Dinner,Cooked,100,0,Synthetic_IFCT_schema,Synthetic_Variant
SYN04884,Puttu (roasted),Composite Dishes,,180.3,733,3.5,1.2,38.0,1.5,,,,South India,Vegetarian,Main Course,,100,1,Synthetic_IFCT_schema,Synthetic_Variant
SYN04885,"Onion, raw (boiled)",Vegetables,,37.7,167,1.1,0.1,9.3,1.7,23,0.4,7,Pan India,Vegetarian,lunch,Cooked,200,0,Synthetic_IFCT_schema,Synthetic_Variant
SYN04886,Fenugreek leaves (Methi) (roasted),Vegetables,Scientific_28,45.9,205,4.4,0.9,6.0,1.1,,1.9,52,North India,Vegetarian,Dessert,Boiled,150,0,Synthetic_IFCT_schema,Synthetic_Variant
SYN04887,Pomegranate (fried),Fruits,Scientific_71,87.5,347,1.7,1.2,18.7,4.0,10,0.3,10,West India,Vegetarian,Breakfast,Fried,100,0,Synthetic_IFCT_schema,Synthetic_Variant
SYN04888,Shrikhand (fried),Milk and Milk Products,,212.5,921,7.0,7.0,33.0,,,,,West India,Vegetarian,Dinner,Cooked,100,0,Synthetic_IFCT_schema,Synthetic_Variant
SYN04889,Pomegranate (raw),Fruits,,85.4,347,1.7,1.2,18.7,4.0,10,0.3,10,West India,Vegetarian,Beverage,Steamed,,0,Synthetic_IFCT_schema,Synthetic_Variant
SYN04890,"Papaya, ripe (fried)",Fruits,,42.3,180,0.5,0.1,10.8,1.7,20,0.1,62,South India,Vegetarian,snack,Fried,,0,Synthetic_IFCT_schema,Synthetic_Variant
SYN04891,"Rice, raw, milled (steamed)",Cereals and Millets,,,1448,6.8,0.5,78.2,0.2,10,0.7,,Pan India,Vegetarian,Breakfast,Baked,,0,Synthetic_IFCT_schema,Synthetic_Variant
SYN04892,Pomegranate (boiled),Fruits,Scientific_50,87.2,347,1.7,1.2,18.7,4.0,10,0.3,,North India,Veg,Beverage,Steamed,100,0,Synthetic_IFCT_schema,Synthetic_Variant
SYN04893,Bajra (Pearl millet) (fried),Cereals and Millets,,344.8,1519,11.6,5.0,67.5,1.2,42,8.0,0,West India,Vegetarian,Main Course,Cooked,150,0,Synthetic_IFCT_schema,Synthetic_Variant
SYN04894,"Onion, raw (steamed)",Vegetables,,38.7,167,1.1,0.1,9.3,1.7,23,0.4,7,Pan India,Vegetarian,lunch,Cooked,200,0,Synthetic_IFCT_schema,Synthetic_Variant
SYN04895,"Momos, veg (steamed) (fried)",Composite Dishes,,186.0,753,5.5,5.5,28.0,2.0,,,,East India,Vegetarian,lunch,Steamed,100,1,Synthetic_IFCT_schema,Synthetic_Variant
SYN04896,Pomegranate (fried),Fruits,Scientific_47,82.4,,1.7,1.2,18.7,4.0,10,0.3,10,West India,Non-Veg,snack,Grilled,200,0,Synthetic_IFCT_schema,Synthetic_Variant
SYN04897,Shrikhand (steamed),Milk and Milk Products,,232.5,921,7.0,7.0,33.0,,,,,West India,Vegetarian,Dinner,Cooked,100,0,Synthetic_IFCT_schema,Synthetic_Variant
SYN04898,Pomegranate (fried),Fruits,Scientific_80,,347,1.7,1.2,18.7,4.0,10,0.3,10,West India,Vegetarian,lunch,Cooked,200,0,Synthetic_IFCT_schema,Synthetic_Variant
SYN04899,Pomegranate (steamed),Fruits,Scientific_80,,347,1.7,1.2,18.7,4.0,10,0.3,10,West India,Vegetarian,lunch,Cooked,200,0,Synthetic_IFCT_schema,Synthetic_Variant
SYN04900,"Onion, raw (steamed)",Vegetables,,40.0,167,1.1,0.1,9.3,1.7,23,0.4,7,Pan India,Vegetarian,lunch,Cooked,200,0,Synthetic_IFCT_schema,Synthetic_Variant
SYN04901,Khandvi (roasted),Composite Dishes,,129.0,544,4.5,4.8,18.0,1.2,,,,West India,Vegetarian,breakfast,Roasted,100,1,Synthetic_IFCT_schema,Synthetic_Variant
SYN04902,Sattu (roasted gram flour) (fried),Cereals and Millets,,401.8,1700,22.5,7.0,64.0,1.8,,,,East India,Vegetarian,snack,Grilled,100,0,Synthetic_IFCT_schema,Synthetic_Variant
SYN04903,Pomegranate (steamed),Fruits,,87.7,347,1.7,1.2,18.7,4.0,10,0.3,10,Unknown,Vegetarian,Beverage,Steamed,N/A,0,Synthetic_IFCT_schema,Synthetic_Variant
SYN04904,"Tomato, raw (boiled)",Vegetables,,,75,0.9,0.2,3.9,1.2,13,,27,Pan India,Vegetarian,Dessert,Roasted,100,0,Synthetic_IFCT_schema,Synthetic_Variant
SYN04905,Pomegranate (roasted),Fruits,Scientific_65,83.2,347,1.7,1.2,18.7,4.0,10,0.3,10,West India,Vegetarian,Main Course,Baked,N/A,0,Synthetic_IFCT_schema,Synthetic_Variant
SYN04906,"Toor dal, raw (fried)",Pulses and Legumes,,308.5,,22.3,1.7,57.6,4.2,73,5.6,0,Pan India,Vegetarian,Dessert,Baked,100,0,Synthetic_IFCT_schema,Synthetic_Variant
SYN04907,"Chana dal, raw (fried)",Pulses and Legumes,Scientific_12,348.7,1556,20.8,5.6,59.8,,56,4.9,1,North India,Vegetarian,breakfast,Cooked,100,0,Synthetic_IFCT_schema,Synthetic_Variant
SYN04908,"Spinach (Palak), raw (roasted)",Vegetables,Scientific_23,,96,2.0,0.3,3.5,,99,1.8,28,Pan India,Vegetarian,breakfast,Fried,200,0,Synthetic_IFCT_schema,Synthetic_Variant
SYN04909,Pomegranate (roasted),Fruits,,89.4,347,1.7,1.2,18.7,4.0,10,0.3,,West India,Veg,lunch,,,0,Synthetic_IFCT_schema,Synthetic_Variant
SYN04910,Banana (Cavendish) (boiled),Fruits,Scientific_32,91.5,372,1.1,0.3,23.0,2.6,5,0.3,8,South India,Vegetarian,Dinner,,100,0,Synthetic_IFCT_schema,Synthetic_Variant
SYN04911,"Papaya, ripe (boiled)",Fruits,,40.8,180,0.5,0.1,10.8,1.7,20,0.1,62,South India,Vegetarian,snack,Fried,,0,Synthetic_IFCT_schema,Synthetic_Variant
SYN04912,Pomegranate (steamed),Fruits,Scientific_80,,347,1.7,1.2,18.7,4.0,10,0.3,10,West India,Vegetarian,lunch,Cooked,200,0,Synthetic_IFCT_schema,Synthetic_Variant
SYN04913,Pomegranate (roasted),Fruits,Scientific_40,85.3,347,1.7,1.2,18.7,4.0,10,0.3,10,West India,Vegetarian,Any,Cooked,N/A,0,Synthetic_IFCT_schema,Synthetic_Variant
SYN04914,Pomegranate (raw),Fruits,,,347,1.7,1.2,18.7,4.0,10,0.3,,West India,Vegetarian,breakfast,Fried,,0,Synthetic_IFCT_schema,Synthetic_Variant
SYN04915,"Soya chunks, raw (steamed)",Pulses and Legumes,,325.9,1444,52.0,0.5,33.0,13.0,,,,Pan India,Vegetarian,snack,Baked,100,0,Synthetic_IFCT_schema,Synthetic_Variant
SYN04916,Dhokla (boiled),Composite Dishes,,76.1,318,3.5,1.5,12.0,0.8,,,,West India,Vegetarian,Breakfast,N/A,100,1,Synthetic_IFCT_schema,Synthetic_Variant
SYN04917,Avial (steamed),Composite Dishes,,116.6,481,2.8,6.5,12.0,3.0,,,,South India,Vegetarian,lunch,,100,1,Synthetic_IFCT_schema,Synthetic_Variant
SYN04918,Pomegranate (steamed),Fruits,,82.4,347,1.7,1.2,18.7,4.0,10,,10,West India,Vegetarian,Snack,N/A,150,0,Synthetic_IFCT_schema,Synthetic_Variant
SYN04919,Sabudana (Tapioca pearls) (boiled),Cereals and Millets,,360.1,1469,0.2,0.2,88.7,0.9,,,,West India,Vegetarian,Dinner,Steamed,100,0,Synthetic_IFCT_schema,Synthetic_Variant
SYN04920,Pomegranate (fried),Fruits,,79.1,347,1.7,1.2,18.7,4.0,10,0.3,10,East,Vegetarian,snack,Grilled,100,0,Synthetic_IFCT_schema,Synthetic_Variant
SYN04921,Amla (Indian gooseberry) (steamed),Fruits,,46.9,184,0.9,0.6,10.2,4.3,50,1.2,600,Western,Vegetarian,breakfast,Roasted,150,0,Synthetic_IFCT_schema,Synthetic_Variant
SYN04922,Pomegranate (roasted),Fruits,,,347,1.7,1.2,18.7,4.0,10,0.3,,West India,Vegetarian,breakfast,Fried,,0,Synthetic_IFCT_schema,Synthetic_Variant
SYN04923,Jowar (Sorghum) (roasted),Cereals and Millets,Scientific_5,327.5,,10.4,1.9,72.6,1.6,25,,0,Unknown,Vegetarian,Main Course,Fried,,0,Synthetic_IFCT_schema,Synthetic_Variant
SYN04924,Pomegranate (steamed),Fruits,,78.4,347,1.7,1.2,18.7,4.0,10,0.3,,West India,Vegetarian,Snack,Baked,200,0,Synthetic_IFCT_schema,Synthetic_Variant
SYN04925,Bitter gourd (Karela) (boiled),Vegetables,Scientific_27,16.4,,1.0,0.2,3.4,2.8,20,0.6,84,Pan India,Vegetarian,snack,,,0,Synthetic_IFCT_schema,Synthetic_Variant
SYN04926,Pomegranate (raw),Fruits,Scientific_73,82.1,347,1.7,1.2,18.7,4.0,10,0.3,10,West India,Vegetarian,snack,Cooked,100,0,Synthetic_IFCT_schema,Synthetic_Variant
SYN04927,Pomegranate (raw),Fruits,,88.2,347,1.7,1.2,18.7,4.0,,0.3,10,West India,Vegetarian,Main Course,Grilled,,0,Synthetic_IFCT_schema,Synthetic_Variant
SYN04928,Methi thepla (raw),Composite Dishes,,271.4,1193,7.5,12.0,38.0,3.0,,,,West India,Vegetarian,Beverage,Boiled,100,1,Synthetic_IFCT_schema,Synthetic_Variant
SYN04929,Maize flour (steamed),Cereals and Millets,Scientific_7,341.7,1485,8.7,3.6,70.0,2.7,9,2.3,,Pan India,Vegetarian,Main Course,N/A,N/A,0,Synthetic_IFCT_schema,Synthetic_Variant
SYN04930,Jowar (Sorghum) (roasted),Cereals and Millets,Scientific_5,363.4,,10.4,1.9,72.6,1.6,25,,0,Unknown,Vegetarian,Main Course,Fried,,0,Synthetic_IFCT_schema,Synthetic_Variant
SYN04931,Pomegranate (raw),Fruits,,79.4,,1.7,1.2,18.7,4.0,10,0.3,10,West India,Vegetarian,Dessert,Baked,150,0,Synthetic_IFCT_schema,Synthetic_Variant
SYN04932,Shrikhand (fried),Milk and Milk Products,,211.3,921,7.0,7.0,33.0,,,,,West India,Vegetarian,Dinner,Cooked,100,0,Synthetic_IFCT_schema,Synthetic_Variant
SYN04933,"Masoor dal, raw (roasted)",Pulses and Legumes,,356.2,1435,25.1,0.9,59.0,3.5,68,7.6,1,Southern,Vegetarian,lunch,Grilled,100,0,Synthetic_IFCT_schema,Synthetic_Variant
SYN04934,Pomegranate (boiled),Fruits,,,347,1.7,1.2,18.7,4.0,,0.3,10,West India,Vegetarian,Main Course,Steamed,200,0,Synthetic_IFCT_schema,Synthetic_Variant
SYN04935,"Rice, cooked (raw)",Cereals and Millets,,122.1,544,2.7,0.3,28.2,,3,0.2,0,Pan India,non-vegetarian,Snack,Baked,100,0,Synthetic_IFCT_schema,Synthetic_Variant
SYN04936,Cowpea (Black-eyed pea) (boiled),Pulses and Legumes,,329.6,1351,23.4,1.8,54.5,,227,8.6,1,South India,Vegetarian,Lunch,Roasted,200,0,Synthetic_IFCT_schema,Synthetic_Variant
SYN04937,Amla (Indian gooseberry) (steamed),Fruits,,45.9,184,0.9,0.6,10.2,4.3,50,1.2,600,Western,Vegetarian,breakfast,Roasted,150,0,Synthetic_IFCT_schema,Synthetic_Variant
SYN04938,Pomegranate (boiled),Fruits,Scientific_66,84.6,347,1.7,1.2,18.7,4.0,10,0.3,10,West India,Vegetarian,Dessert,Raw,200,0,Synthetic_IFCT_schema,Synthetic_Variant
SYN04939,Pomegranate (fried),Fruits,Scientific_78,85.5,347,1.7,1.2,18.7,4.0,10,0.3,10,West India,Vegetarian,,,,0,Synthetic_IFCT_schema,Synthetic_Variant
SYN04940,Pomegranate (roasted),Fruits,,,347,1.7,1.2,18.7,4.0,10,0.3,10,North,Vegetarian,Snack,Roasted,,0,Synthetic_IFCT_schema,Synthetic_Variant
SYN04941,Kabuli chana (steamed),Pulses and Legumes,,371.1,,20.1,5.3,60.9,7.6,202,4.9,3,North India,Vegetarian,Breakfast,Grilled,N/A,0,Synthetic_IFCT_schema,Synthetic_Variant
SYN04942,Pomegranate (fried),Fruits,Scientific_65,79.2,347,1.7,1.2,18.7,4.0,10,0.3,10,West India,Vegetarian,Main Course,Baked,N/A,0,Synthetic_IFCT_schema,Synthetic_Variant
SYN04943,Appam (boiled),Composite Dishes,,122.0,502,2.5,2.8,22.0,0.5,,,,South India,Vegetarian,Beverage,N/A,100,1,Synthetic_IFCT_schema,Synthetic_Variant
SYN04944,Pomegranate (raw),Fruits,Scientific_78,86.6,347,1.7,1.2,18.7,4.0,10,0.3,10,West India,Vegetarian,,,,0,Synthetic_IFCT_schema,Synthetic_Variant
SYN04945,Pomegranate (boiled),Fruits,Scientific_66,83.2,347,1.7,1.2,18.7,4.0,10,0.3,10,West India,Vegetarian,Dessert,Raw,200,0,Synthetic_IFCT_schema,Synthetic_Variant
SYN04946,Bitter gourd (Karela) (boiled),Vegetables,Scientific_27,15.7,,1.0,0.2,3.4,2.8,20,0.6,84,Pan India,Vegetarian,snack,,,0,Synthetic_IFCT_schema,Synthetic_Variant
SYN04947,"Rice, raw, milled (fried)",Cereals and Millets,,,1448,6.8,0.5,78.2,0.2,10,0.7,,Pan India,Vegetarian,Breakfast,Baked,,0,Synthetic_IFCT_schema,Synthetic_Variant
SYN04948,Pomegranate (raw),Fruits,Scientific_62,79.9,347,1.7,1.2,18.7,4.0,10,0.3,10,West India,non-vegetarian,snack,Fried,,0,Synthetic_IFCT_schema,Synthetic_Variant
SYN04949,Pomegranate (raw),Fruits,Scientific_78,84.3,347,1.7,1.2,18.7,4.0,10,0.3,10,West India,Vegetarian,,,,0,Synthetic_IFCT_schema,Synthetic_Variant
SYN04950,Pomegranate (roasted),Fruits,,80.3,347,1.7,1.2,18.7,4.0,10,0.3,10,West India,non-vegetarian,,Roasted,100,0,Synthetic_IFCT_schema,Synthetic_Variant
SYN04951,Shrikhand (boiled),Milk and Milk Products,,222.2,921,7.0,7.0,33.0,,,,,West India,Vegetarian,Dinner,Cooked,100,0,Synthetic_IFCT_schema,Synthetic_Variant
SYN04952,Pomegranate (raw),Fruits,,79.8,347,1.7,1.2,18.7,4.0,10,0.3,,West India,Vegetarian,Snack,Baked,200,0,Synthetic_IFCT_schema,Synthetic_Variant
SYN04953,Pomegranate (steamed),Fruits,,81.0,347,1.7,1.2,18.7,4.0,10,0.3,10,West India,Vegetarian,,Raw,N/A,0,Synthetic_IFCT_schema,Synthetic_Variant
SYN04954,Khandvi (boiled),Composite Dishes,,121.5,544,4.5,4.8,18.0,1.2,,,,West India,Vegetarian,breakfast,Roasted,100,1,Synthetic_IFCT_schema,Synthetic_Variant
SYN04955,Pomegranate (steamed),Fruits,,79.9,,1.7,1.2,18.7,4.0,10,0.3,10,West India,Vegetarian,Dessert,Baked,150,0,Synthetic_IFCT_schema,Synthetic_Variant
SYN04956,Pomegranate (fried),Fruits,,89.4,347,1.7,1.2,18.7,4.0,10,0.3,10,West India,Vegetarian,Dessert,Steamed,150,0,Synthetic_IFCT_schema,Synthetic_Variant
SYN04957,"Coconut, fresh (raw)",Nuts and Oilseeds,Scientific_30,334.7,1482,3.3,33.5,15.2,9.0,14,1.9,3,South India,Vegetarian,Lunch,,200,0,Synthetic_IFCT_schema,Synthetic_Variant
SYN04958,"Tomato, raw (roasted)",Vegetables,,,75,0.9,0.2,3.9,1.2,13,,27,Pan India,Vegetarian,Dessert,Roasted,100,0,Synthetic_IFCT_schema,Synthetic_Variant
SYN04959,Kabuli chana (raw),Pulses and Legumes,,341.4,,20.1,5.3,60.9,7.6,202,4.9,3,North India,Vegetarian,Breakfast,Grilled,N/A,0,Synthetic_IFCT_schema,Synthetic_Variant
SYN04960,"Wheat flour, whole (steamed)",Cereals and Millets,Scientific_2,324.3,1427,11.8,1.5,69.4,1.9,41,4.9,0,North India,Vegetarian,Beverage,Cooked,150,0,Synthetic_IFCT_schema,Synthetic_Variant
SYN04961,Pomegranate (boiled),Fruits,,79.2,347,1.7,1.2,18.7,4.0,10,0.3,10,West India,Vegetarian,Main Course,Fried,,0,Synthetic_IFCT_schema,Synthetic_Variant
SYN04962,Pomegranate (boiled),Fruits,,78.8,347,1.7,1.2,18.7,4.0,10,0.3,10,West India,Vegetarian,Beverage,Steamed,,0,Synthetic_IFCT_schema,Synthetic_Variant
SYN04963,Pomegranate (steamed),Fruits,Scientific_40,84.6,347,1.7,1.2,18.7,4.0,10,0.3,10,West India,Vegetarian,Any,Cooked,N/A,0,Synthetic_IFCT_schema,Synthetic_Variant
SYN04964,Pomegranate (raw),Fruits,,80.8,347,1.7,1.2,18.7,,10,0.3,10,Pan India,Vegetarian,Main Course,Fried,150,0,Synthetic_IFCT_schema,Synthetic_Variant
SYN04965,Semolina (Rava) (roasted),Cereals and Millets,,,1506,10.0,1.0,74.0,,16,4.7,0,Pan India,Veg,breakfast,Steamed,,0,Synthetic_IFCT_schema,Synthetic_Variant
SYN04966,Pomegranate (steamed),Fruits,,83.0,347,1.7,1.2,18.7,4.0,10,0.3,,West India,Vegetarian,Snack,Baked,200,0,Synthetic_IFCT_schema,Synthetic_Variant
SYN04967,"Onion, raw (steamed)",Vegetables,,37.1,167,1.1,0.1,9.3,1.7,23,0.4,7,Pan India,Vegetarian,lunch,Cooked,200,0,Synthetic_IFCT_schema,Synthetic_Variant
SYN04968,"Coconut, fresh (boiled)",Nuts and Oilseeds,Scientific_30,342.6,1482,3.3,33.5,15.2,9.0,14,1.9,3,South India,Vegetarian,Lunch,,200,0,Synthetic_IFCT_schema,Synthetic_Variant
SYN04969,Rajma (Kidney beans) (raw),Pulses and Legumes,,366.7,1448,22.9,1.5,60.6,6.4,260,7.0,4,North India,Vegetarian,Any,N/A,N/A,0,Synthetic_IFCT_schema,Synthetic_Variant
SYN04970,Pomegranate (fried),Fruits,Scientific_45,83.8,347,1.7,1.2,18.7,4.0,10,0.3,,West India,Veg,breakfast,Roasted,N/A,0,Synthetic_IFCT_schema,Synthetic_Variant
SYN04971,Brinjal (Eggplant) (fried),Vegetables,,25.6,105,1.4,0.3,5.5,3.4,18,0.3,2,Pan India,Vegetarian,lunch,Steamed,100,0,Synthetic_IFCT_schema,Synthetic_Variant
SYN04972,Methi thepla (fried),Composite Dishes,,273.1,1193,7.5,12.0,38.0,3.0,,,,West India,Vegetarian,Beverage,Boiled,100,1,Synthetic_IFCT_schema,Synthetic_Variant
SYN04973,Okra (Bhindi) (boiled),Vegetables,Scientific_26,34.7,138,2.1,0.2,7.0,2.5,82,0.8,21,Pan India,non-vegetarian,,Fried,150,0,Synthetic_IFCT_schema,Synthetic_Variant
SYN04974,Dhokla (fried),Composite Dishes,,80.1,318,3.5,1.5,12.0,0.8,,,,West India,Vegetarian,Breakfast,N/A,100,1,Synthetic_IFCT_schema,Synthetic_Variant
SYN04975,Pomegranate (steamed),Fruits,,79.6,347,1.7,1.2,18.7,4.0,10,0.3,10,East,Vegetarian,snack,Grilled,100,0,Synthetic_IFCT_schema,Synthetic_Variant
SYN04976,Methi thepla (roasted),Composite Dishes,,268.7,1193,7.5,12.0,38.0,3.0,,,,West India,Vegetarian,Beverage,Boiled,100,1,Synthetic_IFCT_schema,Synthetic_Variant
SYN04977,Pomegranate (boiled),Fruits,Scientific_73,79.9,347,1.7,1.2,18.7,4.0,10,0.3,10,West India,Vegetarian,snack,Cooked,100,0,Synthetic_IFCT_schema,Synthetic_Variant
SYN04978,"Wheat flour, whole (roasted)",Cereals and Millets,Scientific_2,352.3,1427,11.8,1.5,69.4,1.9,41,4.9,0,North India,Vegetarian,Beverage,Cooked,150,0,Synthetic_IFCT_schema,Synthetic_Variant
SYN04979,Pomegranate (steamed),Fruits,Scientific_73,83.4,347,1.7,1.2,18.7,4.0,10,0.3,10,West India,Vegetarian,snack,Cooked,100,0,Synthetic_IFCT_schema,Synthetic_Variant
SYN04980,"Rice, raw, milled (boiled)",Cereals and Millets,,,1448,6.8,0.5,78.2,0.2,10,0.7,,Pan India,Vegetarian,Breakfast,Baked,,0,Synthetic_IFCT_schema,Synthetic_Variant
SYN04981,"Jackfruit, raw (boiled)",Fruits,,91.6,398,1.7,0.6,23.2,1.5,,,,South India,Vegetarian,Any,Baked,100,0,Synthetic_IFCT_schema,Synthetic_Variant
SYN04982,Pomegranate (boiled),Fruits,Scientific_68,82.0,347,1.7,1.2,18.7,4.0,10,0.3,10,Northern,Veg,dinner,Steamed,N/A,0,Synthetic_IFCT_schema,Synthetic_Variant
SYN04983,Pomegranate (raw),Fruits,,87.8,347,1.7,1.2,18.7,4.0,,0.3,10,West India,Vegetarian,breakfast,,,0,Synthetic_IFCT_schema,Synthetic_Variant
SYN04984,Pomegranate (roasted),Fruits,,77.0,347,1.7,1.2,18.7,4.0,10,0.3,10,West India,Vegetarian,Dessert,N/A,100,0,Synthetic_IFCT_schema,Synthetic_Variant
SYN04985,Pomegranate (raw),Fruits,,78.7,347,1.7,1.2,18.7,4.0,10,0.3,,West India,Veg,lunch,,,0,Synthetic_IFCT_schema,Synthetic_Variant
SYN04986,Pomegranate (roasted),Fruits,,80.1,347,1.7,1.2,18.7,4.0,10,0.3,10,West India,Vegetarian,Beverage,Steamed,,0,Synthetic_IFCT_schema,Synthetic_Variant
SYN04987,Khandvi (fried),Composite Dishes,,139.3,544,4.5,4.8,18.0,1.2,,,,West India,Vegetarian,breakfast,Roasted,100,1,Synthetic_IFCT_schema,Synthetic_Variant
SYN04988,Banana (Cavendish) (boiled),Fruits,Scientific_32,92.7,372,1.1,0.3,23.0,2.6,5,0.3,8,South India,Vegetarian,Dinner,,100,0,Synthetic_IFCT_schema,Synthetic_Variant
SYN04989,Pomegranate (fried),Fruits,Scientific_59,82.2,347,1.7,1.2,18.7,4.0,10,0.3,10,West India,Vegetarian,Dessert,Steamed,150,0,Synthetic_IFCT_schema,Synthetic_Variant
SYN04990,"Papaya, ripe (boiled)",Fruits,,40.9,180,0.5,0.1,10.8,1.7,20,0.1,62,South India,Vegetarian,snack,Fried,,0,Synthetic_IFCT_schema,Synthetic_Variant
SYN04991,"Soya chunks, raw (steamed)",Pulses and Legumes,,322.2,1444,52.0,0.5,33.0,13.0,,,,Pan India,Vegetarian,snack,Baked,100,0,Synthetic_IFCT_schema,Synthetic_Variant
SYN04992,"Spinach (Palak), raw (roasted)",Vegetables,Scientific_23,,96,2.0,0.3,3.5,,99,1.8,28,Pan India,Vegetarian,breakfast,Fried,200,0,Synthetic_IFCT_schema,Synthetic_Variant
SYN04993,Semolina (Rava) (fried),Cereals and Millets,,,1506,10.0,1.0,74.0,,16,4.7,0,Pan India,Veg,breakfast,Steamed,,0,Synthetic_IFCT_schema,Synthetic_Variant
SYN04994,"Urad dal, raw (steamed)",Pulses and Legumes,Scientific_15,,1428,25.1,1.4,59.0,1.8,154,4.5,0,South India,Vegetarian,Main Course,Grilled,N/A,0,Synthetic_IFCT_schema,Synthetic_Variant
SYN04995,Pomegranate (boiled),Fruits,Scientific_47,77.4,,1.7,1.2,18.7,4.0,10,0.3,10,West India,Non-Veg,snack,Grilled,200,0,Synthetic_IFCT_schema,Synthetic_Variant
SYN04996,Pomegranate (boiled),Fruits,Scientific_40,78.9,347,1.7,1.2,18.7,4.0,10,0.3,10,West India,Vegetarian,Any,Cooked,N/A,0,Synthetic_IFCT_schema,Synthetic_Variant
SYN04997,Litti chokha (steamed),Composite Dishes,,320.6,1340,9.0,10.0,50.0,3.5,,,,East India,Vegetarian,Beverage,Fried,100,1,Synthetic_IFCT_schema,Synthetic_Variant
SYN04998,Pomegranate (steamed),Fruits,,79.9,347,1.7,1.2,18.7,4.0,10,0.3,10,West India,Vegetarian,Dessert,Steamed,150,0,Synthetic_IFCT_schema,Synthetic_Variant
SYN04999,Cowpea (Black-eyed pea) (boiled),Pulses and Legumes,,328.3,1351,23.4,1.8,54.5,,227,8.6,1,South India,Vegetarian,Lunch,Roasted,200,0,Synthetic_IFCT_schema,Synthetic_Variant
SYN05000,Pomegranate (raw),Fruits,,76.5,347,1.7,1.2,18.7,4.0,10,,10,West India,Vegetarian,Snack,N/A,150,0,Synthetic_IFCT_schema,Synthetic_Variant
SYN05001,Brinjal (Eggplant) (boiled),Vegetables,,25.0,105,1.4,0.3,5.5,3.4,18,0.3,2,Pan India,Vegetarian,lunch,Steamed,100,0,Synthetic_IFCT_schema,Synthetic_Variant
SYN05002,Amla (Indian gooseberry) (raw),Fruits,,41.5,184,0.9,0.6,10.2,4.3,50,1.2,600,Western,Vegetarian,breakfast,Roasted,150,0,Synthetic_IFCT_schema,Synthetic_Variant
SYN05003,Pomegranate (fried),Fruits,,77.9,347,1.7,1.2,18.7,4.0,10,,10,West India,Vegetarian,Snack,N/A,150,0,Synthetic_IFCT_schema,Synthetic_Variant
SYN05004,"Masoor dal, raw (roasted)",Pulses and Legumes,,333.7,1435,25.1,0.9,59.0,3.5,68,7.6,1,Southern,Vegetarian,lunch,Grilled,100,0,Synthetic_IFCT_schema,Synthetic_Variant
SYN05005,Pomegranate (raw),Fruits,,87.4,347,1.7,1.2,18.7,4.0,10,0.3,10,West India,Vegetarian,Dessert,N/A,100,0,Synthetic_IFCT_schema,Synthetic_Variant
SYN05006,Pomegranate (fried),Fruits,Scientific_53,88.3,347,1.7,1.2,18.7,4.0,10,0.3,10,West India,Vegetarian,Snack,Baked,100,0,Synthetic_IFCT_schema,Synthetic_Variant
SYN05007,Pomegranate (raw),Fruits,Scientific_69,85.8,347,1.7,1.2,18.7,4.0,10,0.3,,West India,Vegetarian,Dinner,Fried,150,0,Synthetic_IFCT_schema,Synthetic_Variant
SYN05008,"Mango, ripe (Alphonso) (boiled)",Fruits,Scientific_31,74.2,293,0.6,0.4,17.0,1.6,10,0.3,36,West India,Vegetarian,Lunch,N/A,N/A,0,Synthetic_IFCT_schema,Synthetic_Variant
SYN05009,"Wheat flour, refined (fried)",Cereals and Millets,Scientific_3,329.5,1456,10.3,0.9,73.9,0.3,23,2.7,0,North India,Vegetarian,snack,,,0,Synthetic_IFCT_schema,Synthetic_Variant
SYN05010,"Masoor dal, raw (raw)",Pulses and Legumes,,350.4,1435,25.1,0.9,59.0,3.5,68,7.6,1,Southern,Vegetarian,lunch,Grilled,100,0,Synthetic_IFCT_schema,Synthetic_Variant
SYN05011,Pomegranate (fried),Fruits,Scientific_66,85.9,347,1.7,1.2,18.7,4.0,10,0.3,10,West India,Vegetarian,Dessert,Raw,200,0,Synthetic_IFCT_schema,Synthetic_Variant
SYN05012,"Momos, veg (steamed) (steamed)",Composite Dishes,,188.5,753,5.5,5.5,28.0,2.0,,,,East India,Vegetarian,lunch,Steamed,100,1,Synthetic_IFCT_schema,Synthetic_Variant
SYN05013,Pomegranate (fried),Fruits,Scientific_70,,347,1.7,1.2,18.7,,10,0.3,10,West India,Veg,Main Course,Baked,200,0,Synthetic_IFCT_schema,Synthetic_Variant
SYN05014,Pomegranate (fried),Fruits,Scientific_66,86.7,347,1.7,1.2,18.7,4.0,10,0.3,10,West India,Vegetarian,Dessert,Raw,200,0,Synthetic_IFCT_schema,Synthetic_Variant
SYN05015,Amla (Indian gooseberry) (fried),Fruits,,45.9,184,0.9,0.6,10.2,4.3,50,1.2,600,Western,Vegetarian,breakfast,Roasted,150,0,Synthetic_IFCT_schema,Synthetic_Variant
SYN05016,Pomegranate (roasted),Fruits,Scientific_65,86.8,347,1.7,1.2,18.7,4.0,10,0.3,10,West India,Vegetarian,Main Course,Baked,N/A,0,Synthetic_IFCT_schema,Synthetic_Variant
SYN05017,Semolina (Rava) (boiled),Cereals and Millets,,,1506,10.0,1.0,74.0,,16,4.7,0,Pan India,Veg,breakfast,Steamed,,0,Synthetic_IFCT_schema,Synthetic_Variant
SYN05018,Pomegranate (raw),Fruits,Scientific_66,79.9,347,1.7,1.2,18.7,4.0,10,0.3,10,West India,Vegetarian,Dessert,Raw,200,0,Synthetic_IFCT_schema,Synthetic_Variant
SYN05019,"Wheat flour, refined (fried)",Cereals and Millets,Scientific_3,336.7,1456,10.3,0.9,73.9,0.3,23,2.7,0,North India,Vegetarian,snack,,,0,Synthetic_IFCT_schema,Synthetic_Variant
SYN05020,"Tofu, firm (steamed)",Pulses and Legumes,,77.5,318,8.0,4.8,1.9,0.3,,,,West India,Vegetarian,Lunch,N/A,100,0,Synthetic_IFCT_schema,Synthetic_Variant
SYN05021,Pomegranate (boiled),Fruits,,81.1,347,1.7,1.2,18.7,4.0,10,0.3,10,West India,Vegetarian,Snack,Boiled,N/A,0,Synthetic_IFCT_schema,Synthetic_Variant
SYN05022,Pomegranate (steamed),Fruits,Scientific_67,82.0,347,1.7,1.2,18.7,4.0,10,0.3,10,West India,Non-Vegetarian,lunch,Roasted,200,0,Synthetic_IFCT_schema,Synthetic_Variant
SYN05023,Pomegranate (steamed),Fruits,,82.5,347,1.7,1.2,18.7,4.0,,0.3,10,West India,Vegetarian,Main Course,Grilled,,0,Synthetic_IFCT_schema,Synthetic_Variant
SYN05024,Pomegranate (raw),Fruits,,85.5,347,1.7,1.2,18.7,4.0,10,0.3,10,West India,Vegetarian,Breakfast,N/A,,0,Synthetic_IFCT_schema,Synthetic_Variant
SYN05025,Avial (boiled),Composite Dishes,,111.9,481,2.8,6.5,12.0,3.0,,,,South India,Vegetarian,lunch,,100,1,Synthetic_IFCT_schema,Synthetic_Variant
SYN05026,Pomegranate (fried),Fruits,,80.1,347,1.7,1.2,18.7,4.0,10,0.3,10,West India,Vegetarian,Snack,Boiled,N/A,0,Synthetic_IFCT_schema,Synthetic_Variant
SYN05027,Machher jhol (fried),Composite Dishes,,146.4,649,17.0,9.0,3.0,0.6,,,,East India,Non-Vegetarian,Dessert,Boiled,100,1,Synthetic_IFCT_schema,Synthetic_Variant
SYN05028,Pomegranate (roasted),Fruits,Scientific_65,82.2,347,1.7,1.2,18.7,4.0,10,0.3,10,West India,Vegetarian,Main Course,Baked,N/A,0,Synthetic_IFCT_schema,Synthetic_Variant
SYN05029,Pomegranate (boiled),Fruits,Scientific_79,87.4,347,1.7,1.2,18.7,,,0.3,,West India,Vegetarian,lunch,Fried,200,0,Synthetic_IFCT_schema,Synthetic_Variant
SYN05030,Puttu (fried),Composite Dishes,,173.0,733,3.5,1.2,38.0,1.5,,,,South India,Vegetarian,Main Course,,100,1,Synthetic_IFCT_schema,Synthetic_Variant
SYN05031,Pomegranate (boiled),Fruits,Scientific_63,84.4,347,1.7,1.2,18.7,4.0,10,0.3,10,West India,Vegetarian,Any,Baked,N/A,0,Synthetic_IFCT_schema,Synthetic_Variant
SYN05032,Banana (Cavendish) (raw),Fruits,Scientific_32,84.9,372,1.1,0.3,23.0,2.6,5,0.3,8,South India,Vegetarian,Dinner,,100,0,Synthetic_IFCT_schema,Synthetic_Variant
SYN05033,Pomegranate (boiled),Fruits,,81.9,347,1.7,1.2,18.7,4.0,10,0.3,10,West India,Vegetarian,Lunch,Roasted,200,0,Synthetic_IFCT_schema,Synthetic_Variant
SYN05034,Pomegranate (steamed),Fruits,,82.7,347,1.7,1.2,18.7,4.0,10,0.3,10,West India,non-vegetarian,,Roasted,100,0,Synthetic_IFCT_schema,Synthetic_Variant
SYN05035,Pomegranate (raw),Fruits,Scientific_59,84.0,347,1.7,1.2,18.7,4.0,10,0.3,10,West India,Vegetarian,Dessert,Steamed,150,0,Synthetic_IFCT_schema,Synthetic_Variant
SYN05036,Methi thepla (roasted),Composite Dishes,,301.3,1193,7.5,12.0,38.0,3.0,,,,West India,Vegetarian,Beverage,Boiled,100,1,Synthetic_IFCT_schema,Synthetic_Variant
SYN05037,Rasam (boiled),Composite Dishes,,29.3,125,1.2,0.8,4.5,,,,,South India,Vegetarian,Beverage,,100,1,Synthetic_IFCT_schema,Synthetic_Variant
SYN05038,Jowar (Sorghum) (raw),Cereals and Millets,Scientific_5,334.2,,10.4,1.9,72.6,1.6,25,,0,Unknown,Vegetarian,Main Course,Fried,,0,Synthetic_IFCT_schema,Synthetic_Variant
SYN05039,Okra (Bhindi) (boiled),Vegetables,Scientific_26,32.3,138,2.1,0.2,7.0,2.5,82,0.8,21,Pan India,non-vegetarian,,Fried,150,0,Synthetic_IFCT_schema,Synthetic_Variant
SYN05040,Pomegranate (boiled),Fruits,Scientific_79,81.7,347,1.7,1.2,18.7,,,0.3,,West India,Vegetarian,lunch,Fried,200,0,Synthetic_IFCT_schema,Synthetic_Variant
SYN05041,Pomegranate (fried),Fruits,,86.0,347,1.7,1.2,18.7,4.0,10,0.3,,West India,Veg,lunch,,,0,Synthetic_IFCT_schema,Synthetic_Variant
SYN05042,Ragi (Finger millet) (boiled),Cereals and Millets,Scientific_6,341.0,1373,7.3,1.5,66.8,3.6,344,3.9,0,South India,Vegetarian,Main Course,Boiled,N/A,0,Synthetic_IFCT_schema,Synthetic_Variant
SYN05043,Pomegranate (boiled),Fruits,,81.3,347,1.7,1.2,18.7,4.0,10,0.3,10,West India,non-vegetarian,,Roasted,100,0,Synthetic_IFCT_schema,Synthetic_Variant
SYN05044,"Tomato, raw (boiled)",Vegetables,,,75,0.9,0.2,3.9,1.2,13,,27,Pan India,Vegetarian,Dessert,Roasted,100,0,Synthetic_IFCT_schema,Synthetic_Variant
SYN05045,Pomegranate (fried),Fruits,Scientific_80,,347,1.7,1.2,18.7,4.0,10,0.3,10,West India,Vegetarian,lunch,Cooked,200,0,Synthetic_IFCT_schema,Synthetic_Variant
SYN05046,Pomegranate (roasted),Fruits,Scientific_80,,347,1.7,1.2,18.7,4.0,10,0.3,10,West India,Vegetarian,lunch,Cooked,200,0,Synthetic_IFCT_schema,Synthetic_Variant
SYN05047,Khandvi (fried),Composite Dishes,,122.8,544,4.5,4.8,18.0,1.2,,,,West India,Vegetarian,breakfast,Roasted,100,1,Synthetic_IFCT_schema,Synthetic_Variant
SYN05048,"Peanut, raw (raw)",Nuts and Oilseeds,Scientific_19,577.9,,25.8,49.2,16.1,8.5,92,4.6,0,West India,Non-Vegetarian,Dinner,Cooked,,0,Synthetic_IFCT_schema,Synthetic_Variant
SYN05049,Methi thepla (raw),Composite Dishes,,283.3,1193,7.5,12.0,38.0,3.0,,,,West India,Vegetarian,Beverage,Boiled,100,1,Synthetic_IFCT_schema,Synthetic_Variant
SYN05050,Pomegranate (steamed),Fruits,,87.5,347,1.7,1.2,18.7,4.0,10,0.3,10,West India,Vegetarian,Snack,Boiled,N/A,0,Synthetic_IFCT_schema,Synthetic_Variant
SYN05051,Ragi (Finger millet) (raw),Cereals and Millets,Scientific_6,321.7,1373,7.3,1.5,66.8,3.6,344,3.9,0,South India,Vegetarian,Main Course,Boiled,N/A,0,Synthetic_IFCT_schema,Synthetic_Variant
SYN05052,Pomegranate (raw),Fruits,,83.0,347,1.7,1.2,18.7,4.0,10,0.3,10,West India,Vegetarian,Dessert,Steamed,150,0,Synthetic_IFCT_schema,Synthetic_Variant
SYN05053,Rajma (Kidney beans) (boiled),Pulses and Legumes,,345.0,1448,22.9,1.5,60.6,6.4,260,7.0,4,North India,Vegetarian,Any,N/A,N/A,0,Synthetic_IFCT_schema,Synthetic_Variant
SYN05054,Pomegranate (boiled),Fruits,,84.4,347,1.7,1.2,18.7,4.0,,0.3,10,West India,Vegetarian,breakfast,,,0,Synthetic_IFCT_schema,Synthetic_Variant
SYN05055,Pomegranate (boiled),Fruits,,86.0,347,1.7,1.2,18.7,4.0,,0.3,10,West India,Vegetarian,Main Course,Grilled,,0,Synthetic_IFCT_schema,Synthetic_Variant
SYN05056,Pomegranate (fried),Fruits,,,347,1.7,1.2,18.7,4.0,10,0.3,,West India,Vegetarian,breakfast,Fried,,0,Synthetic_IFCT_schema,Synthetic_Variant
SYN05057,"Wheat flour, refined (raw)",Cereals and Millets,Scientific_3,322.1,1456,10.3,0.9,73.9,0.3,23,2.7,0,North India,Vegetarian,snack,,,0,Synthetic_IFCT_schema,Synthetic_Variant
SYN05058,Pomegranate (fried),Fruits,,85.8,347,1.7,1.2,18.7,4.0,10,0.3,10,Unknown,Vegetarian,Beverage,Steamed,N/A,0,Synthetic_IFCT_schema,Synthetic_Variant
SYN05059,"Wheat flour, refined (roasted)",Cereals and Millets,Scientific_3,374.1,1456,10.3,0.9,73.9,0.3,23,2.7,0,North India,Vegetarian,snack,,,0,Synthetic_IFCT_schema,Synthetic_Variant
SYN05060,Pomegranate (raw),Fruits,,,347,1.7,1.2,18.7,4.0,,0.3,10,West India,Vegetarian,Main Course,Steamed,200,0,Synthetic_IFCT_schema,Synthetic_Variant
SYN05061,Pomegranate (raw),Fruits,,83.0,347,1.7,1.2,18.7,4.0,,0.3,10,West India,Vegetarian,breakfast,,,0,Synthetic_IFCT_schema,Synthetic_Variant
SYN05062,"Tomato, raw (steamed)",Vegetables,,,75,0.9,0.2,3.9,1.2,13,,27,Pan India,Vegetarian,Dessert,Roasted,100,0,Synthetic_IFCT_schema,Synthetic_Variant
SYN05063,Pomegranate (raw),Fruits,,80.4,347,1.7,1.2,18.7,,10,0.3,10,Pan India,Vegetarian,Main Course,Fried,150,0,Synthetic_IFCT_schema,Synthetic_Variant
SYN05064,Jowar (Sorghum) (roasted),Cereals and Millets,Scientific_5,321.6,,10.4,1.9,72.6,1.6,25,,0,Unknown,Vegetarian,Main Course,Fried,,0,Synthetic_IFCT_schema,Synthetic_Variant
SYN05065,Methi thepla (raw),Composite Dishes,,285.6,1193,7.5,12.0,38.0,3.0,,,,West India,Vegetarian,Beverage,Boiled,100,1,Synthetic_IFCT_schema,Synthetic_Variant
SYN05066,Pomegranate (fried),Fruits,,81.6,347,1.7,1.2,18.7,4.0,,0.3,10,West India,Vegetarian,breakfast,,,0,Synthetic_IFCT_schema,Synthetic_Variant
SYN05067,Pomegranate (raw),Fruits,,,347,1.7,1.2,18.7,4.0,,0.3,10,West India,Vegetarian,Main Course,Steamed,200,0,Synthetic_IFCT_schema,Synthetic_Variant
SYN05068,Pomegranate (roasted),Fruits,,,347,1.7,1.2,18.7,4.0,10,0.3,,West India,Vegetarian,breakfast,Fried,,0,Synthetic_IFCT_schema,Synthetic_Variant
SYN05069,"Tofu, firm (fried)",Pulses and Legumes,,78.2,318,8.0,4.8,1.9,0.3,,,,West India,Vegetarian,Lunch,N/A,100,0,Synthetic_IFCT_schema,Synthetic_Variant
SYN05070,Pomegranate (fried),Fruits,Scientific_66,78.2,347,1.7,1.2,18.7,4.0,10,0.3,10,West India,Vegetarian,Dessert,Raw,200,0,Synthetic_IFCT_schema,Synthetic_Variant
SYN05071,"Toor dal, raw (roasted)",Pulses and Legumes,,338.3,,22.3,1.7,57.6,4.2,73,5.6,0,Pan India,Vegetarian,Dessert,Baked,100,0,Synthetic_IFCT_schema,Synthetic_Variant
SYN05072,Pomegranate (raw),Fruits,,89.2,347,1.7,1.2,18.7,4.0,10,0.3,10,West India,non-vegetarian,,Roasted,100,0,Synthetic_IFCT_schema,Synthetic_Variant
SYN05073,Pomegranate (roasted),Fruits,,83.7,347,1.7,1.2,18.7,4.0,,0.3,10,West India,Vegetarian,Main Course,Grilled,,0,Synthetic_IFCT_schema,Synthetic_Variant
SYN05074,Pomegranate (boiled),Fruits,Scientific_68,83.6,347,1.7,1.2,18.7,4.0,10,0.3,10,Northern,Veg,dinner,Steamed,N/A,0,Synthetic_IFCT_schema,Synthetic_Variant
SYN05075,Pomegranate (boiled),Fruits,,76.4,347,1.7,1.2,18.7,4.0,10,0.3,10,West India,Vegetarian,Snack,Boiled,N/A,0,Synthetic_IFCT_schema,Synthetic_Variant
SYN05076,Okra (Bhindi) (boiled),Vegetables,Scientific_26,32.1,138,2.1,0.2,7.0,2.5,82,0.8,21,Pan India,non-vegetarian,,Fried,150,0,Synthetic_IFCT_schema,Synthetic_Variant
SYN05077,Pomegranate (roasted),Fruits,Scientific_71,83.1,347,1.7,1.2,18.7,4.0,10,0.3,10,West India,Vegetarian,Breakfast,Fried,100,0,Synthetic_IFCT_schema,Synthetic_Variant
SYN05078,Pomegranate (boiled),Fruits,,86.2,347,1.7,1.2,18.7,4.0,,0.3,10,West India,Vegetarian,breakfast,,,0,Synthetic_IFCT_schema,Synthetic_Variant
SYN05079,"Peanut, raw (roasted)",Nuts and Oilseeds,Scientific_19,604.8,,25.8,49.2,16.1,8.5,92,4.6,0,West India,Non-Vegetarian,Dinner,Cooked,,0,Synthetic_IFCT_schema,Synthetic_Variant
SYN05080,Oats (raw),Cereals and Millets,,391.4,1628,16.9,6.9,66.3,,54,4.7,0,North India,Vegetarian,Breakfast,Cooked,100,0,Synthetic_IFCT_schema,Synthetic_Variant
SYN05081,Pomegranate (steamed),Fruits,Scientific_65,81.0,347,1.7,1.2,18.7,4.0,10,0.3,10,West India,Vegetarian,Main Course,Baked,N/A,0,Synthetic_IFCT_schema,Synthetic_Variant
SYN05082,Okra (Bhindi) (fried),Vegetables,Scientific_26,34.6,138,2.1,0.2,7.0,2.5,82,0.8,21,Pan India,non-vegetarian,,Fried,150,0,Synthetic_IFCT_schema,Synthetic_Variant
SYN05083,"Peanut, raw (raw)",Nuts and Oilseeds,Scientific_19,561.5,,25.8,49.2,16.1,8.5,92,4.6,0,West India,Non-Vegetarian,Dinner,Cooked,,0,Synthetic_IFCT_schema,Synthetic_Variant
SYN05084,"Rice, raw, milled (steamed)",Cereals and Millets,,,1448,6.8,0.5,78.2,0.2,10,0.7,,Pan India,Vegetarian,Breakfast,Baked,,0,Synthetic_IFCT_schema,Synthetic_Variant
SYN05085,Sattu (roasted gram flour) (raw),Cereals and Millets,,400.7,1700,22.5,7.0,64.0,1.8,,,,East India,Vegetarian,snack,Grilled,100,0,Synthetic_IFCT_schema,Synthetic_Variant
SYN05086,Machher jhol (boiled),Composite Dishes,,153.5,649,17.0,9.0,3.0,0.6,,,,East India,Non-Vegetarian,Dessert,Boiled,100,1,Synthetic_IFCT_schema,Synthetic_Variant
SYN05087,Pomegranate (roasted),Fruits,Scientific_53,77.0,347,1.7,1.2,18.7,4.0,10,0.3,10,West India,Vegetarian,Snack,Baked,100,0,Synthetic_IFCT_schema,Synthetic_Variant
SYN05088,Pomegranate (fried),Fruits,,89.5,347,1.7,1.2,18.7,4.0,10,0.3,10,West India,Vegetarian,Beverage,Steamed,,0,Synthetic_IFCT_schema,Synthetic_Variant
SYN05089,Pomegranate (roasted),Fruits,,78.4,347,1.7,1.2,18.7,4.0,10,0.3,10,West India,Vegetarian,Snack,Boiled,N/A,0,Synthetic_IFCT_schema,Synthetic_Variant
SYN05090,Bajra (Pearl millet) (raw),Cereals and Millets,,337.5,1519,11.6,5.0,67.5,1.2,42,8.0,0,West India,Vegetarian,Main Course,Cooked,150,0,Synthetic_IFCT_schema,Synthetic_Variant
SYN05091,"Masoor dal, raw (roasted)",Pulses and Legumes,,338.2,1435,25.1,0.9,59.0,3.5,68,7.6,1,Southern,Vegetarian,lunch,Grilled,100,0,Synthetic_IFCT_schema,Synthetic_Variant
SYN05092,Amla (Indian gooseberry) (raw),Fruits,,40.7,184,0.9,0.6,10.2,4.3,50,1.2,600,Western,Vegetarian,breakfast,Roasted,150,0,Synthetic_IFCT_schema,Synthetic_Variant
SYN05093,Maize flour (raw),Cereals and Millets,Scientific_7,331.1,1485,8.7,3.6,70.0,2.7,9,2.3,,Pan India,Vegetarian,Main Course,N/A,N/A,0,Synthetic_IFCT_schema,Synthetic_Variant
SYN05094,Semolina (Rava) (roasted),Cereals and Millets,,,1506,10.0,1.0,74.0,,16,4.7,0,Pan India,Veg,breakfast,Steamed,,0,Synthetic_IFCT_schema,Synthetic_Variant
SYN05095,Pomegranate (raw),Fruits,,80.5,347,1.7,1.2,18.7,4.0,10,0.3,10,West India,Vegetarian,Snack,Grilled,150,0,Synthetic_IFCT_schema,Synthetic_Variant
SYN05096,"Chana dal, raw (steamed)",Pulses and Legumes,Scientific_12,359.3,1556,20.8,5.6,59.8,,56,4.9,1,North India,Vegetarian,breakfast,Cooked,100,0,Synthetic_IFCT_schema,Synthetic_Variant
SYN05097,Bottle gourd (Lauki) (boiled),Vegetables,,13.2,59,0.6,0.1,3.4,0.5,26,0.5,10,Pan India,Vegetarian,Beverage,Fried,150,0,Synthetic_IFCT_schema,Synthetic_Variant
SYN05098,Pomegranate (steamed),Fruits,Scientific_53,77.5,347,1.7,1.2,18.7,4.0,10,0.3,10,West India,Vegetarian,Snack,Baked,100,0,Synthetic_IFCT_schema,Synthetic_Variant
SYN05099,Pomegranate (steamed),Fruits,Scientific_69,80.5,347,1.7,1.2,18.7,4.0,10,0.3,,West India,Vegetarian,Dinner,Fried,150,0,Synthetic_IFCT_schema,Synthetic_Variant
SYN05100,"Soybean, raw (boiled)",Pulses and Legumes,,400.7,1808,36.5,19.9,30.2,9.3,240,,,West India,Vegetarian,Any,Boiled,150,0,Synthetic_IFCT_schema,Synthetic_Variant
SYN05101,Pomegranate (roasted),Fruits,Scientific_59,81.7,347,1.7,1.2,18.7,4.0,10,0.3,10,West India,Vegetarian,Dessert,Steamed,150,0,Synthetic_IFCT_schema,Synthetic_Variant
SYN05102,Shrikhand (fried),Milk and Milk Products,,232.7,921,7.0,7.0,33.0,,,,,West India,Vegetarian,Dinner,Cooked,100,0,Synthetic_IFCT_schema,Synthetic_Variant
SYN05103,Pomegranate (fried),Fruits,Scientific_61,88.0,347,1.7,1.2,18.7,4.0,10,0.3,,West India,Vegetarian,Dessert,,100,0,Synthetic_IFCT_schema,Synthetic_Variant
SYN05104,"Onion, raw (boiled)",Vegetables,,39.0,167,1.1,0.1,9.3,1.7,23,0.4,7,Pan India,Vegetarian,lunch,Cooked,200,0,Synthetic_IFCT_schema,Synthetic_Variant
SYN05105,Puttu (raw),Composite Dishes,,170.0,733,3.5,1.2,38.0,1.5,,,,South India,Vegetarian,Main Course,,100,1,Synthetic_IFCT_schema,Synthetic_Variant
SYN05106,Pomegranate (raw),Fruits,Scientific_45,84.3,347,1.7,1.2,18.7,4.0,10,0.3,,West India,Veg,breakfast,Roasted,N/A,0,Synthetic_IFCT_schema,Synthetic_Variant
SYN05107,"Papaya, ripe (roasted)",Fruits,,45.4,180,0.5,0.1,10.8,1.7,20,0.1,62,South India,Vegetarian,snack,Fried,,0,Synthetic_IFCT_schema,Synthetic_Variant
SYN05108,Pomegranate (roasted),Fruits,Scientific_59,81.5,347,1.7,1.2,18.7,4.0,10,0.3,10,West India,Vegetarian,Dessert,Steamed,150,0,Synthetic_IFCT_schema,Synthetic_Variant
SYN05109,Pomegranate (steamed),Fruits,,79.5,347,1.7,1.2,18.7,4.0,,0.3,10,West India,Vegetarian,breakfast,,,0,Synthetic_IFCT_schema,Synthetic_Variant
SYN05110,Pomegranate (raw),Fruits,,84.5,347,1.7,1.2,18.7,4.0,10,0.3,10,West India,Vegetarian,Beverage,Steamed,,0,Synthetic_IFCT_schema,Synthetic_Variant
SYN05111,Pomegranate (steamed),Fruits,Scientific_80,,347,1.7,1.2,18.7,4.0,10,0.3,10,West India,Vegetarian,lunch,Cooked,200,0,Synthetic_IFCT_schema,Synthetic_Variant
SYN05112,"Moong dal, raw (fried)",Pulses and Legumes,,335.1,,24.0,1.3,59.9,4.1,75,6.7,7,Pan India,Vegetarian,,,,0,Synthetic_IFCT_schema,Synthetic_Variant
SYN05113,Pomegranate (fried),Fruits,,81.2,347,1.7,1.2,18.7,4.0,10,0.3,10,West India,Vegetarian,,Raw,N/A,0,Synthetic_IFCT_schema,Synthetic_Variant
SYN05114,Pomegranate (steamed),Fruits,Scientific_67,82.8,347,1.7,1.2,18.7,4.0,10,0.3,10,West India,Non-Vegetarian,lunch,Roasted,200,0,Synthetic_IFCT_schema,Synthetic_Variant
SYN05115,Pomegranate (boiled),Fruits,Scientific_47,81.3,,1.7,1.2,18.7,4.0,10,0.3,10,West India,Non-Veg,snack,Grilled,200,0,Synthetic_IFCT_schema,Synthetic_Variant
SYN05116,Machher jhol (boiled),Composite Dishes,,147.7,649,17.0,9.0,3.0,0.6,,,,East India,Non-Vegetarian,Dessert,Boiled,100,1,Synthetic_IFCT_schema,Synthetic_Variant
SYN05117,Pomegranate (raw),Fruits,,,347,1.7,1.2,18.7,4.0,10,0.3,,West India,Vegetarian,breakfast,Fried,,0,Synthetic_IFCT_schema,Synthetic_Variant
SYN05118,"Rice, cooked (fried)",Cereals and Millets,,137.4,544,2.7,0.3,28.2,,3,0.2,0,Pan India,non-vegetarian,Snack,Baked,100,0,Synthetic_IFCT_schema,Synthetic_Variant
SYN05119,Ragi (Finger millet) (steamed),Cereals and Millets,Scientific_6,333.4,1373,7.3,1.5,66.8,3.6,344,3.9,0,South India,Vegetarian,Main Course,Boiled,N/A,0,Synthetic_IFCT_schema,Synthetic_Variant
SYN05120,Pomegranate (boiled),Fruits,,84.5,347,1.7,1.2,18.7,4.0,10,0.3,10,East,Vegetarian,snack,Grilled,100,0,Synthetic_IFCT_schema,Synthetic_Variant
SYN05121,Banana (Cavendish) (raw),Fruits,Scientific_32,86.9,372,1.1,0.3,23.0,2.6,5,0.3,8,South India,Vegetarian,Dinner,,100,0,Synthetic_IFCT_schema,Synthetic_Variant
SYN05122,Pomegranate (steamed),Fruits,Scientific_73,89.2,347,1.7,1.2,18.7,4.0,10,0.3,10,West India,Vegetarian,snack,Cooked,100,0,Synthetic_IFCT_schema,Synthetic_Variant
SYN05123,Pomegranate (roasted),Fruits,,82.8,347,1.7,1.2,18.7,4.0,10,0.3,10,Unknown,Vegetarian,Beverage,Steamed,N/A,0,Synthetic_IFCT_schema,Synthetic_Variant
SYN05124,Pomegranate (fried),Fruits,,88.3,347,1.7,1.2,18.7,4.0,10,0.3,,West India,Veg,lunch,,,0,Synthetic_IFCT_schema,Synthetic_Variant
SYN05125,Okra (Bhindi) (roasted),Vegetables,Scientific_26,33.6,138,2.1,0.2,7.0,2.5,82,0.8,21,Pan India,non-vegetarian,,Fried,150,0,Synthetic_IFCT_schema,Synthetic_Variant
SYN05126,Puttu (fried),Composite Dishes,,180.1,733,3.5,1.2,38.0,1.5,,,,South India,Vegetarian,Main Course,,100,1,Synthetic_IFCT_schema,Synthetic_Variant
SYN05127,"Wheat flour, whole (raw)",Cereals and Millets,Scientific_2,318.3,1427,11.8,1.5,69.4,1.9,41,4.9,0,North India,Vegetarian,Beverage,Cooked,150,0,Synthetic_IFCT_schema,Synthetic_Variant
SYN05128,Okra (Bhindi) (roasted),Vegetables,Scientific_26,30.4,138,2.1,0.2,7.0,2.5,82,0.8,21,Pan India,non-vegetarian,,Fried,150,0,Synthetic_IFCT_schema,Synthetic_Variant
SYN05129,Banana (Cavendish) (fried),Fruits,Scientific_32,88.4,372,1.1,0.3,23.0,2.6,5,0.3,8,South India,Vegetarian,Dinner,,100,0,Synthetic_IFCT_schema,Synthetic_Variant
SYN05130,Banana (Cavendish) (boiled),Fruits,Scientific_32,93.2,372,1.1,0.3,23.0,2.6,5,0.3,8,South India,Vegetarian,Dinner,,100,0,Synthetic_IFCT_schema,Synthetic_Variant
SYN05131,Fenugreek leaves (Methi) (roasted),Vegetables,Scientific_28,47.2,205,4.4,0.9,6.0,1.1,,1.9,52,North India,Vegetarian,Dessert,Boiled,150,0,Synthetic_IFCT_schema,Synthetic_Variant
SYN05132,"Moong dal, raw (roasted)",Pulses and Legumes,,323.2,,24.0,1.3,59.9,4.1,75,6.7,7,Pan India,Vegetarian,,,,0,Synthetic_IFCT_schema,Synthetic_Variant
SYN05133,Pomegranate (roasted),Fruits,Scientific_53,79.7,347,1.7,1.2,18.7,4.0,10,0.3,10,West India,Vegetarian,Snack,Baked,100,0,Synthetic_IFCT_schema,Synthetic_Variant
SYN05134,"Tofu, firm (fried)",Pulses and Legumes,,72.3,318,8.0,4.8,1.9,0.3,,,,West India,Vegetarian,Lunch,N/A,100,0,Synthetic_IFCT_schema,Synthetic_Variant
SYN05135,"Moong dal, raw (boiled)",Pulses and Legumes,,319.3,,24.0,1.3,59.9,4.1,75,6.7,7,Pan India,Vegetarian,,,,0,Synthetic_IFCT_schema,Synthetic_Variant
SYN05136,Ragi (Finger millet) (fried),Cereals and Millets,Scientific_6,311.8,1373,7.3,1.5,66.8,3.6,344,3.9,0,South India,Vegetarian,Main Course,Boiled,N/A,0,Synthetic_IFCT_schema,Synthetic_Variant
SYN05137,Bamboo shoots (boiled),Vegetables,,25.9,113,2.6,0.3,5.2,2.2,,,,East India,Vegetarian,Dinner,Boiled,100,0,Synthetic_IFCT_schema,Synthetic_Variant
SYN05138,Pomegranate (boiled),Fruits,Scientific_62,80.1,347,1.7,1.2,18.7,4.0,10,0.3,10,West India,non-vegetarian,snack,Fried,,0,Synthetic_IFCT_schema,Synthetic_Variant
SYN05139,Pomegranate (roasted),Fruits,,82.6,347,1.7,1.2,18.7,4.0,10,0.3,10,East,Vegetarian,snack,Grilled,100,0,Synthetic_IFCT_schema,Synthetic_Variant
SYN05140,Pomegranate (roasted),Fruits,Scientific_68,82.3,347,1.7,1.2,18.7,4.0,10,0.3,10,Northern,Veg,dinner,Steamed,N/A,0,Synthetic_IFCT_schema,Synthetic_Variant
SYN05141,"Soybean, raw (steamed)",Pulses and Legumes,,444.5,1808,36.5,19.9,30.2,9.3,240,,,West India,Vegetarian,Any,Boiled,150,0,Synthetic_IFCT_schema,Synthetic_Variant
SYN05142,"Soya chunks, raw (fried)",Pulses and Legumes,,323.2,1444,52.0,0.5,33.0,13.0,,,,Pan India,Vegetarian,snack,Baked,100,0,Synthetic_IFCT_schema,Synthetic_Variant
SYN05143,"Masoor dal, raw (steamed)",Pulses and Legumes,,343.8,1435,25.1,0.9,59.0,3.5,68,7.6,1,Southern,Vegetarian,lunch,Grilled,100,0,Synthetic_IFCT_schema,Synthetic_Variant
SYN05144,Fenugreek leaves (Methi) (raw),Vegetables,Scientific_28,50.2,205,4.4,0.9,6.0,1.1,,1.9,52,North India,Vegetarian,Dessert,Boiled,150,0,Synthetic_IFCT_schema,Synthetic_Variant
SYN05145,"Onion, raw (roasted)",Vegetables,,40.7,167,1.1,0.1,9.3,1.7,23,0.4,7,Pan India,Vegetarian,lunch,Cooked,200,0,Synthetic_IFCT_schema,Synthetic_Variant
SYN05146,Pomegranate (fried),Fruits,,82.8,347,1.7,1.2,18.7,4.0,10,0.3,,West India,Veg,lunch,,,0,Synthetic_IFCT_schema,Synthetic_Variant
SYN05147,"Jackfruit, raw (boiled)",Fruits,,101.1,398,1.7,0.6,23.2,1.5,,,,South India,Vegetarian,Any,Baked,100,0,Synthetic_IFCT_schema,Synthetic_Variant
SYN05148,Pomegranate (boiled),Fruits,,88.6,347,1.7,1.2,18.7,4.0,10,0.3,,West India,Veg,lunch,,,0,Synthetic_IFCT_schema,Synthetic_Variant
SYN05149,Pomegranate (steamed),Fruits,Scientific_80,,347,1.7,1.2,18.7,4.0,10,0.3,10,West India,Vegetarian,lunch,Cooked,200,0,Synthetic_IFCT_schema,Synthetic_Variant
SYN05150,Bajra (Pearl millet) (fried),Cereals and Millets,,383.1,1519,11.6,5.0,67.5,1.2,42,8.0,0,West India,Vegetarian,Main Course,Cooked,150,0,Synthetic_IFCT_schema,Synthetic_Variant
SYN05151,Pomegranate (boiled),Fruits,,,347,1.7,1.2,18.7,4.0,10,0.3,,West India,Vegetarian,breakfast,Fried,,0,Synthetic_IFCT_schema,Synthetic_Variant
SYN05152,Pomegranate (fried),Fruits,Scientific_79,83.7,347,1.7,1.2,18.7,,,0.3,,West India,Vegetarian,lunch,Fried,200,0,Synthetic_IFCT_schema,Synthetic_Variant
SYN05153,Pomegranate (fried),Fruits,,82.8,347,1.7,1.2,18.7,4.0,10,0.3,10,West India,Vegetarian,breakfast,,100,0,Synthetic_IFCT_schema,Synthetic_Variant
SYN05154,Pomegranate (fried),Fruits,,81.2,347,1.7,1.2,18.7,4.0,10,0.3,10,West India,Vegetarian,,Raw,N/A,0,Synthetic_IFCT_schema,Synthetic_Variant
SYN05155,Pomegranate (roasted),Fruits,,79.3,347,1.7,1.2,18.7,,10,0.3,10,Pan India,Vegetarian,Main Course,Fried,150,0,Synthetic_IFCT_schema,Synthetic_Variant
SYN05156,Khandvi (fried),Composite Dishes,,131.8,544,4.5,4.8,18.0,1.2,,,,West India,Vegetarian,breakfast,Roasted,100,1,Synthetic_IFCT_schema,Synthetic_Variant
SYN05157,Pomegranate (boiled),Fruits,Scientific_70,,347,1.7,1.2,18.7,,10,0.3,10,West India,Veg,Main Course,Baked,200,0,Synthetic_IFCT_schema,Synthetic_Variant
SYN05158,Pomegranate (steamed),Fruits,,77.1,347,1.7,1.2,18.7,4.0,10,0.3,10,West India,Vegetarian,Lunch,Steamed,100,0,Synthetic_IFCT_schema,Synthetic_Variant
SYN05159,Rajma (Kidney beans) (raw),Pulses and Legumes,,371.2,1448,22.9,1.5,60.6,6.4,260,7.0,4,North India,Vegetarian,Any,N/A,N/A,0,Synthetic_IFCT_schema,Synthetic_Variant
SYN05160,Pomegranate (steamed),Fruits,,80.9,347,1.7,1.2,18.7,4.0,10,0.3,10,West India,Vegetarian,Dessert,Steamed,150,0,Synthetic_IFCT_schema,Synthetic_Variant
SYN05161,"Rice, raw, milled (raw)",Cereals and Millets,,,1448,6.8,0.5,78.2,0.2,10,0.7,,Pan India,Vegetarian,Breakfast,Baked,,0,Synthetic_IFCT_schema,Synthetic_Variant
SYN05162,Pomegranate (raw),Fruits,Scientific_63,86.6,347,1.7,1.2,18.7,4.0,10,0.3,10,West India,Vegetarian,Any,Baked,N/A,0,Synthetic_IFCT_schema,Synthetic_Variant
SYN05163,Pomegranate (steamed),Fruits,,,347,1.7,1.2,18.7,4.0,10,0.3,,West India,Vegetarian,breakfast,Fried,,0,Synthetic_IFCT_schema,Synthetic_Variant
SYN05164,"Mango, ripe (Alphonso) (fried)",Fruits,Scientific_31,69.9,293,0.6,0.4,17.0,1.6,10,0.3,36,West India,Vegetarian,Lunch,N/A,N/A,0,Synthetic_IFCT_schema,Synthetic_Variant
SYN05165,Pomegranate (boiled),Fruits,,78.6,347,1.7,1.2,18.7,4.0,10,0.3,10,West India,Vegetarian,Dessert,N/A,100,0,Synthetic_IFCT_schema,Synthetic_Variant
SYN05166,"Tofu, firm (steamed)",Pulses and Legumes,,70.9,318,8.0,4.8,1.9,0.3,,,,West India,Vegetarian,Lunch,N/A,100,0,Synthetic_IFCT_schema,Synthetic_Variant
SYN05167,Pomegranate (steamed),Fruits,,76.6,,1.7,1.2,18.7,4.0,10,0.3,10,West India,Vegetarian,Dessert,Baked,150,0,Synthetic_IFCT_schema,Synthetic_Variant
SYN05168,Pomegranate (boiled),Fruits,,,347,1.7,1.2,18.7,4.0,,0.3,10,West India,Vegetarian,Main Course,Steamed,200,0,Synthetic_IFCT_schema,Synthetic_Variant
SYN05169,Pomegranate (fried),Fruits,Scientific_71,83.7,347,1.7,1.2,18.7,4.0,10,0.3,10,West India,Vegetarian,Breakfast,Fried,100,0,Synthetic_IFCT_schema,Synthetic_Variant
SYN05170,Pomegranate (fried),Fruits,,77.7,347,1.7,1.2,18.7,4.0,10,0.3,,West India,Veg,lunch,,,0,Synthetic_IFCT_schema,Synthetic_Variant
SYN05171,Pomegranate (raw),Fruits,Scientific_40,86.3,347,1.7,1.2,18.7,4.0,10,0.3,10,West India,Vegetarian,Any,Cooked,N/A,0,Synthetic_IFCT_schema,Synthetic_Variant
SYN05172,"Chana dal, raw (roasted)",Pulses and Legumes,Scientific_12,368.3,1556,20.8,5.6,59.8,,56,4.9,1,North India,Vegetarian,breakfast,Cooked,100,0,Synthetic_IFCT_schema,Synthetic_Variant
SYN05173,Pomegranate (boiled),Fruits,,,347,1.7,1.2,18.7,4.0,,0.3,10,West India,Vegetarian,Main Course,Steamed,200,0,Synthetic_IFCT_schema,Synthetic_Variant
SYN05174,Bitter gourd (Karela) (roasted),Vegetables,Scientific_27,17.5,,1.0,0.2,3.4,2.8,20,0.6,84,Pan India,Vegetarian,snack,,,0,Synthetic_IFCT_schema,Synthetic_Variant
SYN05175,Pomegranate (raw),Fruits,,86.8,347,1.7,1.2,18.7,4.0,10,0.3,10,West India,Vegetarian,Snack,Boiled,N/A,0,Synthetic_IFCT_schema,Synthetic_Variant
SYN05176,"Onion, raw (roasted)",Vegetables,,39.1,167,1.1,0.1,9.3,1.7,23,0.4,7,Pan India,Vegetarian,lunch,Cooked,200,0,Synthetic_IFCT_schema,Synthetic_Variant
SYN05177,Ragi (Finger millet) (raw),Cereals and Millets,Scientific_6,305.7,1373,7.3,1.5,66.8,3.6,344,3.9,0,South India,Vegetarian,Main Course,Boiled,N/A,0,Synthetic_IFCT_schema,Synthetic_Variant
SYN05178,Avial (fried),Composite Dishes,,122.3,481,2.8,6.5,12.0,3.0,,,,South India,Vegetarian,lunch,,100,1,Synthetic_IFCT_schema,Synthetic_Variant
SYN05179,"Papaya, ripe (boiled)",Fruits,,42.6,180,0.5,0.1,10.8,1.7,20,0.1,62,South India,Vegetarian,snack,Fried,,0,Synthetic_IFCT_schema,Synthetic_Variant
SYN05180,Pomegranate (roasted),Fruits,Scientific_65,79.3,347,1.7,1.2,18.7,4.0,10,0.3,10,West India,Vegetarian,Main Course,Baked,N/A,0,Synthetic_IFCT_schema,Synthetic_Variant
SYN05181,Pomegranate (steamed),Fruits,,82.7,347,1.7,1.2,18.7,,10,0.3,10,Pan India,Vegetarian,Main Course,Fried,150,0,Synthetic_IFCT_schema,Synthetic_Variant
SYN05182,Maize flour (fried),Cereals and Millets,Scientific_7,380.0,1485,8.7,3.6,70.0,2.7,9,2.3,,Pan India,Vegetarian,Main Course,N/A,N/A,0,Synthetic_IFCT_schema,Synthetic_Variant
SYN05183,"Spinach (Palak), raw (steamed)",Vegetables,Scientific_23,,96,2.0,0.3,3.5,,99,1.8,28,Pan India,Vegetarian,breakfast,Fried,200,0,Synthetic_IFCT_schema,Synthetic_Variant
SYN05184,"Toor dal, raw (steamed)",Pulses and Legumes,,330.2,,22.3,1.7,57.6,4.2,73,5.6,0,Pan India,Vegetarian,Dessert,Baked,100,0,Synthetic_IFCT_schema,Synthetic_Variant
SYN05185,Pomegranate (fried),Fruits,Scientific_50,76.4,347,1.7,1.2,18.7,4.0,10,0.3,,North India,Veg,Beverage,Steamed,100,0,Synthetic_IFCT_schema,Synthetic_Variant
SYN05186,Pomegranate (roasted),Fruits,,78.9,347,1.7,1.2,18.7,4.0,10,0.3,10,Unknown,Vegetarian,Beverage,Steamed,N/A,0,Synthetic_IFCT_schema,Synthetic_Variant
SYN05187,Pomegranate (fried),Fruits,,78.0,347,1.7,1.2,18.7,4.0,10,0.3,10,West India,Vegetarian,Snack,Grilled,150,0,Synthetic_IFCT_schema,Synthetic_Variant
SYN05188,"Wheat flour, whole (raw)",Cereals and Millets,Scientific_2,353.0,1427,11.8,1.5,69.4,1.9,41,4.9,0,North India,Vegetarian,Beverage,Cooked,150,0,Synthetic_IFCT_schema,Synthetic_Variant
SYN05189,Pomegranate (boiled),Fruits,Scientific_71,86.8,347,1.7,1.2,18.7,4.0,10,0.3,10,West India,Vegetarian,Breakfast,Fried,100,0,Synthetic_IFCT_schema,Synthetic_Variant
SYN05190,Ragi (Finger millet) (fried),Cereals and Millets,Scientific_6,332.4,1373,7.3,1.5,66.8,3.6,344,3.9,0,South India,Vegetarian,Main Course,Boiled,N/A,0,Synthetic_IFCT_schema,Synthetic_Variant
SYN05191,Sabudana (Tapioca pearls) (boiled),Cereals and Millets,,327.4,1469,0.2,0.2,88.7,0.9,,,,West India,Vegetarian,Dinner,Steamed,100,0,Synthetic_IFCT_schema,Synthetic_Variant
SYN05192,Oats (roasted),Cereals and Millets,,403.8,1628,16.9,6.9,66.3,,54,4.7,0,North India,Vegetarian,Breakfast,Cooked,100,0,Synthetic_IFCT_schema,Synthetic_Variant
SYN05193,Pomegranate (boiled),Fruits,,82.5,347,1.7,1.2,18.7,4.0,10,0.3,10,West India,Vegetarian,,Raw,N/A,0,Synthetic_IFCT_schema,Synthetic_Variant
SYN05194,Pomegranate (steamed),Fruits,,83.8,347,1.7,1.2,18.7,4.0,10,0.3,,West India,Vegetarian,Snack,Baked,200,0,Synthetic_IFCT_schema,Synthetic_Variant
SYN05195,"Tofu, firm (fried)",Pulses and Legumes,,79.8,318,8.0,4.8,1.9,0.3,,,,West India,Vegetarian,Lunch,N/A,100,0,Synthetic_IFCT_schema,Synthetic_Variant
SYN05196,Guava (boiled),Fruits,,69.9,285,2.6,1.0,14.3,5.4,18,,228,Maharashtra,Vegetarian,Snack,Baked,N/A,0,Synthetic_IFCT_schema,Synthetic_Variant
SYN05197,"Rice, raw, milled (boiled)",Cereals and Millets,,,1448,6.8,0.5,78.2,0.2,10,0.7,,Pan India,Vegetarian,Breakfast,Baked,,0,Synthetic_IFCT_schema,Synthetic_Variant
SYN05198,Pomegranate (boiled),Fruits,,,347,1.7,1.2,18.7,4.0,10,0.3,10,North,Vegetarian,Snack,Roasted,,0,Synthetic_IFCT_schema,Synthetic_Variant
SYN05199,Pomegranate (raw),Fruits,Scientific_59,82.8,347,1.7,1.2,18.7,4.0,10,0.3,10,West India,Vegetarian,Dessert,Steamed,150,0,Synthetic_IFCT_schema,Synthetic_Variant
SYN05200,Jowar (Sorghum) (boiled),Cereals and Millets,Scientific_5,373.1,,10.4,1.9,72.6,1.6,25,,0,Unknown,Vegetarian,Main Course,Fried,,0,Synthetic_IFCT_schema,Synthetic_Variant
SYN05201,"Peanut, raw (boiled)",Nuts and Oilseeds,Scientific_19,604.3,,25.8,49.2,16.1,8.5,92,4.6,0,West India,Non-Vegetarian,Dinner,Cooked,,0,Synthetic_IFCT_schema,Synthetic_Variant
SYN05202,Appam (raw),Composite Dishes,,113.5,502,2.5,2.8,22.0,0.5,,,,South India,Vegetarian,Beverage,N/A,100,1,Synthetic_IFCT_schema,Synthetic_Variant
SYN05203,"Toor dal, raw (steamed)",Pulses and Legumes,,347.7,,22.3,1.7,57.6,4.2,73,5.6,0,Pan India,Vegetarian,Dessert,Baked,100,0,Synthetic_IFCT_schema,Synthetic_Variant
SYN05204,Methi thepla (raw),Composite Dishes,,290.9,1193,7.5,12.0,38.0,3.0,,,,West India,Vegetarian,Beverage,Boiled,100,1,Synthetic_IFCT_schema,Synthetic_Variant
SYN05205,Pomegranate (raw),Fruits,Scientific_80,,347,1.7,1.2,18.7,4.0,10,0.3,10,West India,Vegetarian,lunch,Cooked,200,0,Synthetic_IFCT_schema,Synthetic_Variant
SYN05206,"Wheat flour, refined (fried)",Cereals and Millets,Scientific_3,333.7,1456,10.3,0.9,73.9,0.3,23,2.7,0,North India,Vegetarian,snack,,,0,Synthetic_IFCT_schema,Synthetic_Variant
SYN05207,Watermelon (fried),Fruits,,27.7,125,0.6,0.2,7.6,0.4,7,,8,Pan India,Vegetarian,Breakfast,,200,0,Synthetic_IFCT_schema,Synthetic_Variant
SYN05208,Bamboo shoots (raw),Vegetables,,27.0,113,2.6,0.3,5.2,2.2,,,,East India,Vegetarian,Dinner,Boiled,100,0,Synthetic_IFCT_schema,Synthetic_Variant
SYN05209,"Coconut, fresh (raw)",Nuts and Oilseeds,Scientific_30,335.5,1482,3.3,33.5,15.2,9.0,14,1.9,3,South India,Vegetarian,Lunch,,200,0,Synthetic_IFCT_schema,Synthetic_Variant
SYN05210,Bajra (Pearl millet) (roasted),Cereals and Millets,,381.9,1519,11.6,5.0,67.5,1.2,42,8.0,0,West India,Vegetarian,Main Course,Cooked,150,0,Synthetic_IFCT_schema,Synthetic_Variant
SYN05211,"Chana dal, raw (raw)",Pulses and Legumes,Scientific_12,362.8,1556,20.8,5.6,59.8,,56,4.9,1,North India,Vegetarian,breakfast,Cooked,100,0,Synthetic_IFCT_schema,Synthetic_Variant
SYN05212,"Soybean, raw (steamed)",Pulses and Legumes,,432.7,1808,36.5,19.9,30.2,9.3,240,,,West India,Vegetarian,Any,Boiled,150,0,Synthetic_IFCT_schema,Synthetic_Variant
SYN05213,Pomegranate (steamed),Fruits,Scientific_45,79.2,347,1.7,1.2,18.7,4.0,10,0.3,,West India,Veg,breakfast,Roasted,N/A,0,Synthetic_IFCT_schema,Synthetic_Variant
SYN05214,"Tofu, firm (fried)",Pulses and Legumes,,74.0,318,8.0,4.8,1.9,0.3,,,,West India,Vegetarian,Lunch,N/A,100,0,Synthetic_IFCT_schema,Synthetic_Variant
SYN05215,Pomegranate (fried),Fruits,,79.8,347,1.7,1.2,18.7,4.0,,0.3,10,West India,Vegetarian,Main Course,Grilled,,0,Synthetic_IFCT_schema,Synthetic_Variant
SYN05216,"Rice, raw, milled (raw)",Cereals and Millets,,,1448,6.8,0.5,78.2,0.2,10,0.7,,Pan India,Vegetarian,Breakfast,Baked,,0,Synthetic_IFCT_schema,Synthetic_Variant
SYN05217,Bamboo shoots (boiled),Vegetables,,28.4,113,2.6,0.3,5.2,2.2,,,,East India,Vegetarian,Dinner,Boiled,100,0,Synthetic_IFCT_schema,Synthetic_Variant
SYN05218,Guava (raw),Fruits,,73.3,285,2.6,1.0,14.3,5.4,18,,228,Maharashtra,Vegetarian,Snack,Baked,N/A,0,Synthetic_IFCT_schema,Synthetic_Variant
SYN05219,Pomegranate (boiled),Fruits,,76.4,347,1.7,1.2,18.7,4.0,10,0.3,10,East,Vegetarian,snack,Grilled,100,0,Synthetic_IFCT_schema,Synthetic_Variant
SYN05220,Pomegranate (steamed),Fruits,Scientific_73,86.8,347,1.7,1.2,18.7,4.0,10,0.3,10,West India,Vegetarian,snack,Cooked,100,0,Synthetic_IFCT_schema,Synthetic_Variant
SYN05221,"Tomato, raw (steamed)",Vegetables,,,75,0.9,0.2,3.9,1.2,13,,27,Pan India,Vegetarian,Dessert,Roasted,100,0,Synthetic_IFCT_schema,Synthetic_Variant
SYN05222,Pomegranate (raw),Fruits,Scientific_63,82.0,347,1.7,1.2,18.7,4.0,10,0.3,10,West India,Vegetarian,Any,Baked,N/A,0,Synthetic_IFCT_schema,Synthetic_Variant
SYN05223,Pomegranate (raw),Fruits,Scientific_40,81.6,347,1.7,1.2,18.7,4.0,10,0.3,10,West India,Vegetarian,Any,Cooked,N/A,0,Synthetic_IFCT_schema,Synthetic_Variant
SYN05224,"Chana dal, raw (boiled)",Pulses and Legumes,Scientific_12,384.9,1556,20.8,5.6,59.8,,56,4.9,1,North India,Vegetarian,breakfast,Cooked,100,0,Synthetic_IFCT_schema,Synthetic_Variant
SYN05225,Pomegranate (boiled),Fruits,Scientific_53,79.9,347,1.7,1.2,18.7,4.0,10,0.3,10,West India,Vegetarian,Snack,Baked,100,0,Synthetic_IFCT_schema,Synthetic_Variant
SYN05226,Pomegranate (steamed),Fruits,Scientific_73,76.4,347,1.7,1.2,18.7,4.0,10,0.3,10,West India,Vegetarian,snack,Cooked,100,0,Synthetic_IFCT_schema,Synthetic_Variant
SYN05227,"Wheat flour, whole (boiled)",Cereals and Millets,Scientific_2,322.4,1427,11.8,1.5,69.4,1.9,41,4.9,0,North India,Vegetarian,Beverage,Cooked,150,0,Synthetic_IFCT_schema,Synthetic_Variant
SYN05228,Pomegranate (boiled),Fruits,,78.0,347,1.7,1.2,18.7,4.0,10,0.3,10,West India,Vegetarian,Snack,Boiled,N/A,0,Synthetic_IFCT_schema,Synthetic_Variant
SYN05229,Pomegranate (roasted),Fruits,Scientific_53,86.2,347,1.7,1.2,18.7,4.0,10,0.3,10,West India,Vegetarian,Snack,Baked,100,0,Synthetic_IFCT_schema,Synthetic_Variant
SYN05230,"Peanut, raw (raw)",Nuts and Oilseeds,Scientific_19,554.7,,25.8,49.2,16.1,8.5,92,4.6,0,West India,Non-Vegetarian,Dinner,Cooked,,0,Synthetic_IFCT_schema,Synthetic_Variant
SYN05231,Pomegranate (steamed),Fruits,Scientific_66,86.0,347,1.7,1.2,18.7,4.0,10,0.3,10,West India,Vegetarian,Dessert,Raw,200,0,Synthetic_IFCT_schema,Synthetic_Variant
SYN05232,"Onion, raw (steamed)",Vegetables,,37.2,167,1.1,0.1,9.3,1.7,23,0.4,7,Pan India,Vegetarian,lunch,Cooked,200,0,Synthetic_IFCT_schema,Synthetic_Variant
SYN05233,Pomegranate (steamed),Fruits,Scientific_50,76.9,347,1.7,1.2,18.7,4.0,10,0.3,,North India,Veg,Beverage,Steamed,100,0,Synthetic_IFCT_schema,Synthetic_Variant
SYN05234,Maize flour (boiled),Cereals and Millets,Scientific_7,345.1,1485,8.7,3.6,70.0,2.7,9,2.3,,Pan India,Vegetarian,Main Course,N/A,N/A,0,Synthetic_IFCT_schema,Synthetic_Variant
SYN05235,Dhokla (boiled),Composite Dishes,,78.4,318,3.5,1.5,12.0,0.8,,,,West India,Vegetarian,Breakfast,N/A,100,1,Synthetic_IFCT_schema,Synthetic_Variant
SYN05236,"Spinach (Palak), raw (raw)",Vegetables,Scientific_23,,96,2.0,0.3,3.5,,99,1.8,28,Pan India,Vegetarian,breakfast,Fried,200,0,Synthetic_IFCT_schema,Synthetic_Variant
SYN05237,Bamboo shoots (boiled),Vegetables,,28.9,113,2.6,0.3,5.2,2.2,,,,East India,Vegetarian,Dinner,Boiled,100,0,Synthetic_IFCT_schema,Synthetic_Variant
SYN05238,Pomegranate (boiled),Fruits,,81.0,347,1.7,1.2,18.7,4.0,10,0.3,10,West India,Vegetarian,Beverage,Steamed,,0,Synthetic_IFCT_schema,Synthetic_Variant
SYN05239,Pomegranate (fried),Fruits,,,347,1.7,1.2,18.7,4.0,,0.3,10,West India,Vegetarian,Main Course,Steamed,200,0,Synthetic_IFCT_schema,Synthetic_Variant
SYN05240,"Tomato, raw (boiled)",Vegetables,,,75,0.9,0.2,3.9,1.2,13,,27,Pan India,Vegetarian,Dessert,Roasted,100,0,Synthetic_IFCT_schema,Synthetic_Variant
SYN05241,"Tomato, raw (steamed)",Vegetables,,,75,0.9,0.2,3.9,1.2,13,,27,Pan India,Vegetarian,Dessert,Roasted,100,0,Synthetic_IFCT_schema,Synthetic_Variant
SYN05242,Pomegranate (raw),Fruits,Scientific_63,78.3,347,1.7,1.2,18.7,4.0,10,0.3,10,West India,Vegetarian,Any,Baked,N/A,0,Synthetic_IFCT_schema,Synthetic_Variant
SYN05243,Pomegranate (roasted),Fruits,Scientific_62,76.8,347,1.7,1.2,18.7,4.0,10,0.3,10,West India,non-vegetarian,snack,Fried,,0,Synthetic_IFCT_schema,Synthetic_Variant
SYN05244,Pomegranate (steamed),Fruits,,87.2,347,1.7,1.2,18.7,4.0,10,0.3,10,West India,Vegetarian,Breakfast,N/A,,0,Synthetic_IFCT_schema,Synthetic_Variant
SYN05245,Jowar (Sorghum) (boiled),Cereals and Millets,Scientific_5,363.1,,10.4,1.9,72.6,1.6,25,,0,Unknown,Vegetarian,Main Course,Fried,,0,Synthetic_IFCT_schema,Synthetic_Variant
SYN05246,Pomegranate (raw),Fruits,,,347,1.7,1.2,18.7,4.0,10,0.3,10,North,Vegetarian,Snack,Roasted,,0,Synthetic_IFCT_schema,Synthetic_Variant
SYN05247,Pomegranate (raw),Fruits,Scientific_63,85.8,347,1.7,1.2,18.7,4.0,10,0.3,10,West India,Vegetarian,Any,Baked,N/A,0,Synthetic_IFCT_schema,Synthetic_Variant
SYN05248,Pomegranate (fried),Fruits,Scientific_80,,347,1.7,1.2,18.7,4.0,10,0.3,10,West India,Vegetarian,lunch,Cooked,200,0,Synthetic_IFCT_schema,Synthetic_Variant
SYN05249,Brinjal (Eggplant) (boiled),Vegetables,,23.2,105,1.4,0.3,5.5,3.4,18,0.3,2,Pan India,Vegetarian,lunch,Steamed,100,0,Synthetic_IFCT_schema,Synthetic_Variant
SYN05250,Maize flour (raw),Cereals and Millets,Scientific_7,380.1,1485,8.7,3.6,70.0,2.7,9,2.3,,Pan India,Vegetarian,Main Course,N/A,N/A,0,Synthetic_IFCT_schema,Synthetic_Variant
SYN05251,Pomegranate (fried),Fruits,,83.4,347,1.7,1.2,18.7,4.0,10,0.3,10,East,Vegetarian,snack,Grilled,100,0,Synthetic_IFCT_schema,Synthetic_Variant
SYN05252,Pomegranate (boiled),Fruits,Scientific_69,81.5,347,1.7,1.2,18.7,4.0,10,0.3,,West India,Vegetarian,Dinner,Fried,150,0,Synthetic_IFCT_schema,Synthetic_Variant
SYN05253,Pomegranate (steamed),Fruits,Scientific_65,86.5,347,1.7,1.2,18.7,4.0,10,0.3,10,West India,Vegetarian,Main Course,Baked,N/A,0,Synthetic_IFCT_schema,Synthetic_Variant
SYN05254,"Chana dal, raw (roasted)",Pulses and Legumes,Scientific_12,356.0,1556,20.8,5.6,59.8,,56,4.9,1,North India,Vegetarian,breakfast,Cooked,100,0,Synthetic_IFCT_schema,Synthetic_Variant
SYN05255,Pomegranate (roasted),Fruits,,85.0,347,1.7,1.2,18.7,4.0,,0.3,10,West India,Vegetarian,breakfast,,,0,Synthetic_IFCT_schema,Synthetic_Variant
SYN05256,Pomegranate (raw),Fruits,,76.6,347,1.7,1.2,18.7,4.0,10,0.3,10,West India,Vegetarian,Breakfast,N/A,,0,Synthetic_IFCT_schema,Synthetic_Variant
SYN05257,Jowar (Sorghum) (steamed),Cereals and Millets,Scientific_5,361.8,,10.4,1.9,72.6,1.6,25,,0,Unknown,Vegetarian,Main Course,Fried,,0,Synthetic_IFCT_schema,Synthetic_Variant
SYN05258,Pomegranate (roasted),Fruits,,78.1,347,1.7,1.2,18.7,,10,0.3,10,Pan India,Vegetarian,Main Course,Fried,150,0,Synthetic_IFCT_schema,Synthetic_Variant
SYN05259,Maize flour (roasted),Cereals and Millets,Scientific_7,332.2,1485,8.7,3.6,70.0,2.7,9,2.3,,Pan India,Vegetarian,Main Course,N/A,N/A,0,Synthetic_IFCT_schema,Synthetic_Variant
SYN05260,Pomegranate (roasted),Fruits,,82.6,347,1.7,1.2,18.7,4.0,10,0.3,10,West India,Vegetarian,breakfast,,100,0,Synthetic_IFCT_schema,Synthetic_Variant
SYN05261,Sabudana (Tapioca pearls) (steamed),Cereals and Millets,,332.8,1469,0.2,0.2,88.7,0.9,,,,West India,Vegetarian,Dinner,Steamed,100,0,Synthetic_IFCT_schema,Synthetic_Variant
SYN05262,Pomegranate (fried),Fruits,,76.4,347,1.7,1.2,18.7,4.0,10,0.3,10,West India,Vegetarian,Dessert,N/A,100,0,Synthetic_IFCT_schema,Synthetic_Variant
SYN05263,Khandvi (fried),Composite Dishes,,133.8,544,4.5,4.8,18.0,1.2,,,,West India,Vegetarian,breakfast,Roasted,100,1,Synthetic_IFCT_schema,Synthetic_Variant
SYN05264,Amla (Indian gooseberry) (raw),Fruits,,47.2,184,0.9,0.6,10.2,4.3,50,1.2,600,Western,Vegetarian,breakfast,Roasted,150,0,Synthetic_IFCT_schema,Synthetic_Variant
SYN05265,"Chana dal, raw (roasted)",Pulses and Legumes,Scientific_12,371.7,1556,20.8,5.6,59.8,,56,4.9,1,North India,Vegetarian,breakfast,Cooked,100,0,Synthetic_IFCT_schema,Synthetic_Variant
SYN05266,"Peanut, raw (fried)",Nuts and Oilseeds,Scientific_19,524.0,,25.8,49.2,16.1,8.5,92,4.6,0,West India,Non-Vegetarian,Dinner,Cooked,,0,Synthetic_IFCT_schema,Synthetic_Variant
SYN05267,Maize flour (roasted),Cereals and Millets,Scientific_7,381.3,1485,8.7,3.6,70.0,2.7,9,2.3,,Pan India,Vegetarian,Main Course,N/A,N/A,0,Synthetic_IFCT_schema,Synthetic_Variant
SYN05268,Pomegranate (fried),Fruits,Scientific_63,81.3,347,1.7,1.2,18.7,4.0,10,0.3,10,West India,Vegetarian,Any,Baked,N/A,0,Synthetic_IFCT_schema,Synthetic_Variant
SYN05269,Pomegranate (fried),Fruits,Scientific_71,76.7,347,1.7,1.2,18.7,4.0,10,0.3,10,West India,Vegetarian,Breakfast,Fried,100,0,Synthetic_IFCT_schema,Synthetic_Variant
SYN05270,Pomegranate (roasted),Fruits,Scientific_69,80.0,347,1.7,1.2,18.7,4.0,10,0.3,,West India,Vegetarian,Dinner,Fried,150,0,Synthetic_IFCT_schema,Synthetic_Variant
SYN05271,Khandvi (fried),Composite Dishes,,129.7,544,4.5,4.8,18.0,1.2,,,,West India,Vegetarian,breakfast,Roasted,100,1,Synthetic_IFCT_schema,Synthetic_Variant
SYN05272,Pomegranate (boiled),Fruits,Scientific_68,89.4,347,1.7,1.2,18.7,4.0,10,0.3,10,Northern,Veg,dinner,Steamed,N/A,0,Synthetic_IFCT_schema,Synthetic_Variant
SYN05273,"Moong dal, raw (steamed)",Pulses and Legumes,,331.4,,24.0,1.3,59.9,4.1,75,6.7,7,Pan India,Vegetarian,,,,0,Synthetic_IFCT_schema,Synthetic_Variant
SYN05274,"Coconut, fresh (raw)",Nuts and Oilseeds,Scientific_30,381.4,1482,3.3,33.5,15.2,9.0,14,1.9,3,South India,Vegetarian,Lunch,,200,0,Synthetic_IFCT_schema,Synthetic_Variant
SYN05275,"Wheat flour, whole (fried)",Cereals and Millets,Scientific_2,352.7,1427,11.8,1.5,69.4,1.9,41,4.9,0,North India,Vegetarian,Beverage,Cooked,150,0,Synthetic_IFCT_schema,Synthetic_Variant
SYN05276,"Cauliflower, raw (fried)",Vegetables,,24.1,105,1.9,0.4,4.9,2.5,22,0.4,,Western,Non-Veg,Breakfast,Steamed,200,0,Synthetic_IFCT_schema,Synthetic_Variant
SYN05277,Pomegranate (raw),Fruits,Scientific_47,80.1,,1.7,1.2,18.7,4.0,10,0.3,10,West India,Non-Veg,snack,Grilled,200,0,Synthetic_IFCT_schema,Synthetic_Variant
SYN05278,Pomegranate (steamed),Fruits,,78.3,347,1.7,1.2,18.7,4.0,,0.3,10,West India,Vegetarian,breakfast,,,0,Synthetic_IFCT_schema,Synthetic_Variant
SYN05279,"Soya chunks, raw (steamed)",Pulses and Legumes,,341.6,1444,52.0,0.5,33.0,13.0,,,,Pan India,Vegetarian,snack,Baked,100,0,Synthetic_IFCT_schema,Synthetic_Variant
SYN05280,Pomegranate (boiled),Fruits,,86.4,347,1.7,1.2,18.7,4.0,10,0.3,10,West India,Vegetarian,Breakfast,N/A,,0,Synthetic_IFCT_schema,Synthetic_Variant
SYN05281,Jowar (Sorghum) (roasted),Cereals and Millets,Scientific_5,357.9,,10.4,1.9,72.6,1.6,25,,0,Unknown,Vegetarian,Main Course,Fried,,0,Synthetic_IFCT_schema,Synthetic_Variant
SYN05282,Rajma (Kidney beans) (raw),Pulses and Legumes,,326.6,1448,22.9,1.5,60.6,6.4,260,7.0,4,North India,Vegetarian,Any,N/A,N/A,0,Synthetic_IFCT_schema,Synthetic_Variant
SYN05283,Pomegranate (steamed),Fruits,,84.9,347,1.7,1.2,18.7,4.0,10,0.3,10,West India,Vegetarian,breakfast,,100,0,Synthetic_IFCT_schema,Synthetic_Variant
SYN05284,"Tomato, raw (fried)",Vegetables,,,75,0.9,0.2,3.9,1.2,13,,27,Pan India,Vegetarian,Dessert,Roasted,100,0,Synthetic_IFCT_schema,Synthetic_Variant
SYN05285,Pomegranate (raw),Fruits,Scientific_62,77.1,347,1.7,1.2,18.7,4.0,10,0.3,10,West India,non-vegetarian,snack,Fried,,0,Synthetic_IFCT_schema,Synthetic_Variant
SYN05286,Pomegranate (fried),Fruits,,89.2,347,1.7,1.2,18.7,4.0,10,0.3,10,Unknown,Vegetarian,Beverage,Steamed,N/A,0,Synthetic_IFCT_schema,Synthetic_Variant
SYN05287,"Momos, veg (steamed) (boiled)",Composite Dishes,,176.9,753,5.5,5.5,28.0,2.0,,,,East India,Vegetarian,lunch,Steamed,100,1,Synthetic_IFCT_schema,Synthetic_Variant
SYN05288,Watermelon (roasted),Fruits,,29.2,125,0.6,0.2,7.6,0.4,7,,8,Pan India,Vegetarian,Breakfast,,200,0,Synthetic_IFCT_schema,Synthetic_Variant
SYN05289,"Onion, raw (raw)",Vegetables,,38.5,167,1.1,0.1,9.3,1.7,23,0.4,7,Pan India,Vegetarian,lunch,Cooked,200,0,Synthetic_IFCT_schema,Synthetic_Variant
SYN05290,Pomegranate (fried),Fruits,,79.3,347,1.7,1.2,18.7,4.0,10,0.3,,West India,Veg,lunch,,,0,Synthetic_IFCT_schema,Synthetic_Variant
SYN05291,Pomegranate (fried),Fruits,,,347,1.7,1.2,18.7,4.0,10,0.3,,West India,Vegetarian,breakfast,Fried,,0,Synthetic_IFCT_schema,Synthetic_Variant
SYN05292,"Masoor dal, raw (boiled)",Pulses and Legumes,,348.4,1435,25.1,0.9,59.0,3.5,68,7.6,1,Southern,Vegetarian,lunch,Grilled,100,0,Synthetic_IFCT_schema,Synthetic_Variant
SYN05293,Pomegranate (raw),Fruits,Scientific_79,87.9,347,1.7,1.2,18.7,,,0.3,,West India,Vegetarian,lunch,Fried,200,0,Synthetic_IFCT_schema,Synthetic_Variant
SYN05294,Pomegranate (fried),Fruits,Scientific_63,86.7,347,1.7,1.2,18.7,4.0,10,0.3,10,West India,Vegetarian,Any,Baked,N/A,0,Synthetic_IFCT_schema,Synthetic_Variant
SYN05295,Pomegranate (roasted),Fruits,,87.7,347,1.7,1.2,18.7,4.0,10,0.3,10,West India,Vegetarian,Dessert,N/A,100,0,Synthetic_IFCT_schema,Synthetic_Variant
SYN05296,Bottle gourd (Lauki) (roasted),Vegetables,,14.0,59,0.6,0.1,3.4,0.5,26,0.5,10,Pan India,Vegetarian,Beverage,Fried,150,0,Synthetic_IFCT_schema,Synthetic_Variant
SYN05297,Pomegranate (boiled),Fruits,Scientific_45,78.9,347,1.7,1.2,18.7,4.0,10,0.3,,West India,Veg,breakfast,Roasted,N/A,0,Synthetic_IFCT_schema,Synthetic_Variant
SYN05298,"Masoor dal, raw (raw)",Pulses and Legumes,,324.4,1435,25.1,0.9,59.0,3.5,68,7.6,1,Southern,Vegetarian,lunch,Grilled,100,0,Synthetic_IFCT_schema,Synthetic_Variant
SYN05299,Pomegranate (raw),Fruits,,82.5,347,1.7,1.2,18.7,4.0,10,0.3,10,West India,Vegetarian,Snack,Grilled,150,0,Synthetic_IFCT_schema,Synthetic_Variant
SYN05300,Rajma (Kidney beans) (raw),Pulses and Legumes,,328.1,1448,22.9,1.5,60.6,6.4,260,7.0,4,North India,Vegetarian,Any,N/A,N/A,0,Synthetic_IFCT_schema,Synthetic_Variant
SYN05301,Sabudana (Tapioca pearls) (roasted),Cereals and Millets,,340.7,1469,0.2,0.2,88.7,0.9,,,,West India,Vegetarian,Dinner,Steamed,100,0,Synthetic_IFCT_schema,Synthetic_Variant
SYN05302,Pomegranate (roasted),Fruits,Scientific_68,87.3,347,1.7,1.2,18.7,4.0,10,0.3,10,Northern,Veg,dinner,Steamed,N/A,0,Synthetic_IFCT_schema,Synthetic_Variant
SYN05303,"Urad dal, raw (steamed)",Pulses and Legumes,Scientific_15,,1428,25.1,1.4,59.0,1.8,154,4.5,0,South India,Vegetarian,Main Course,Grilled,N/A,0,Synthetic_IFCT_schema,Synthetic_Variant
SYN05304,Pomegranate (fried),Fruits,Scientific_63,86.7,347,1.7,1.2,18.7,4.0,10,0.3,10,West India,Vegetarian,Any,Baked,N/A,0,Synthetic_IFCT_schema,Synthetic_Variant
SYN05305,"Rice, cooked (steamed)",Cereals and Millets,,126.2,544,2.7,0.3,28.2,,3,0.2,0,Pan India,non-vegetarian,Snack,Baked,100,0,Synthetic_IFCT_schema,Synthetic_Variant
SYN05306,Rasam (steamed),Composite Dishes,,31.6,125,1.2,0.8,4.5,,,,,South India,Vegetarian,Beverage,,100,1,Synthetic_IFCT_schema,Synthetic_Variant
SYN05307,"Cauliflower, raw (fried)",Vegetables,,24.9,105,1.9,0.4,4.9,2.5,22,0.4,,Western,Non-Veg,Breakfast,Steamed,200,0,Synthetic_IFCT_schema,Synthetic_Variant
SYN05308,Pomegranate (fried),Fruits,,82.4,347,1.7,1.2,18.7,4.0,10,0.3,10,West India,Vegetarian,Breakfast,N/A,,0,Synthetic_IFCT_schema,Synthetic_Variant
SYN05309,Pomegranate (raw),Fruits,Scientific_61,86.7,347,1.7,1.2,18.7,4.0,10,0.3,,West India,Vegetarian,Dessert,,100,0,Synthetic_IFCT_schema,Synthetic_Variant
SYN05310,Pomegranate (boiled),Fruits,,82.1,347,1.7,1.2,18.7,4.0,10,0.3,10,West India,Vegetarian,Lunch,Steamed,100,0,Synthetic_IFCT_schema,Synthetic_Variant
SYN05311,Pomegranate (roasted),Fruits,,87.7,347,1.7,1.2,18.7,4.0,10,0.3,10,West India,Vegetarian,Snack,Boiled,N/A,0,Synthetic_IFCT_schema,Synthetic_Variant
SYN05312,Bamboo shoots (raw),Vegetables,,29.1,113,2.6,0.3,5.2,2.2,,,,East India,Vegetarian,Dinner,Boiled,100,0,Synthetic_IFCT_schema,Synthetic_Variant
SYN05313,Pomegranate (steamed),Fruits,,81.1,347,1.7,1.2,18.7,4.0,10,0.3,10,West India,Vegetarian,Main Course,Fried,,0,Synthetic_IFCT_schema,Synthetic_Variant
SYN05314,Pomegranate (steamed),Fruits,Scientific_53,81.7,347,1.7,1.2,18.7,4.0,10,0.3,10,West India,Vegetarian,Snack,Baked,100,0,Synthetic_IFCT_schema,Synthetic_Variant
SYN05315,"Soya chunks, raw (raw)",Pulses and Legumes,,372.0,1444,52.0,0.5,33.0,13.0,,,,Pan India,Vegetarian,snack,Baked,100,0,Synthetic_IFCT_schema,Synthetic_Variant
SYN05316,Machher jhol (fried),Composite Dishes,,149.1,649,17.0,9.0,3.0,0.6,,,,East India,Non-Vegetarian,Dessert,Boiled,100,1,Synthetic_IFCT_schema,Synthetic_Variant
SYN05317,Pomegranate (steamed),Fruits,Scientific_79,81.6,347,1.7,1.2,18.7,,,0.3,,West India,Vegetarian,lunch,Fried,200,0,Synthetic_IFCT_schema,Synthetic_Variant
SYN05318,Pomegranate (fried),Fruits,,80.4,347,1.7,1.2,18.7,4.0,10,0.3,10,West India,Vegetarian,Main Course,Fried,,0,Synthetic_IFCT_schema,Synthetic_Variant
SYN05319,"Tomato, raw (boiled)",Vegetables,,,75,0.9,0.2,3.9,1.2,13,,27,Pan India,Vegetarian,Dessert,Roasted,100,0,Synthetic_IFCT_schema,Synthetic_Variant
SYN05320,"Tofu, firm (raw)",Pulses and Legumes,,79.7,318,8.0,4.8,1.9,0.3,,,,West India,Vegetarian,Lunch,N/A,100,0,Synthetic_IFCT_schema,Synthetic_Variant
SYN05321,"Toor dal, raw (roasted)",Pulses and Legumes,,339.4,,22.3,1.7,57.6,4.2,73,5.6,0,Pan India,Vegetarian,Dessert,Baked,100,0,Synthetic_IFCT_schema,Synthetic_Variant
SYN05322,Pomegranate (fried),Fruits,Scientific_65,82.1,347,1.7,1.2,18.7,4.0,10,0.3,10,West India,Vegetarian,Main Course,Baked,N/A,0,Synthetic_IFCT_schema,Synthetic_Variant
SYN05323,Ragi (Finger millet) (roasted),Cereals and Millets,Scientific_6,330.9,1373,7.3,1.5,66.8,3.6,344,3.9,0,South India,Vegetarian,Main Course,Boiled,N/A,0,Synthetic_IFCT_schema,Synthetic_Variant
SYN05324,"Onion, raw (raw)",Vegetables,,40.1,167,1.1,0.1,9.3,1.7,23,0.4,7,Pan India,Vegetarian,lunch,Cooked,200,0,Synthetic_IFCT_schema,Synthetic_Variant
SYN05325,Ragi (Finger millet) (steamed),Cereals and Millets,Scientific_6,343.0,1373,7.3,1.5,66.8,3.6,344,3.9,0,South India,Vegetarian,Main Course,Boiled,N/A,0,Synthetic_IFCT_schema,Synthetic_Variant
SYN05326,"Urad dal, raw (roasted)",Pulses and Legumes,Scientific_15,,1428,25.1,1.4,59.0,1.8,154,4.5,0,South India,Vegetarian,Main Course,Grilled,N/A,0,Synthetic_IFCT_schema,Synthetic_Variant
SYN05327,"Toor dal, raw (raw)",Pulses and Legumes,,346.3,,22.3,1.7,57.6,4.2,73,5.6,0,Pan India,Vegetarian,Dessert,Baked,100,0,Synthetic_IFCT_schema,Synthetic_Variant
SYN05328,Pomegranate (steamed),Fruits,,87.4,347,1.7,1.2,18.7,4.0,10,0.3,10,West India,Vegetarian,Main Course,,N/A,0,Synthetic_IFCT_schema,Synthetic_Variant
SYN05329,Pomegranate (steamed),Fruits,Scientific_53,77.5,347,1.7,1.2,18.7,4.0,10,0.3,10,West India,Vegetarian,Snack,Baked,100,0,Synthetic_IFCT_schema,Synthetic_Variant
SYN05330,Appam (raw),Composite Dishes,,117.1,502,2.5,2.8,22.0,0.5,,,,South India,Vegetarian,Beverage,N/A,100,1,Synthetic_IFCT_schema,Synthetic_Variant
SYN05331,Pomegranate (boiled),Fruits,Scientific_65,83.2,347,1.7,1.2,18.7,4.0,10,0.3,10,West India,Vegetarian,Main Course,Baked,N/A,0,Synthetic_IFCT_schema,Synthetic_Variant
SYN05332,Ragi (Finger millet) (fried),Cereals and Millets,Scientific_6,324.4,1373,7.3,1.5,66.8,3.6,344,3.9,0,South India,Vegetarian,Main Course,Boiled,N/A,0,Synthetic_IFCT_schema,Synthetic_Variant
SYN05333,Pomegranate (boiled),Fruits,Scientific_71,78.8,347,1.7,1.2,18.7,4.0,10,0.3,10,West India,Vegetarian,Breakfast,Fried,100,0,Synthetic_IFCT_schema,Synthetic_Variant
SYN05334,Okra (Bhindi) (raw),Vegetables,Scientific_26,30.9,138,2.1,0.2,7.0,2.5,82,0.8,21,Pan India,non-vegetarian,,Fried,150,0,Synthetic_IFCT_schema,Synthetic_Variant
SYN05335,Bitter gourd (Karela) (fried),Vegetables,Scientific_27,17.9,,1.0,0.2,3.4,2.8,20,0.6,84,Pan India,Vegetarian,snack,,,0,Synthetic_IFCT_schema,Synthetic_Variant
SYN05336,Pomegranate (raw),Fruits,Scientific_68,83.4,347,1.7,1.2,18.7,4.0,10,0.3,10,Northern,Veg,dinner,Steamed,N/A,0,Synthetic_IFCT_schema,Synthetic_Variant
SYN05337,"Coconut, fresh (steamed)",Nuts and Oilseeds,Scientific_30,328.0,1482,3.3,33.5,15.2,9.0,14,1.9,3,South India,Vegetarian,Lunch,,200,0,Synthetic_IFCT_schema,Synthetic_Variant
SYN05338,"Soya chunks, raw (raw)",Pulses and Legumes,,348.0,1444,52.0,0.5,33.0,13.0,,,,Pan India,Vegetarian,snack,Baked,100,0,Synthetic_IFCT_schema,Synthetic_Variant
SYN05339,Bajra (Pearl millet) (steamed),Cereals and Millets,,379.4,1519,11.6,5.0,67.5,1.2,42,8.0,0,West India,Vegetarian,Main Course,Cooked,150,0,Synthetic_IFCT_schema,Synthetic_Variant
SYN05340,Pomegranate (fried),Fruits,Scientific_70,,347,1.7,1.2,18.7,,10,0.3,10,West India,Veg,Main Course,Baked,200,0,Synthetic_IFCT_schema,Synthetic_Variant
SYN05341,Pomegranate (roasted),Fruits,Scientific_40,80.0,347,1.7,1.2,18.7,4.0,10,0.3,10,West India,Vegetarian,Any,Cooked,N/A,0,Synthetic_IFCT_schema,Synthetic_Variant
SYN05342,"Wheat flour, whole (steamed)",Cereals and Millets,Scientific_2,333.0,1427,11.8,1.5,69.4,1.9,41,4.9,0,North India,Vegetarian,Beverage,Cooked,150,0,Synthetic_IFCT_schema,Synthetic_Variant
SYN05343,Shrikhand (steamed),Milk and Milk Products,,233.5,921,7.0,7.0,33.0,,,,,West India,Vegetarian,Dinner,Cooked,100,0,Synthetic_IFCT_schema,Synthetic_Variant
SYN05344,Fenugreek leaves (Methi) (steamed),Vegetables,Scientific_28,46.7,205,4.4,0.9,6.0,1.1,,1.9,52,North India,Vegetarian,Dessert,Boiled,150,0,Synthetic_IFCT_schema,Synthetic_Variant
SYN05345,Pomegranate (roasted),Fruits,,81.4,347,1.7,1.2,18.7,,10,0.3,10,Pan India,Vegetarian,Main Course,Fried,150,0,Synthetic_IFCT_schema,Synthetic_Variant
SYN05346,"Potato, raw (fried)",Vegetables,Scientific_20,76.9,322,1.9,0.1,17.8,1.8,11,0.7,13,Pan India,Vegetarian,lunch,Cooked,150,0,Synthetic_IFCT_schema,Synthetic_Variant
SYN05347,Pomegranate (roasted),Fruits,,80.7,347,1.7,1.2,18.7,4.0,10,0.3,,West India,Veg,lunch,,,0,Synthetic_IFCT_schema,Synthetic_Variant
SYN05348,"Soya chunks, raw (steamed)",Pulses and Legumes,,320.7,1444,52.0,0.5,33.0,13.0,,,,Pan India,Vegetarian,snack,Baked,100,0,Synthetic_IFCT_schema,Synthetic_Variant
SYN05349,Pomegranate (raw),Fruits,,85.6,347,1.7,1.2,18.7,4.0,10,0.3,10,West India,Vegetarian,Lunch,Roasted,200,0,Synthetic_IFCT_schema,Synthetic_Variant
SYN05350,Maize flour (roasted),Cereals and Millets,Scientific_7,379.8,1485,8.7,3.6,70.0,2.7,9,2.3,,Pan India,Vegetarian,Main Course,N/A,N/A,0,Synthetic_IFCT_schema,Synthetic_Variant
SYN05351,"Soybean, raw (steamed)",Pulses and Legumes,,427.4,1808,36.5,19.9,30.2,9.3,240,,,West India,Vegetarian,Any,Boiled,150,0,Synthetic_IFCT_schema,Synthetic_Variant
SYN05352,"Papaya, ripe (fried)",Fruits,,39.8,180,0.5,0.1,10.8,1.7,20,0.1,62,South India,Vegetarian,snack,Fried,,0,Synthetic_IFCT_schema,Synthetic_Variant
SYN05353,Pomegranate (fried),Fruits,,84.6,347,1.7,1.2,18.7,4.0,10,0.3,10,West India,Vegetarian,Lunch,Steamed,100,0,Synthetic_IFCT_schema,Synthetic_Variant
SYN05354,"Spinach (Palak), raw (fried)",Vegetables,Scientific_23,,96,2.0,0.3,3.5,,99,1.8,28,Pan India,Vegetarian,breakfast,Fried,200,0,Synthetic_IFCT_schema,Synthetic_Variant
SYN05355,Pomegranate (fried),Fruits,Scientific_63,84.8,347,1.7,1.2,18.7,4.0,10,0.3,10,West India,Vegetarian,Any,Baked,N/A,0,Synthetic_IFCT_schema,Synthetic_Variant
SYN05356,"Soybean, raw (roasted)",Pulses and Legumes,,460.5,1808,36.5,19.9,30.2,9.3,240,,,West India,Vegetarian,Any,Boiled,150,0,Synthetic_IFCT_schema,Synthetic_Variant
SYN05357,"Tomato, raw (raw)",Vegetables,,,75,0.9,0.2,3.9,1.2,13,,27,Pan India,Vegetarian,Dessert,Roasted,100,0,Synthetic_IFCT_schema,Synthetic_Variant
SYN05358,Cowpea (Black-eyed pea) (boiled),Pulses and Legumes,,337.2,1351,23.4,1.8,54.5,,227,8.6,1,South India,Vegetarian,Lunch,Roasted,200,0,Synthetic_IFCT_schema,Synthetic_Variant
SYN05359,Bajra (Pearl millet) (raw),Cereals and Millets,,342.5,1519,11.6,5.0,67.5,1.2,42,8.0,0,West India,Vegetarian,Main Course,Cooked,150,0,Synthetic_IFCT_schema,Synthetic_Variant
SYN05360,"Jackfruit, raw (raw)",Fruits,,91.1,398,1.7,0.6,23.2,1.5,,,,South India,Vegetarian,Any,Baked,100,0,Synthetic_IFCT_schema,Synthetic_Variant
SYN05361,Pomegranate (fried),Fruits,,85.6,347,1.7,1.2,18.7,4.0,10,0.3,10,West India,Vegetarian,Lunch,Roasted,200,0,Synthetic_IFCT_schema,Synthetic_Variant
SYN05362,Pomegranate (fried),Fruits,,78.1,,1.7,1.2,18.7,4.0,10,0.3,10,West India,Vegetarian,Dessert,Baked,150,0,Synthetic_IFCT_schema,Synthetic_Variant
SYN05363,Cowpea (Black-eyed pea) (boiled),Pulses and Legumes,,347.8,1351,23.4,1.8,54.5,,227,8.6,1,South India,Vegetarian,Lunch,Roasted,200,0,Synthetic_IFCT_schema,Synthetic_Variant
SYN05364,Appam (steamed),Composite Dishes,,126.5,502,2.5,2.8,22.0,0.5,,,,South India,Vegetarian,Beverage,N/A,100,1,Synthetic_IFCT_schema,Synthetic_Variant
SYN05365,Pomegranate (raw),Fruits,Scientific_78,83.3,347,1.7,1.2,18.7,4.0,10,0.3,10,West India,Vegetarian,,,,0,Synthetic_IFCT_schema,Synthetic_Variant
SYN05366,Pomegranate (fried),Fruits,Scientific_63,89.6,347,1.7,1.2,18.7,4.0,10,0.3,10,West India,Vegetarian,Any,Baked,N/A,0,Synthetic_IFCT_schema,Synthetic_Variant
SYN05367,Pomegranate (roasted),Fruits,,84.8,347,1.7,1.2,18.7,4.0,10,0.3,10,West India,Vegetarian,Main Course,,N/A,0,Synthetic_IFCT_schema,Synthetic_Variant
SYN05368,"Soybean, raw (steamed)",Pulses and Legumes,,437.8,1808,36.5,19.9,30.2,9.3,240,,,West India,Vegetarian,Any,Boiled,150,0,Synthetic_IFCT_schema,Synthetic_Variant
SYN05369,"Moong dal, raw (roasted)",Pulses and Legumes,,330.3,,24.0,1.3,59.9,4.1,75,6.7,7,Pan India,Vegetarian,,,,0,Synthetic_IFCT_schema,Synthetic_Variant
SYN05370,Pomegranate (boiled),Fruits,Scientific_73,83.3,347,1.7,1.2,18.7,4.0,10,0.3,10,West India,Vegetarian,snack,Cooked,100,0,Synthetic_IFCT_schema,Synthetic_Variant
SYN05371,Litti chokha (steamed),Composite Dishes,,338.3,1340,9.0,10.0,50.0,3.5,,,,East India,Vegetarian,Beverage,Fried,100,1,Synthetic_IFCT_schema,Synthetic_Variant
SYN05372,Pomegranate (roasted),Fruits,,77.0,347,1.7,1.2,18.7,,10,0.3,10,Pan India,Vegetarian,Main Course,Fried,150,0,Synthetic_IFCT_schema,Synthetic_Variant
SYN05373,"Onion, raw (fried)",Vegetables,,37.7,167,1.1,0.1,9.3,1.7,23,0.4,7,Pan India,Vegetarian,lunch,Cooked,200,0,Synthetic_IFCT_schema,Synthetic_Variant
SYN05374,Pomegranate (boiled),Fruits,,87.0,347,1.7,1.2,18.7,4.0,,0.3,10,West India,Vegetarian,Main Course,Grilled,,0,Synthetic_IFCT_schema,Synthetic_Variant
SYN05375,Pomegranate (steamed),Fruits,,77.3,347,1.7,1.2,18.7,4.0,10,0.3,10,West India,Vegetarian,Main Course,,N/A,0,Synthetic_IFCT_schema,Synthetic_Variant
SYN05376,Pomegranate (boiled),Fruits,,79.4,347,1.7,1.2,18.7,4.0,10,0.3,,West India,Vegetarian,Snack,Baked,200,0,Synthetic_IFCT_schema,Synthetic_Variant
SYN05377,Pomegranate (boiled),Fruits,Scientific_45,86.1,347,1.7,1.2,18.7,4.0,10,0.3,,West India,Veg,breakfast,Roasted,N/A,0,Synthetic_IFCT_schema,Synthetic_Variant
SYN05378,Pomegranate (raw),Fruits,,86.5,347,1.7,1.2,18.7,4.0,10,0.3,10,Unknown,Vegetarian,Beverage,Steamed,N/A,0,Synthetic_IFCT_schema,Synthetic_Variant
SYN05379,Pomegranate (steamed),Fruits,,82.7,347,1.7,1.2,18.7,4.0,10,0.3,10,West India,Vegetarian,Dessert,Steamed,150,0,Synthetic_IFCT_schema,Synthetic_Variant
SYN05380,"Peanut, raw (steamed)",Nuts and Oilseeds,Scientific_19,598.5,,25.8,49.2,16.1,8.5,92,4.6,0,West India,Non-Vegetarian,Dinner,Cooked,,0,Synthetic_IFCT_schema,Synthetic_Variant
SYN05381,Maize flour (fried),Cereals and Millets,Scientific_7,349.0,1485,8.7,3.6,70.0,2.7,9,2.3,,Pan India,Vegetarian,Main Course,N/A,N/A,0,Synthetic_IFCT_schema,Synthetic_Variant
SYN05382,Pomegranate (raw),Fruits,,84.7,,1.7,1.2,18.7,4.0,10,0.3,10,West India,Vegetarian,Dessert,Baked,150,0,Synthetic_IFCT_schema,Synthetic_Variant
SYN05383,Pomegranate (raw),Fruits,Scientific_45,88.3,347,1.7,1.2,18.7,4.0,10,0.3,,West India,Veg,breakfast,Roasted,N/A,0,Synthetic_IFCT_schema,Synthetic_Variant
SYN05384,Pomegranate (boiled),Fruits,Scientific_65,87.4,347,1.7,1.2,18.7,4.0,10,0.3,10,West India,Vegetarian,Main Course,Baked,N/A,0,Synthetic_IFCT_schema,Synthetic_Variant
SYN05385,Pomegranate (boiled),Fruits,Scientific_73,82.0,347,1.7,1.2,18.7,4.0,10,0.3,10,West India,Vegetarian,snack,Cooked,100,0,Synthetic_IFCT_schema,Synthetic_Variant
SYN05386,Banana (Cavendish) (boiled),Fruits,Scientific_32,87.3,372,1.1,0.3,23.0,2.6,5,0.3,8,South India,Vegetarian,Dinner,,100,0,Synthetic_IFCT_schema,Synthetic_Variant
SYN05387,Watermelon (boiled),Fruits,,29.6,125,0.6,0.2,7.6,0.4,7,,8,Pan India,Vegetarian,Breakfast,,200,0,Synthetic_IFCT_schema,Synthetic_Variant
SYN05388,Guava (boiled),Fruits,,65.4,285,2.6,1.0,14.3,5.4,18,,228,Maharashtra,Vegetarian,Snack,Baked,N/A,0,Synthetic_IFCT_schema,Synthetic_Variant
SYN05389,"Spinach (Palak), raw (boiled)",Vegetables,Scientific_23,,96,2.0,0.3,3.5,,99,1.8,28,Pan India,Vegetarian,breakfast,Fried,200,0,Synthetic_IFCT_schema,Synthetic_Variant
SYN05390,Bitter gourd (Karela) (steamed),Vegetables,Scientific_27,15.7,,1.0,0.2,3.4,2.8,20,0.6,84,Pan India,Vegetarian,snack,,,0,Synthetic_IFCT_schema,Synthetic_Variant
SYN05391,Pomegranate (steamed),Fruits,,89.2,347,1.7,1.2,18.7,4.0,10,0.3,10,West India,non-vegetarian,,Roasted,100,0,Synthetic_IFCT_schema,Synthetic_Variant
SYN05392,"Rice, raw, milled (fried)",Cereals and Millets,,,1448,6.8,0.5,78.2,0.2,10,0.7,,Pan India,Vegetarian,Breakfast,Baked,,0,Synthetic_IFCT_schema,Synthetic_Variant
SYN05393,Sattu (roasted gram flour) (raw),Cereals and Millets,,380.8,1700,22.5,7.0,64.0,1.8,,,,East India,Vegetarian,snack,Grilled,100,0,Synthetic_IFCT_schema,Synthetic_Variant
SYN05394,Pomegranate (roasted),Fruits,,89.4,347,1.7,1.2,18.7,,10,0.3,10,Pan India,Vegetarian,Main Course,Fried,150,0,Synthetic_IFCT_schema,Synthetic_Variant
SYN05395,Pomegranate (fried),Fruits,Scientific_67,84.5,347,1.7,1.2,18.7,4.0,10,0.3,10,West India,Non-Vegetarian,lunch,Roasted,200,0,Synthetic_IFCT_schema,Synthetic_Variant
SYN05396,Maize flour (roasted),Cereals and Millets,Scientific_7,344.3,1485,8.7,3.6,70.0,2.7,9,2.3,,Pan India,Vegetarian,Main Course,N/A,N/A,0,Synthetic_IFCT_schema,Synthetic_Variant
SYN05397,Pomegranate (steamed),Fruits,Scientific_68,86.2,347,1.7,1.2,18.7,4.0,10,0.3,10,Northern,Veg,dinner,Steamed,N/A,0,Synthetic_IFCT_schema,Synthetic_Variant
SYN05398,"Tofu, firm (steamed)",Pulses and Legumes,,77.3,318,8.0,4.8,1.9,0.3,,,,West India,Vegetarian,Lunch,N/A,100,0,Synthetic_IFCT_schema,Synthetic_Variant
SYN05399,Pomegranate (steamed),Fruits,Scientific_70,,347,1.7,1.2,18.7,,10,0.3,10,West India,Veg,Main Course,Baked,200,0,Synthetic_IFCT_schema,Synthetic_Variant
SYN05400,Bitter gourd (Karela) (fried),Vegetables,Scientific_27,15.7,,1.0,0.2,3.4,2.8,20,0.6,84,Pan India,Vegetarian,snack,,,0,Synthetic_IFCT_schema,Synthetic_Variant
SYN05401,"Wheat flour, whole (steamed)",Cereals and Millets,Scientific_2,342.2,1427,11.8,1.5,69.4,1.9,41,4.9,0,North India,Vegetarian,Beverage,Cooked,150,0,Synthetic_IFCT_schema,Synthetic_Variant
SYN05402,Pomegranate (raw),Fruits,Scientific_78,79.3,347,1.7,1.2,18.7,4.0,10,0.3,10,West India,Vegetarian,,,,0,Synthetic_IFCT_schema,Synthetic_Variant
SYN05403,Pomegranate (steamed),Fruits,,85.5,347,1.7,1.2,18.7,4.0,10,0.3,10,West India,Vegetarian,Dessert,Steamed,150,0,Synthetic_IFCT_schema,Synthetic_Variant
SYN05404,"Toor dal, raw (steamed)",Pulses and Legumes,,329.0,,22.3,1.7,57.6,4.2,73,5.6,0,Pan India,Vegetarian,Dessert,Baked,100,0,Synthetic_IFCT_schema,Synthetic_Variant
SYN05405,Pomegranate (boiled),Fruits,,79.2,347,1.7,1.2,18.7,4.0,10,0.3,10,West India,non-vegetarian,,Roasted,100,0,Synthetic_IFCT_schema,Synthetic_Variant
SYN05406,Khandvi (fried),Composite Dishes,,123.5,544,4.5,4.8,18.0,1.2,,,,West India,Vegetarian,breakfast,Roasted,100,1,Synthetic_IFCT_schema,Synthetic_Variant
SYN05407,"Cauliflower, raw (boiled)",Vegetables,,25.2,105,1.9,0.4,4.9,2.5,22,0.4,,Western,Non-Veg,Breakfast,Steamed,200,0,Synthetic_IFCT_schema,Synthetic_Variant
SYN05408,Pomegranate (boiled),Fruits,Scientific_67,77.2,347,1.7,1.2,18.7,4.0,10,0.3,10,West India,Non-Vegetarian,lunch,Roasted,200,0,Synthetic_IFCT_schema,Synthetic_Variant
SYN05409,Pomegranate (raw),Fruits,,79.3,347,1.7,1.2,18.7,4.0,10,,10,West India,Vegetarian,Snack,N/A,150,0,Synthetic_IFCT_schema,Synthetic_Variant
SYN05410,Pomegranate (steamed),Fruits,Scientific_62,78.7,347,1.7,1.2,18.7,4.0,10,0.3,10,West India,non-vegetarian,snack,Fried,,0,Synthetic_IFCT_schema,Synthetic_Variant
SYN05411,Pomegranate (fried),Fruits,,,347,1.7,1.2,18.7,4.0,10,0.3,,West India,Vegetarian,breakfast,Fried,,0,Synthetic_IFCT_schema,Synthetic_Variant
SYN05412,Pomegranate (steamed),Fruits,,89.5,347,1.7,1.2,18.7,4.0,10,0.3,10,West India,Vegetarian,Breakfast,N/A,,0,Synthetic_IFCT_schema,Synthetic_Variant
SYN05413,"Soybean, raw (raw)",Pulses and Legumes,,464.9,1808,36.5,19.9,30.2,9.3,240,,,West India,Vegetarian,Any,Boiled,150,0,Synthetic_IFCT_schema,Synthetic_Variant
SYN05414,"Momos, veg (steamed) (boiled)",Composite Dishes,,171.6,753,5.5,5.5,28.0,2.0,,,,East India,Vegetarian,lunch,Steamed,100,1,Synthetic_IFCT_schema,Synthetic_Variant
SYN05415,Pomegranate (fried),Fruits,Scientific_45,89.1,347,1.7,1.2,18.7,4.0,10,0.3,,West India,Veg,breakfast,Roasted,N/A,0,Synthetic_IFCT_schema,Synthetic_Variant
SYN05416,"Coconut, fresh (boiled)",Nuts and Oilseeds,Scientific_30,364.9,1482,3.3,33.5,15.2,9.0,14,1.9,3,South India,Vegetarian,Lunch,,200,0,Synthetic_IFCT_schema,Synthetic_Variant
SYN05417,Pomegranate (fried),Fruits,Scientific_66,79.2,347,1.7,1.2,18.7,4.0,10,0.3,10,West India,Vegetarian,Dessert,Raw,200,0,Synthetic_IFCT_schema,Synthetic_Variant
SYN05418,"Soya chunks, raw (raw)",Pulses and Legumes,,334.4,1444,52.0,0.5,33.0,13.0,,,,Pan India,Vegetarian,snack,Baked,100,0,Synthetic_IFCT_schema,Synthetic_Variant
SYN05419,Jowar (Sorghum) (steamed),Cereals and Millets,Scientific_5,332.9,,10.4,1.9,72.6,1.6,25,,0,Unknown,Vegetarian,Main Course,Fried,,0,Synthetic_IFCT_schema,Synthetic_Variant
SYN05420,Bottle gourd (Lauki) (roasted),Vegetables,,13.9,59,0.6,0.1,3.4,0.5,26,0.5,10,Pan India,Vegetarian,Beverage,Fried,150,0,Synthetic_IFCT_schema,Synthetic_Variant
SYN05421,Pomegranate (fried),Fruits,Scientific_73,83.6,347,1.7,1.2,18.7,4.0,10,0.3,10,West India,Vegetarian,snack,Cooked,100,0,Synthetic_IFCT_schema,Synthetic_Variant
SYN05422,Pomegranate (roasted),Fruits,,83.8,347,1.7,1.2,18.7,4.0,10,0.3,10,Unknown,Vegetarian,Beverage,Steamed,N/A,0,Synthetic_IFCT_schema,Synthetic_Variant
SYN05423,Pomegranate (raw),Fruits,Scientific_80,,347,1.7,1.2,18.7,4.0,10,0.3,10,West India,Vegetarian,lunch,Cooked,200,0,Synthetic_IFCT_schema,Synthetic_Variant
SYN05424,Pomegranate (raw),Fruits,,76.9,347,1.7,1.2,18.7,4.0,10,0.3,10,West India,Vegetarian,Beverage,Steamed,,0,Synthetic_IFCT_schema,Synthetic_Variant
SYN05425,Guava (boiled),Fruits,,68.9,285,2.6,1.0,14.3,5.4,18,,228,Maharashtra,Vegetarian,Snack,Baked,N/A,0,Synthetic_IFCT_schema,Synthetic_Variant
SYN05426,Rajma (Kidney beans) (steamed),Pulses and Legumes,,350.2,1448,22.9,1.5,60.6,6.4,260,7.0,4,North India,Vegetarian,Any,N/A,N/A,0,Synthetic_IFCT_schema,Synthetic_Variant
SYN05427,Pomegranate (steamed),Fruits,Scientific_50,82.0,347,1.7,1.2,18.7,4.0,10,0.3,,North India,Veg,Beverage,Steamed,100,0,Synthetic_IFCT_schema,Synthetic_Variant
SYN05428,Pomegranate (roasted),Fruits,Scientific_63,82.5,347,1.7,1.2,18.7,4.0,10,0.3,10,West India,Vegetarian,Any,Baked,N/A,0,Synthetic_IFCT_schema,Synthetic_Variant
SYN05429,Pomegranate (raw),Fruits,Scientific_40,85.0,347,1.7,1.2,18.7,4.0,10,0.3,10,West India,Vegetarian,Any,Cooked,N/A,0,Synthetic_IFCT_schema,Synthetic_Variant
SYN05430,"Wheat flour, refined (fried)",Cereals and Millets,Scientific_3,363.9,1456,10.3,0.9,73.9,0.3,23,2.7,0,North India,Vegetarian,snack,,,0,Synthetic_IFCT_schema,Synthetic_Variant
SYN05431,Pomegranate (raw),Fruits,Scientific_62,81.0,347,1.7,1.2,18.7,4.0,10,0.3,10,West India,non-vegetarian,snack,Fried,,0,Synthetic_IFCT_schema,Synthetic_Variant
SYN05432,"Coconut, fresh (roasted)",Nuts and Oilseeds,Scientific_30,336.7,1482,3.3,33.5,15.2,9.0,14,1.9,3,South India,Vegetarian,Lunch,,200,0,Synthetic_IFCT_schema,Synthetic_Variant
SYN05433,"Spinach (Palak), raw (raw)",Vegetables,Scientific_23,,96,2.0,0.3,3.5,,99,1.8,28,Pan India,Vegetarian,breakfast,Fried,200,0,Synthetic_IFCT_schema,Synthetic_Variant
SYN05434,"Wheat flour, whole (fried)",Cereals and Millets,Scientific_2,342.5,1427,11.8,1.5,69.4,1.9,41,4.9,0,North India,Vegetarian,Beverage,Cooked,150,0,Synthetic_IFCT_schema,Synthetic_Variant
SYN05435,Bitter gourd (Karela) (raw),Vegetables,Scientific_27,17.7,,1.0,0.2,3.4,2.8,20,0.6,84,Pan India,Vegetarian,snack,,,0,Synthetic_IFCT_schema,Synthetic_Variant
SYN05436,Pomegranate (raw),Fruits,,88.9,347,1.7,1.2,18.7,4.0,10,0.3,10,West India,Vegetarian,Beverage,Steamed,,0,Synthetic_IFCT_schema,Synthetic_Variant
SYN05437,Pomegranate (fried),Fruits,,83.4,347,1.7,1.2,18.7,4.0,10,0.3,10,West India,Vegetarian,Dessert,N/A,100,0,Synthetic_IFCT_schema,Synthetic_Variant
SYN05438,Pomegranate (fried),Fruits,,81.6,347,1.7,1.2,18.7,4.0,10,0.3,10,West India,Vegetarian,Main Course,,N/A,0,Synthetic_IFCT_schema,Synthetic_Variant
SYN05439,Pomegranate (boiled),Fruits,,82.7,347,1.7,1.2,18.7,4.0,10,0.3,,West India,Veg,lunch,,,0,Synthetic_IFCT_schema,Synthetic_Variant
SYN05440,"Toor dal, raw (fried)",Pulses and Legumes,,315.0,,22.3,1.7,57.6,4.2,73,5.6,0,Pan India,Vegetarian,Dessert,Baked,100,0,Synthetic_IFCT_schema,Synthetic_Variant
SYN05441,Pomegranate (fried),Fruits,,84.9,,1.7,1.2,18.7,4.0,10,0.3,10,West India,Vegetarian,Dessert,Baked,150,0,Synthetic_IFCT_schema,Synthetic_Variant
SYN05442,"Tofu, firm (fried)",Pulses and Legumes,,75.5,318,8.0,4.8,1.9,0.3,,,,West India,Vegetarian,Lunch,N/A,100,0,Synthetic_IFCT_schema,Synthetic_Variant
SYN05443,"Papaya, ripe (roasted)",Fruits,,43.2,180,0.5,0.1,10.8,1.7,20,0.1,62,South India,Vegetarian,snack,Fried,,0,Synthetic_IFCT_schema,Synthetic_Variant
SYN05444,"Papaya, ripe (roasted)",Fruits,,41.9,180,0.5,0.1,10.8,1.7,20,0.1,62,South India,Vegetarian,snack,Fried,,0,Synthetic_IFCT_schema,Synthetic_Variant
SYN05445,"Mango, ripe (Alphonso) (fried)",Fruits,Scientific_31,75.6,293,0.6,0.4,17.0,1.6,10,0.3,36,West India,Vegetarian,Lunch,N/A,N/A,0,Synthetic_IFCT_schema,Synthetic_Variant
SYN05446,"Moong dal, raw (roasted)",Pulses and Legumes,,338.0,,24.0,1.3,59.9,4.1,75,6.7,7,Pan India,Vegetarian,,,,0,Synthetic_IFCT_schema,Synthetic_Variant
SYN05447,Pomegranate (boiled),Fruits,Scientific_50,77.1,347,1.7,1.2,18.7,4.0,10,0.3,,North India,Veg,Beverage,Steamed,100,0,Synthetic_IFCT_schema,Synthetic_Variant
SYN05448,"Peanut, raw (fried)",Nuts and Oilseeds,Scientific_19,558.2,,25.8,49.2,16.1,8.5,92,4.6,0,West India,Non-Vegetarian,Dinner,Cooked,,0,Synthetic_IFCT_schema,Synthetic_Variant
SYN05449,Guava (roasted),Fruits,,65.7,285,2.6,1.0,14.3,5.4,18,,228,Maharashtra,Vegetarian,Snack,Baked,N/A,0,Synthetic_IFCT_schema,Synthetic_Variant
SYN05450,Pomegranate (raw),Fruits,,79.0,347,1.7,1.2,18.7,4.0,,0.3,10,West India,Vegetarian,breakfast,,,0,Synthetic_IFCT_schema,Synthetic_Variant
SYN05451,"Spinach (Palak), raw (roasted)",Vegetables,Scientific_23,,96,2.0,0.3,3.5,,99,1.8,28,Pan India,Vegetarian,breakfast,Fried,200,0,Synthetic_IFCT_schema,Synthetic_Variant
SYN05452,Pomegranate (boiled),Fruits,,81.5,347,1.7,1.2,18.7,4.0,10,0.3,10,West India,Vegetarian,Beverage,Steamed,,0,Synthetic_IFCT_schema,Synthetic_Variant
SYN05453,Pomegranate (steamed),Fruits,,85.4,347,1.7,1.2,18.7,4.0,10,0.3,,West India,Veg,lunch,,,0,Synthetic_IFCT_schema,Synthetic_Variant
SYN05454,"Masoor dal, raw (roasted)",Pulses and Legumes,,365.5,1435,25.1,0.9,59.0,3.5,68,7.6,1,Southern,Vegetarian,lunch,Grilled,100,0,Synthetic_IFCT_schema,Synthetic_Variant
SYN05455,Avial (roasted),Composite Dishes,,119.1,481,2.8,6.5,12.0,3.0,,,,South India,Vegetarian,lunch,,100,1,Synthetic_IFCT_schema,Synthetic_Variant
SYN05456,Pomegranate (raw),Fruits,Scientific_71,85.2,347,1.7,1.2,18.7,4.0,10,0.3,10,West India,Vegetarian,Breakfast,Fried,100,0,Synthetic_IFCT_schema,Synthetic_Variant
SYN05457,Pomegranate (steamed),Fruits,,83.1,347,1.7,1.2,18.7,4.0,,0.3,10,West India,Vegetarian,Main Course,Grilled,,0,Synthetic_IFCT_schema,Synthetic_Variant
SYN05458,Pomegranate (fried),Fruits,,78.0,347,1.7,1.2,18.7,4.0,10,0.3,10,West India,Vegetarian,Main Course,Fried,,0,Synthetic_IFCT_schema,Synthetic_Variant
SYN05459,"Soya chunks, raw (fried)",Pulses and Legumes,,357.8,1444,52.0,0.5,33.0,13.0,,,,Pan India,Vegetarian,snack,Baked,100,0,Synthetic_IFCT_schema,Synthetic_Variant
SYN05460,Oats (roasted),Cereals and Millets,,400.9,1628,16.9,6.9,66.3,,54,4.7,0,North India,Vegetarian,Breakfast,Cooked,100,0,Synthetic_IFCT_schema,Synthetic_Variant
SYN05461,Pomegranate (raw),Fruits,,88.6,347,1.7,1.2,18.7,,10,0.3,10,West India,Vegetarian,Dinner,Baked,100,0,Synthetic_IFCT_schema,Synthetic_Variant
SYN05462,Pomegranate (raw),Fruits,,80.3,347,1.7,1.2,18.7,4.0,10,0.3,10,West India,non-vegetarian,,Roasted,100,0,Synthetic_IFCT_schema,Synthetic_Variant
SYN05463,Pomegranate (boiled),Fruits,Scientific_62,88.7,347,1.7,1.2,18.7,4.0,10,0.3,10,West India,non-vegetarian,snack,Fried,,0,Synthetic_IFCT_schema,Synthetic_Variant
SYN05464,Pomegranate (raw),Fruits,Scientific_80,,347,1.7,1.2,18.7,4.0,10,0.3,10,West India,Vegetarian,lunch,Cooked,200,0,Synthetic_IFCT_schema,Synthetic_Variant
SYN05465,Pomegranate (fried),Fruits,,80.9,347,1.7,1.2,18.7,4.0,10,0.3,10,West India,Vegetarian,Main Course,Fried,,0,Synthetic_IFCT_schema,Synthetic_Variant
SYN05466,Pomegranate (steamed),Fruits,,,347,1.7,1.2,18.7,4.0,10,0.3,,West India,Vegetarian,breakfast,Fried,,0,Synthetic_IFCT_schema,Synthetic_Variant
SYN05467,Pomegranate (raw),Fruits,Scientific_78,82.8,347,1.7,1.2,18.7,4.0,10,0.3,10,West India,Vegetarian,,,,0,Synthetic_IFCT_schema,Synthetic_Variant
SYN05468,Pomegranate (raw),Fruits,,,347,1.7,1.2,18.7,4.0,10,0.3,,West India,Vegetarian,breakfast,Fried,,0,Synthetic_IFCT_schema,Synthetic_Variant
SYN05469,"Cauliflower, raw (fried)",Vegetables,,24.6,105,1.9,0.4,4.9,2.5,22,0.4,,Western,Non-Veg,Breakfast,Steamed,200,0,Synthetic_IFCT_schema,Synthetic_Variant
SYN05470,Pomegranate (roasted),Fruits,Scientific_66,88.4,347,1.7,1.2,18.7,4.0,10,0.3,10,West India,Vegetarian,Dessert,Raw,200,0,Synthetic_IFCT_schema,Synthetic_Variant
SYN05471,"Wheat flour, refined (raw)",Cereals and Millets,Scientific_3,334.2,1456,10.3,0.9,73.9,0.3,23,2.7,0,North India,Vegetarian,snack,,,0,Synthetic_IFCT_schema,Synthetic_Variant
SYN05472,Pomegranate (boiled),Fruits,,80.3,347,1.7,1.2,18.7,4.0,10,0.3,10,West India,Vegetarian,,Raw,N/A,0,Synthetic_IFCT_schema,Synthetic_Variant
SYN05473,Pomegranate (boiled),Fruits,,,347,1.7,1.2,18.7,4.0,10,0.3,10,North,Vegetarian,Snack,Roasted,,0,Synthetic_IFCT_schema,Synthetic_Variant
SYN05474,Shrikhand (steamed),Milk and Milk Products,,222.2,921,7.0,7.0,33.0,,,,,West India,Vegetarian,Dinner,Cooked,100,0,Synthetic_IFCT_schema,Synthetic_Variant
SYN05475,Machher jhol (roasted),Composite Dishes,,143.2,649,17.0,9.0,3.0,0.6,,,,East India,Non-Vegetarian,Dessert,Boiled,100,1,Synthetic_IFCT_schema,Synthetic_Variant
SYN05476,"Potato, raw (steamed)",Vegetables,Scientific_20,71.3,322,1.9,0.1,17.8,1.8,11,0.7,13,Pan India,Vegetarian,lunch,Cooked,150,0,Synthetic_IFCT_schema,Synthetic_Variant
SYN05477,Maize flour (steamed),Cereals and Millets,Scientific_7,381.1,1485,8.7,3.6,70.0,2.7,9,2.3,,Pan India,Vegetarian,Main Course,N/A,N/A,0,Synthetic_IFCT_schema,Synthetic_Variant
SYN05478,Pomegranate (fried),Fruits,,80.7,,1.7,1.2,18.7,4.0,10,0.3,10,West India,Vegetarian,Dessert,Baked,150,0,Synthetic_IFCT_schema,Synthetic_Variant
SYN05479,"Rice, cooked (raw)",Cereals and Millets,,126.5,544,2.7,0.3,28.2,,3,0.2,0,Pan India,non-vegetarian,Snack,Baked,100,0,Synthetic_IFCT_schema,Synthetic_Variant
SYN05480,Pomegranate (steamed),Fruits,,80.5,347,1.7,1.2,18.7,4.0,10,0.3,10,West India,Vegetarian,,Raw,N/A,0,Synthetic_IFCT_schema,Synthetic_Variant
SYN05481,"Mango, ripe (Alphonso) (raw)",Fruits,Scientific_31,68.0,293,0.6,0.4,17.0,1.6,10,0.3,36,West India,Vegetarian,Lunch,N/A,N/A,0,Synthetic_IFCT_schema,Synthetic_Variant
SYN05482,Pomegranate (fried),Fruits,Scientific_65,77.4,347,1.7,1.2,18.7,4.0,10,0.3,10,West India,Vegetarian,Main Course,Baked,N/A,0,Synthetic_IFCT_schema,Synthetic_Variant
SYN05483,Pomegranate (raw),Fruits,,80.5,347,1.7,1.2,18.7,4.0,10,0.3,10,West India,Vegetarian,Breakfast,N/A,,0,Synthetic_IFCT_schema,Synthetic_Variant
SYN05484,"Potato, raw (boiled)",Vegetables,Scientific_20,75.1,322,1.9,0.1,17.8,1.8,11,0.7,13,Pan India,Vegetarian,lunch,Cooked,150,0,Synthetic_IFCT_schema,Synthetic_Variant
SYN05485,Shrikhand (roasted),Milk and Milk Products,,223.3,921,7.0,7.0,33.0,,,,,West India,Vegetarian,Dinner,Cooked,100,0,Synthetic_IFCT_schema,Synthetic_Variant
SYN05486,Rajma (Kidney beans) (raw),Pulses and Legumes,,354.4,1448,22.9,1.5,60.6,6.4,260,7.0,4,North India,Vegetarian,Any,N/A,N/A,0,Synthetic_IFCT_schema,Synthetic_Variant
SYN05487,Cowpea (Black-eyed pea) (raw),Pulses and Legumes,,334.9,1351,23.4,1.8,54.5,,227,8.6,1,South India,Vegetarian,Lunch,Roasted,200,0,Synthetic_IFCT_schema,Synthetic_Variant
SYN05488,Okra (Bhindi) (fried),Vegetables,Scientific_26,35.2,138,2.1,0.2,7.0,2.5,82,0.8,21,Pan India,non-vegetarian,,Fried,150,0,Synthetic_IFCT_schema,Synthetic_Variant
SYN05489,Kabuli chana (fried),Pulses and Legumes,,381.1,,20.1,5.3,60.9,7.6,202,4.9,3,North India,Vegetarian,Breakfast,Grilled,N/A,0,Synthetic_IFCT_schema,Synthetic_Variant
SYN05490,Pomegranate (boiled),Fruits,Scientific_71,88.0,347,1.7,1.2,18.7,4.0,10,0.3,10,West India,Vegetarian,Breakfast,Fried,100,0,Synthetic_IFCT_schema,Synthetic_Variant
SYN05491,"Mango, ripe (Alphonso) (roasted)",Fruits,Scientific_31,70.2,293,0.6,0.4,17.0,1.6,10,0.3,36,West India,Vegetarian,Lunch,N/A,N/A,0,Synthetic_IFCT_schema,Synthetic_Variant
SYN05492,"Onion, raw (boiled)",Vegetables,,39.5,167,1.1,0.1,9.3,1.7,23,0.4,7,Pan India,Vegetarian,lunch,Cooked,200,0,Synthetic_IFCT_schema,Synthetic_Variant
SYN05493,Pomegranate (steamed),Fruits,,85.2,347,1.7,1.2,18.7,4.0,10,0.3,10,West India,Vegetarian,Dessert,N/A,100,0,Synthetic_IFCT_schema,Synthetic_Variant
SYN05494,Watermelon (boiled),Fruits,,29.9,125,0.6,0.2,7.6,0.4,7,,8,Pan India,Vegetarian,Breakfast,,200,0,Synthetic_IFCT_schema,Synthetic_Variant
SYN05495,Pomegranate (fried),Fruits,Scientific_80,,347,1.7,1.2,18.7,4.0,10,0.3,10,West India,Vegetarian,lunch,Cooked,200,0,Synthetic_IFCT_schema,Synthetic_Variant
SYN05496,Pomegranate (roasted),Fruits,Scientific_59,81.1,347,1.7,1.2,18.7,4.0,10,0.3,10,West India,Vegetarian,Dessert,Steamed,150,0,Synthetic_IFCT_schema,Synthetic_Variant
SYN05497,"Masoor dal, raw (steamed)",Pulses and Legumes,,354.8,1435,25.1,0.9,59.0,3.5,68,7.6,1,Southern,Vegetarian,lunch,Grilled,100,0,Synthetic_IFCT_schema,Synthetic_Variant
SYN05498,Cowpea (Black-eyed pea) (roasted),Pulses and Legumes,,337.9,1351,23.4,1.8,54.5,,227,8.6,1,South India,Vegetarian,Lunch,Roasted,200,0,Synthetic_IFCT_schema,Synthetic_Variant
SYN05499,"Tofu, firm (raw)",Pulses and Legumes,,81.5,318,8.0,4.8,1.9,0.3,,,,West India,Vegetarian,Lunch,N/A,100,0,Synthetic_IFCT_schema,Synthetic_Variant
SYN05500,Pomegranate (raw),Fruits,,82.3,347,1.7,1.2,18.7,4.0,10,0.3,,West India,Veg,lunch,,,0,Synthetic_IFCT_schema,Synthetic_Variant
SYN05501,Cowpea (Black-eyed pea) (roasted),Pulses and Legumes,,315.9,1351,23.4,1.8,54.5,,227,8.6,1,South India,Vegetarian,Lunch,Roasted,200,0,Synthetic_IFCT_schema,Synthetic_Variant
SYN05502,Pomegranate (fried),Fruits,,88.3,347,1.7,1.2,18.7,4.0,10,,10,West India,Vegetarian,Snack,N/A,150,0,Synthetic_IFCT_schema,Synthetic_Variant
SYN05503,"Papaya, ripe (fried)",Fruits,,42.2,180,0.5,0.1,10.8,1.7,20,0.1,62,South India,Vegetarian,snack,Fried,,0,Synthetic_IFCT_schema,Synthetic_Variant
SYN05504,Puttu (fried),Composite Dishes,,187.1,733,3.5,1.2,38.0,1.5,,,,South India,Vegetarian,Main Course,,100,1,Synthetic_IFCT_schema,Synthetic_Variant
SYN05505,Methi thepla (steamed),Composite Dishes,,270.3,1193,7.5,12.0,38.0,3.0,,,,West India,Vegetarian,Beverage,Boiled,100,1,Synthetic_IFCT_schema,Synthetic_Variant
SYN05506,Pomegranate (boiled),Fruits,,88.5,347,1.7,1.2,18.7,4.0,10,0.3,10,West India,Vegetarian,Beverage,Steamed,,0,Synthetic_IFCT_schema,Synthetic_Variant
SYN05507,"Wheat flour, whole (fried)",Cereals and Millets,Scientific_2,358.0,1427,11.8,1.5,69.4,1.9,41,4.9,0,North India,Vegetarian,Beverage,Cooked,150,0,Synthetic_IFCT_schema,Synthetic_Variant
SYN05508,"Onion, raw (roasted)",Vegetables,,41.3,167,1.1,0.1,9.3,1.7,23,0.4,7,Pan India,Vegetarian,lunch,Cooked,200,0,Synthetic_IFCT_schema,Synthetic_Variant
SYN05509,Pomegranate (fried),Fruits,,83.9,347,1.7,1.2,18.7,4.0,10,0.3,10,East,Vegetarian,snack,Grilled,100,0,Synthetic_IFCT_schema,Synthetic_Variant
SYN05510,Avial (roasted),Composite Dishes,,118.7,481,2.8,6.5,12.0,3.0,,,,South India,Vegetarian,lunch,,100,1,Synthetic_IFCT_schema,Synthetic_Variant
SYN05511,Pomegranate (fried),Fruits,Scientific_61,89.4,347,1.7,1.2,18.7,4.0,10,0.3,,West India,Vegetarian,Dessert,,100,0,Synthetic_IFCT_schema,Synthetic_Variant
SYN05512,Pomegranate (boiled),Fruits,Scientific_65,79.7,347,1.7,1.2,18.7,4.0,10,0.3,10,West India,Vegetarian,Main Course,Baked,N/A,0,Synthetic_IFCT_schema,Synthetic_Variant
SYN05513,Pomegranate (fried),Fruits,,81.2,347,1.7,1.2,18.7,4.0,10,0.3,10,West India,Vegetarian,Snack,Grilled,150,0,Synthetic_IFCT_schema,Synthetic_Variant
SYN05514,Sabudana (Tapioca pearls) (roasted),Cereals and Millets,,374.9,1469,0.2,0.2,88.7,0.9,,,,West India,Vegetarian,Dinner,Steamed,100,0,Synthetic_IFCT_schema,Synthetic_Variant
SYN05515,Pomegranate (steamed),Fruits,,,347,1.7,1.2,18.7,4.0,10,0.3,10,North,Vegetarian,Snack,Roasted,,0,Synthetic_IFCT_schema,Synthetic_Variant
SYN05516,Pomegranate (fried),Fruits,Scientific_61,80.1,347,1.7,1.2,18.7,4.0,10,0.3,,West India,Vegetarian,Dessert,,100,0,Synthetic_IFCT_schema,Synthetic_Variant
SYN05517,Pomegranate (boiled),Fruits,,89.2,347,1.7,1.2,18.7,4.0,10,0.3,10,West India,Vegetarian,Dessert,Steamed,150,0,Synthetic_IFCT_schema,Synthetic_Variant
SYN05518,Pomegranate (roasted),Fruits,,89.2,347,1.7,1.2,18.7,4.0,10,0.3,10,West India,non-vegetarian,,Roasted,100,0,Synthetic_IFCT_schema,Synthetic_Variant
SYN05519,"Tomato, raw (roasted)",Vegetables,,,75,0.9,0.2,3.9,1.2,13,,27,Pan India,Vegetarian,Dessert,Roasted,100,0,Synthetic_IFCT_schema,Synthetic_Variant
SYN05520,Guava (roasted),Fruits,,68.3,285,2.6,1.0,14.3,5.4,18,,228,Maharashtra,Vegetarian,Snack,Baked,N/A,0,Synthetic_IFCT_schema,Synthetic_Variant
SYN05521,Pomegranate (roasted),Fruits,,88.1,,1.7,1.2,18.7,4.0,10,0.3,10,West India,Vegetarian,Dessert,Baked,150,0,Synthetic_IFCT_schema,Synthetic_Variant
SYN05522,Pomegranate (fried),Fruits,,83.2,347,1.7,1.2,18.7,4.0,10,0.3,10,West India,Vegetarian,Main Course,,N/A,0,Synthetic_IFCT_schema,Synthetic_Variant
SYN05523,Machher jhol (roasted),Composite Dishes,,154.0,649,17.0,9.0,3.0,0.6,,,,East India,Non-Vegetarian,Dessert,Boiled,100,1,Synthetic_IFCT_schema,Synthetic_Variant
SYN05524,Bottle gourd (Lauki) (raw),Vegetables,,13.2,59,0.6,0.1,3.4,0.5,26,0.5,10,Pan India,Vegetarian,Beverage,Fried,150,0,Synthetic_IFCT_schema,Synthetic_Variant
SYN05525,Pomegranate (steamed),Fruits,,,347,1.7,1.2,18.7,4.0,,0.3,10,West India,Vegetarian,Main Course,Steamed,200,0,Synthetic_IFCT_schema,Synthetic_Variant
SYN05526,Pomegranate (boiled),Fruits,,84.0,347,1.7,1.2,18.7,4.0,10,0.3,10,Unknown,Vegetarian,Beverage,Steamed,N/A,0,Synthetic_IFCT_schema,Synthetic_Variant
SYN05527,Pomegranate (boiled),Fruits,Scientific_61,87.4,347,1.7,1.2,18.7,4.0,10,0.3,,West India,Vegetarian,Dessert,,100,0,Synthetic_IFCT_schema,Synthetic_Variant
SYN05528,Pomegranate (fried),Fruits,Scientific_79,79.7,347,1.7,1.2,18.7,,,0.3,,West India,Vegetarian,lunch,Fried,200,0,Synthetic_IFCT_schema,Synthetic_Variant
SYN05529,Pomegranate (roasted),Fruits,,89.1,347,1.7,1.2,18.7,4.0,10,0.3,10,West India,Vegetarian,,Raw,N/A,0,Synthetic_IFCT_schema,Synthetic_Variant
SYN05530,Pomegranate (fried),Fruits,,88.0,347,1.7,1.2,18.7,4.0,10,0.3,10,West India,Vegetarian,,Raw,N/A,0,Synthetic_IFCT_schema,Synthetic_Variant
SYN05531,"Rice, raw, milled (raw)",Cereals and Millets,,,1448,6.8,0.5,78.2,0.2,10,0.7,,Pan India,Vegetarian,Breakfast,Baked,,0,Synthetic_IFCT_schema,Synthetic_Variant
SYN05532,"Chana dal, raw (raw)",Pulses and Legumes,Scientific_12,374.1,1556,20.8,5.6,59.8,,56,4.9,1,North India,Vegetarian,breakfast,Cooked,100,0,Synthetic_IFCT_schema,Synthetic_Variant
SYN05533,Rajma (Kidney beans) (steamed),Pulses and Legumes,,337.9,1448,22.9,1.5,60.6,6.4,260,7.0,4,North India,Vegetarian,Any,N/A,N/A,0,Synthetic_IFCT_schema,Synthetic_Variant
SYN05534,Dhokla (raw),Composite Dishes,,81.0,318,3.5,1.5,12.0,0.8,,,,West India,Vegetarian,Breakfast,N/A,100,1,Synthetic_IFCT_schema,Synthetic_Variant
SYN05535,Pomegranate (steamed),Fruits,,89.2,347,1.7,1.2,18.7,4.0,10,0.3,10,West India,Vegetarian,Breakfast,N/A,,0,Synthetic_IFCT_schema,Synthetic_Variant
SYN05536,Pomegranate (roasted),Fruits,Scientific_61,83.7,347,1.7,1.2,18.7,4.0,10,0.3,,West India,Vegetarian,Dessert,,100,0,Synthetic_IFCT_schema,Synthetic_Variant
SYN05537,"Peanut, raw (fried)",Nuts and Oilseeds,Scientific_19,577.7,,25.8,49.2,16.1,8.5,92,4.6,0,West India,Non-Vegetarian,Dinner,Cooked,,0,Synthetic_IFCT_schema,Synthetic_Variant
SYN05538,Pomegranate (fried),Fruits,,84.3,347,1.7,1.2,18.7,4.0,10,0.3,10,West India,Vegetarian,Main Course,,N/A,0,Synthetic_IFCT_schema,Synthetic_Variant
SYN05539,Pomegranate (roasted),Fruits,,88.0,347,1.7,1.2,18.7,4.0,10,0.3,10,West India,Vegetarian,Lunch,Steamed,100,0,Synthetic_IFCT_schema,Synthetic_Variant
SYN05540,"Mango, ripe (Alphonso) (boiled)",Fruits,Scientific_31,65.9,293,0.6,0.4,17.0,1.6,10,0.3,36,West India,Vegetarian,Lunch,N/A,N/A,0,Synthetic_IFCT_schema,Synthetic_Variant
SYN05541,Pomegranate (steamed),Fruits,,77.1,347,1.7,1.2,18.7,4.0,10,0.3,10,West India,Vegetarian,Lunch,Steamed,100,0,Synthetic_IFCT_schema,Synthetic_Variant
SYN05542,"Soybean, raw (fried)",Pulses and Legumes,,424.6,1808,36.5,19.9,30.2,9.3,240,,,West India,Vegetarian,Any,Boiled,150,0,Synthetic_IFCT_schema,Synthetic_Variant
SYN05543,Rasam (fried),Composite Dishes,,31.4,125,1.2,0.8,4.5,,,,,South India,Vegetarian,Beverage,,100,1,Synthetic_IFCT_schema,Synthetic_Variant
SYN05544,Pomegranate (raw),Fruits,,84.1,347,1.7,1.2,18.7,4.0,10,0.3,10,West India,Vegetarian,Snack,Boiled,N/A,0,Synthetic_IFCT_schema,Synthetic_Variant
SYN05545,"Soya chunks, raw (roasted)",Pulses and Legumes,,368.4,1444,52.0,0.5,33.0,13.0,,,,Pan India,Vegetarian,snack,Baked,100,0,Synthetic_IFCT_schema,Synthetic_Variant
SYN05546,"Spinach (Palak), raw (fried)",Vegetables,Scientific_23,,96,2.0,0.3,3.5,,99,1.8,28,Pan India,Vegetarian,breakfast,Fried,200,0,Synthetic_IFCT_schema,Synthetic_Variant
SYN05547,Pomegranate (raw),Fruits,,85.9,,1.7,1.2,18.7,4.0,10,0.3,10,West India,Vegetarian,Dessert,Baked,150,0,Synthetic_IFCT_schema,Synthetic_Variant
SYN05548,Pomegranate (fried),Fruits,,79.3,347,1.7,1.2,18.7,,10,0.3,10,Pan India,Vegetarian,Main Course,Fried,150,0,Synthetic_IFCT_schema,Synthetic_Variant
SYN05549,Pomegranate (raw),Fruits,Scientific_69,87.8,347,1.7,1.2,18.7,4.0,10,0.3,,West India,Vegetarian,Dinner,Fried,150,0,Synthetic_IFCT_schema,Synthetic_Variant
SYN05550,Pomegranate (raw),Fruits,,78.5,347,1.7,1.2,18.7,4.0,10,0.3,10,West India,Vegetarian,Beverage,Steamed,,0,Synthetic_IFCT_schema,Synthetic_Variant
SYN05551,Rasam (roasted),Composite Dishes,,27.7,125,1.2,0.8,4.5,,,,,South India,Vegetarian,Beverage,,100,1,Synthetic_IFCT_schema,Synthetic_Variant
SYN05552,Rajma (Kidney beans) (fried),Pulses and Legumes,,339.7,1448,22.9,1.5,60.6,6.4,260,7.0,4,North India,Vegetarian,Any,N/A,N/A,0,Synthetic_IFCT_schema,Synthetic_Variant
SYN05553,Pomegranate (boiled),Fruits,,79.1,347,1.7,1.2,18.7,4.0,10,0.3,10,West India,Vegetarian,Beverage,Steamed,,0,Synthetic_IFCT_schema,Synthetic_Variant
SYN05554,Maize flour (fried),Cereals and Millets,Scientific_7,358.4,1485,8.7,3.6,70.0,2.7,9,2.3,,Pan India,Vegetarian,Main Course,N/A,N/A,0,Synthetic_IFCT_schema,Synthetic_Variant
SYN05555,Kabuli chana (raw),Pulses and Legumes,,336.9,,20.1,5.3,60.9,7.6,202,4.9,3,North India,Vegetarian,Breakfast,Grilled,N/A,0,Synthetic_IFCT_schema,Synthetic_Variant
SYN05556,Brinjal (Eggplant) (steamed),Vegetables,,24.4,105,1.4,0.3,5.5,3.4,18,0.3,2,Pan India,Vegetarian,lunch,Steamed,100,0,Synthetic_IFCT_schema,Synthetic_Variant
SYN05557,Avial (roasted),Composite Dishes,,112.4,481,2.8,6.5,12.0,3.0,,,,South India,Vegetarian,lunch,,100,1,Synthetic_IFCT_schema,Synthetic_Variant
SYN05558,Pomegranate (raw),Fruits,,84.9,347,1.7,1.2,18.7,4.0,10,0.3,10,West India,Vegetarian,Lunch,Roasted,200,0,Synthetic_IFCT_schema,Synthetic_Variant
SYN05559,Pomegranate (roasted),Fruits,Scientific_47,78.3,,1.7,1.2,18.7,4.0,10,0.3,10,West India,Non-Veg,snack,Grilled,200,0,Synthetic_IFCT_schema,Synthetic_Variant
SYN05560,Pomegranate (boiled),Fruits,,88.4,347,1.7,1.2,18.7,4.0,10,0.3,10,West India,Vegetarian,Main Course,,N/A,0,Synthetic_IFCT_schema,Synthetic_Variant
SYN05561,Pomegranate (steamed),Fruits,Scientific_47,89.0,,1.7,1.2,18.7,4.0,10,0.3,10,West India,Non-Veg,snack,Grilled,200,0,Synthetic_IFCT_schema,Synthetic_Variant
SYN05562,Pomegranate (boiled),Fruits,,80.0,347,1.7,1.2,18.7,4.0,10,0.3,10,West India,Vegetarian,Snack,Grilled,150,0,Synthetic_IFCT_schema,Synthetic_Variant
SYN05563,Kabuli chana (raw),Pulses and Legumes,,338.5,,20.1,5.3,60.9,7.6,202,4.9,3,North India,Vegetarian,Breakfast,Grilled,N/A,0,Synthetic_IFCT_schema,Synthetic_Variant
SYN05564,Pomegranate (steamed),Fruits,Scientific_71,87.7,347,1.7,1.2,18.7,4.0,10,0.3,10,West India,Vegetarian,Breakfast,Fried,100,0,Synthetic_IFCT_schema,Synthetic_Variant
SYN05565,"Wheat flour, refined (raw)",Cereals and Millets,Scientific_3,328.4,1456,10.3,0.9,73.9,0.3,23,2.7,0,North India,Vegetarian,snack,,,0,Synthetic_IFCT_schema,Synthetic_Variant
SYN05566,Pomegranate (roasted),Fruits,,78.2,347,1.7,1.2,18.7,,10,0.3,10,West India,Vegetarian,Dinner,Baked,100,0,Synthetic_IFCT_schema,Synthetic_Variant
SYN05567,Methi thepla (steamed),Composite Dishes,,305.5,1193,7.5,12.0,38.0,3.0,,,,West India,Vegetarian,Beverage,Boiled,100,1,Synthetic_IFCT_schema,Synthetic_Variant
SYN05568,"Potato, raw (fried)",Vegetables,Scientific_20,75.2,322,1.9,0.1,17.8,1.8,11,0.7,13,Pan India,Vegetarian,lunch,Cooked,150,0,Synthetic_IFCT_schema,Synthetic_Variant
SYN05569,"Onion, raw (roasted)",Vegetables,,39.6,167,1.1,0.1,9.3,1.7,23,0.4,7,Pan India,Vegetarian,lunch,Cooked,200,0,Synthetic_IFCT_schema,Synthetic_Variant
SYN05570,Pomegranate (boiled),Fruits,Scientific_45,76.9,347,1.7,1.2,18.7,4.0,10,0.3,,West India,Veg,breakfast,Roasted,N/A,0,Synthetic_IFCT_schema,Synthetic_Variant
SYN05571,Pomegranate (raw),Fruits,,87.3,347,1.7,1.2,18.7,4.0,10,0.3,10,West India,Vegetarian,Main Course,Fried,,0,Synthetic_IFCT_schema,Synthetic_Variant
SYN05572,Pomegranate (steamed),Fruits,Scientific_65,79.6,347,1.7,1.2,18.7,4.0,10,0.3,10,West India,Vegetarian,Main Course,Baked,N/A,0,Synthetic_IFCT_schema,Synthetic_Variant
SYN05573,"Moong dal, raw (roasted)",Pulses and Legumes,,332.2,,24.0,1.3,59.9,4.1,75,6.7,7,Pan India,Vegetarian,,,,0,Synthetic_IFCT_schema,Synthetic_Variant
SYN05574,Ragi (Finger millet) (raw),Cereals and Millets,Scientific_6,315.8,1373,7.3,1.5,66.8,3.6,344,3.9,0,South India,Vegetarian,Main Course,Boiled,N/A,0,Synthetic_IFCT_schema,Synthetic_Variant
SYN05575,"Toor dal, raw (boiled)",Pulses and Legumes,,331.2,,22.3,1.7,57.6,4.2,73,5.6,0,Pan India,Vegetarian,Dessert,Baked,100,0,Synthetic_IFCT_schema,Synthetic_Variant
SYN05576,Pomegranate (boiled),Fruits,,,347,1.7,1.2,18.7,4.0,10,0.3,10,North,Vegetarian,Snack,Roasted,,0,Synthetic_IFCT_schema,Synthetic_Variant
SYN05577,Jowar (Sorghum) (fried),Cereals and Millets,Scientific_5,336.4,,10.4,1.9,72.6,1.6,25,,0,Unknown,Vegetarian,Main Course,Fried,,0,Synthetic_IFCT_schema,Synthetic_Variant
SYN05578,Kabuli chana (raw),Pulses and Legumes,,366.8,,20.1,5.3,60.9,7.6,202,4.9,3,North India,Vegetarian,Breakfast,Grilled,N/A,0,Synthetic_IFCT_schema,Synthetic_Variant
SYN05579,Pomegranate (steamed),Fruits,Scientific_40,79.3,347,1.7,1.2,18.7,4.0,10,0.3,10,West India,Vegetarian,Any,Cooked,N/A,0,Synthetic_IFCT_schema,Synthetic_Variant
SYN05580,Pomegranate (fried),Fruits,Scientific_70,,347,1.7,1.2,18.7,,10,0.3,10,West India,Veg,Main Course,Baked,200,0,Synthetic_IFCT_schema,Synthetic_Variant
SYN05581,Pomegranate (raw),Fruits,Scientific_66,77.3,347,1.7,1.2,18.7,4.0,10,0.3,10,West India,Vegetarian,Dessert,Raw,200,0,Synthetic_IFCT_schema,Synthetic_Variant
SYN05582,Pomegranate (boiled),Fruits,Scientific_62,82.2,347,1.7,1.2,18.7,4.0,10,0.3,10,West India,non-vegetarian,snack,Fried,,0,Synthetic_IFCT_schema,Synthetic_Variant
SYN05583,Pomegranate (raw),Fruits,Scientific_69,81.8,347,1.7,1.2,18.7,4.0,10,0.3,,West India,Vegetarian,Dinner,Fried,150,0,Synthetic_IFCT_schema,Synthetic_Variant
SYN05584,Pomegranate (raw),Fruits,Scientific_65,89.1,347,1.7,1.2,18.7,4.0,10,0.3,10,West India,Vegetarian,Main Course,Baked,N/A,0,Synthetic_IFCT_schema,Synthetic_Variant
SYN05585,Pomegranate (raw),Fruits,,86.7,347,1.7,1.2,18.7,4.0,10,,10,West India,Vegetarian,Snack,N/A,150,0,Synthetic_IFCT_schema,Synthetic_Variant
SYN05586,"Rice, raw, milled (raw)",Cereals and Millets,,,1448,6.8,0.5,78.2,0.2,10,0.7,,Pan India,Vegetarian,Breakfast,Baked,,0,Synthetic_IFCT_schema,Synthetic_Variant
SYN05587,Semolina (Rava) (boiled),Cereals and Millets,,,1506,10.0,1.0,74.0,,16,4.7,0,Pan India,Veg,breakfast,Steamed,,0,Synthetic_IFCT_schema,Synthetic_Variant
SYN05588,Ragi (Finger millet) (fried),Cereals and Millets,Scientific_6,328.7,1373,7.3,1.5,66.8,3.6,344,3.9,0,South India,Vegetarian,Main Course,Boiled,N/A,0,Synthetic_IFCT_schema,Synthetic_Variant
SYN05589,Kabuli chana (boiled),Pulses and Legumes,,379.6,,20.1,5.3,60.9,7.6,202,4.9,3,North India,Vegetarian,Breakfast,Grilled,N/A,0,Synthetic_IFCT_schema,Synthetic_Variant
SYN05590,Shrikhand (roasted),Milk and Milk Products,,218.6,921,7.0,7.0,33.0,,,,,West India,Vegetarian,Dinner,Cooked,100,0,Synthetic_IFCT_schema,Synthetic_Variant
SYN05591,"Spinach (Palak), raw (steamed)",Vegetables,Scientific_23,,96,2.0,0.3,3.5,,99,1.8,28,Pan India,Vegetarian,breakfast,Fried,200,0,Synthetic_IFCT_schema,Synthetic_Variant
SYN05592,Pomegranate (roasted),Fruits,,85.1,347,1.7,1.2,18.7,4.0,10,0.3,10,Unknown,Vegetarian,Beverage,Steamed,N/A,0,Synthetic_IFCT_schema,Synthetic_Variant
SYN05593,Pomegranate (roasted),Fruits,,76.5,347,1.7,1.2,18.7,4.0,,0.3,10,West India,Vegetarian,Main Course,Grilled,,0,Synthetic_IFCT_schema,Synthetic_Variant
SYN05594,Amla (Indian gooseberry) (roasted),Fruits,,43.0,184,0.9,0.6,10.2,4.3,50,1.2,600,Western,Vegetarian,breakfast,Roasted,150,0,Synthetic_IFCT_schema,Synthetic_Variant
SYN05595,"Urad dal, raw (raw)",Pulses and Legumes,Scientific_15,,1428,25.1,1.4,59.0,1.8,154,4.5,0,South India,Vegetarian,Main Course,Grilled,N/A,0,Synthetic_IFCT_schema,Synthetic_Variant
SYN05596,"Momos, veg (steamed) (boiled)",Composite Dishes,,181.1,753,5.5,5.5,28.0,2.0,,,,East India,Vegetarian,lunch,Steamed,100,1,Synthetic_IFCT_schema,Synthetic_Variant
SYN05597,Pomegranate (roasted),Fruits,Scientific_73,88.2,347,1.7,1.2,18.7,4.0,10,0.3,10,West India,Vegetarian,snack,Cooked,100,0,Synthetic_IFCT_schema,Synthetic_Variant
SYN05598,Appam (roasted),Composite Dishes,,118.4,502,2.5,2.8,22.0,0.5,,,,South India,Vegetarian,Beverage,N/A,100,1,Synthetic_IFCT_schema,Synthetic_Variant
SYN05599,Pomegranate (raw),Fruits,,,347,1.7,1.2,18.7,4.0,10,0.3,,West India,Vegetarian,breakfast,Fried,,0,Synthetic_IFCT_schema,Synthetic_Variant
SYN05600,Litti chokha (roasted),Composite Dishes,,335.4,1340,9.0,10.0,50.0,3.5,,,,East India,Vegetarian,Beverage,Fried,100,1,Synthetic_IFCT_schema,Synthetic_Variant
SYN05601,Kabuli chana (steamed),Pulses and Legumes,,374.8,,20.1,5.3,60.9,7.6,202,4.9,3,North India,Vegetarian,Breakfast,Grilled,N/A,0,Synthetic_IFCT_schema,Synthetic_Variant
SYN05602,"Papaya, ripe (raw)",Fruits,,43.0,180,0.5,0.1,10.8,1.7,20,0.1,62,South India,Vegetarian,snack,Fried,,0,Synthetic_IFCT_schema,Synthetic_Variant
SYN05603,Pomegranate (raw),Fruits,,84.7,347,1.7,1.2,18.7,4.0,10,0.3,10,West India,Vegetarian,,Raw,N/A,0,Synthetic_IFCT_schema,Synthetic_Variant
SYN05604,Pomegranate (steamed),Fruits,,79.1,347,1.7,1.2,18.7,4.0,10,0.3,10,East,Vegetarian,snack,Grilled,100,0,Synthetic_IFCT_schema,Synthetic_Variant
SYN05605,Pomegranate (steamed),Fruits,Scientific_53,77.7,347,1.7,1.2,18.7,4.0,10,0.3,10,West India,Vegetarian,Snack,Baked,100,0,Synthetic_IFCT_schema,Synthetic_Variant
SYN05606,Sabudana (Tapioca pearls) (raw),Cereals and Millets,,326.7,1469,0.2,0.2,88.7,0.9,,,,West India,Vegetarian,Dinner,Steamed,100,0,Synthetic_IFCT_schema,Synthetic_Variant
SYN05607,Pomegranate (roasted),Fruits,,80.2,347,1.7,1.2,18.7,4.0,10,0.3,,West India,Vegetarian,Snack,Baked,200,0,Synthetic_IFCT_schema,Synthetic_Variant
SYN05608,Pomegranate (raw),Fruits,,83.4,347,1.7,1.2,18.7,4.0,10,0.3,,West India,Veg,lunch,,,0,Synthetic_IFCT_schema,Synthetic_Variant
SYN05609,Pomegranate (steamed),Fruits,Scientific_71,81.5,347,1.7,1.2,18.7,4.0,10,0.3,10,West India,Vegetarian,Breakfast,Fried,100,0,Synthetic_IFCT_schema,Synthetic_Variant
SYN05610,Semolina (Rava) (raw),Cereals and Millets,,,1506,10.0,1.0,74.0,,16,4.7,0,Pan India,Veg,breakfast,Steamed,,0,Synthetic_IFCT_schema,Synthetic_Variant
SYN05611,Pomegranate (boiled),Fruits,Scientific_66,85.4,347,1.7,1.2,18.7,4.0,10,0.3,10,West India,Vegetarian,Dessert,Raw,200,0,Synthetic_IFCT_schema,Synthetic_Variant
SYN05612,Pomegranate (fried),Fruits,Scientific_53,88.3,347,1.7,1.2,18.7,4.0,10,0.3,10,West India,Vegetarian,Snack,Baked,100,0,Synthetic_IFCT_schema,Synthetic_Variant
SYN05613,Banana (Cavendish) (fried),Fruits,Scientific_32,93.1,372,1.1,0.3,23.0,2.6,5,0.3,8,South India,Vegetarian,Dinner,,100,0,Synthetic_IFCT_schema,Synthetic_Variant
SYN05614,Pomegranate (raw),Fruits,,81.8,347,1.7,1.2,18.7,4.0,10,0.3,,West India,Vegetarian,Snack,Baked,200,0,Synthetic_IFCT_schema,Synthetic_Variant
SYN05615,Pomegranate (steamed),Fruits,,78.6,347,1.7,1.2,18.7,4.0,10,0.3,10,West India,Vegetarian,breakfast,,100,0,Synthetic_IFCT_schema,Synthetic_Variant
SYN05616,Pomegranate (roasted),Fruits,,82.8,347,1.7,1.2,18.7,4.0,10,0.3,10,West India,Vegetarian,Main Course,Fried,,0,Synthetic_IFCT_schema,Synthetic_Variant
SYN05617,"Tomato, raw (boiled)",Vegetables,,,75,0.9,0.2,3.9,1.2,13,,27,Pan India,Vegetarian,Dessert,Roasted,100,0,Synthetic_IFCT_schema,Synthetic_Variant
SYN05618,Pomegranate (roasted),Fruits,,89.4,347,1.7,1.2,18.7,4.0,10,0.3,10,West India,non-vegetarian,,Roasted,100,0,Synthetic_IFCT_schema,Synthetic_Variant
SYN05619,Litti chokha (fried),Composite Dishes,,312.0,1340,9.0,10.0,50.0,3.5,,,,East India,Vegetarian,Beverage,Fried,100,1,Synthetic_IFCT_schema,Synthetic_Variant
SYN05620,"Chana dal, raw (steamed)",Pulses and Legumes,Scientific_12,362.1,1556,20.8,5.6,59.8,,56,4.9,1,North India,Vegetarian,breakfast,Cooked,100,0,Synthetic_IFCT_schema,Synthetic_Variant
SYN05621,"Coconut, fresh (steamed)",Nuts and Oilseeds,Scientific_30,331.6,1482,3.3,33.5,15.2,9.0,14,1.9,3,South India,Vegetarian,Lunch,,200,0,Synthetic_IFCT_schema,Synthetic_Variant
SYN05622,"Rice, cooked (steamed)",Cereals and Millets,,135.6,544,2.7,0.3,28.2,,3,0.2,0,Pan India,non-vegetarian,Snack,Baked,100,0,Synthetic_IFCT_schema,Synthetic_Variant
SYN05623,Pomegranate (raw),Fruits,,88.9,347,1.7,1.2,18.7,4.0,10,0.3,10,West India,Vegetarian,Lunch,Roasted,200,0,Synthetic_IFCT_schema,Synthetic_Variant
SYN05624,"Rice, cooked (steamed)",Cereals and Millets,,125.1,544,2.7,0.3,28.2,,3,0.2,0,Pan India,non-vegetarian,Snack,Baked,100,0,Synthetic_IFCT_schema,Synthetic_Variant
SYN05625,"Urad dal, raw (steamed)",Pulses and Legumes,Scientific_15,,1428,25.1,1.4,59.0,1.8,154,4.5,0,South India,Vegetarian,Main Course,Grilled,N/A,0,Synthetic_IFCT_schema,Synthetic_Variant
SYN05626,Pomegranate (steamed),Fruits,Scientific_40,88.6,347,1.7,1.2,18.7,4.0,10,0.3,10,West India,Vegetarian,Any,Cooked,N/A,0,Synthetic_IFCT_schema,Synthetic_Variant
SYN05627,"Papaya, ripe (roasted)",Fruits,,43.8,180,0.5,0.1,10.8,1.7,20,0.1,62,South India,Vegetarian,snack,Fried,,0,Synthetic_IFCT_schema,Synthetic_Variant
SYN05628,Pomegranate (raw),Fruits,,86.3,347,1.7,1.2,18.7,4.0,10,0.3,10,West India,non-vegetarian,,Roasted,100,0,Synthetic_IFCT_schema,Synthetic_Variant
SYN05629,"Moong dal, raw (fried)",Pulses and Legumes,,350.5,,24.0,1.3,59.9,4.1,75,6.7,7,Pan India,Vegetarian,,,,0,Synthetic_IFCT_schema,Synthetic_Variant
SYN05630,"Onion, raw (roasted)",Vegetables,,41.5,167,1.1,0.1,9.3,1.7,23,0.4,7,Pan India,Vegetarian,lunch,Cooked,200,0,Synthetic_IFCT_schema,Synthetic_Variant
SYN05631,Pomegranate (steamed),Fruits,,,347,1.7,1.2,18.7,4.0,10,0.3,10,North,Vegetarian,Snack,Roasted,,0,Synthetic_IFCT_schema,Synthetic_Variant
SYN05632,"Masoor dal, raw (fried)",Pulses and Legumes,,343.1,1435,25.1,0.9,59.0,3.5,68,7.6,1,Southern,Vegetarian,lunch,Grilled,100,0,Synthetic_IFCT_schema,Synthetic_Variant
SYN05633,Pomegranate (fried),Fruits,,77.2,347,1.7,1.2,18.7,,10,0.3,10,West India,Vegetarian,Dinner,Baked,100,0,Synthetic_IFCT_schema,Synthetic_Variant
SYN05634,Bamboo shoots (boiled),Vegetables,,28.1,113,2.6,0.3,5.2,2.2,,,,East India,Vegetarian,Dinner,Boiled,100,0,Synthetic_IFCT_schema,Synthetic_Variant
SYN05635,Pomegranate (raw),Fruits,,78.7,347,1.7,1.2,18.7,4.0,10,0.3,10,West India,Vegetarian,Lunch,Roasted,200,0,Synthetic_IFCT_schema,Synthetic_Variant
SYN05636,"Wheat flour, whole (roasted)",Cereals and Millets,Scientific_2,348.7,1427,11.8,1.5,69.4,1.9,41,4.9,0,North India,Vegetarian,Beverage,Cooked,150,0,Synthetic_IFCT_schema,Synthetic_Variant
SYN05637,Pomegranate (steamed),Fruits,,83.0,347,1.7,1.2,18.7,4.0,10,0.3,10,West India,Vegetarian,Lunch,Roasted,200,0,Synthetic_IFCT_schema,Synthetic_Variant
SYN05638,Bamboo shoots (roasted),Vegetables,,28.2,113,2.6,0.3,5.2,2.2,,,,East India,Vegetarian,Dinner,Boiled,100,0,Synthetic_IFCT_schema,Synthetic_Variant
SYN05639,"Urad dal, raw (boiled)",Pulses and Legumes,Scientific_15,,1428,25.1,1.4,59.0,1.8,154,4.5,0,South India,Vegetarian,Main Course,Grilled,N/A,0,Synthetic_IFCT_schema,Synthetic_Variant
SYN05640,Banana (Cavendish) (fried),Fruits,Scientific_32,85.0,372,1.1,0.3,23.0,2.6,5,0.3,8,South India,Vegetarian,Dinner,,100,0,Synthetic_IFCT_schema,Synthetic_Variant
SYN05641,Pomegranate (fried),Fruits,Scientific_71,85.6,347,1.7,1.2,18.7,4.0,10,0.3,10,West India,Vegetarian,Breakfast,Fried,100,0,Synthetic_IFCT_schema,Synthetic_Variant
SYN05642,Pomegranate (fried),Fruits,,87.5,347,1.7,1.2,18.7,4.0,10,0.3,10,West India,Vegetarian,Dessert,N/A,100,0,Synthetic_IFCT_schema,Synthetic_Variant
SYN05643,Pomegranate (fried),Fruits,,87.8,,1.7,1.2,18.7,4.0,10,0.3,10,West India,Vegetarian,Dessert,Baked,150,0,Synthetic_IFCT_schema,Synthetic_Variant
SYN05644,Pomegranate (raw),Fruits,Scientific_45,80.2,347,1.7,1.2,18.7,4.0,10,0.3,,West India,Veg,breakfast,Roasted,N/A,0,Synthetic_IFCT_schema,Synthetic_Variant
SYN05645,Pomegranate (boiled),Fruits,,77.2,347,1.7,1.2,18.7,4.0,10,0.3,10,West India,Vegetarian,Lunch,Steamed,100,0,Synthetic_IFCT_schema,Synthetic_Variant
SYN05646,Sabudana (Tapioca pearls) (raw),Cereals and Millets,,369.1,1469,0.2,0.2,88.7,0.9,,,,West India,Vegetarian,Dinner,Steamed,100,0,Synthetic_IFCT_schema,Synthetic_Variant
SYN05647,Pomegranate (roasted),Fruits,Scientific_69,88.0,347,1.7,1.2,18.7,4.0,10,0.3,,West India,Vegetarian,Dinner,Fried,150,0,Synthetic_IFCT_schema,Synthetic_Variant
SYN05648,Pomegranate (raw),Fruits,,83.4,347,1.7,1.2,18.7,4.0,10,0.3,10,East,Vegetarian,snack,Grilled,100,0,Synthetic_IFCT_schema,Synthetic_Variant
SYN05649,"Soya chunks, raw (steamed)",Pulses and Legumes,,325.4,1444,52.0,0.5,33.0,13.0,,,,Pan India,Vegetarian,snack,Baked,100,0,Synthetic_IFCT_schema,Synthetic_Variant
SYN05650,Methi thepla (raw),Composite Dishes,,296.8,1193,7.5,12.0,38.0,3.0,,,,West India,Vegetarian,Beverage,Boiled,100,1,Synthetic_IFCT_schema,Synthetic_Variant
SYN05651,"Urad dal, raw (steamed)",Pulses and Legumes,Scientific_15,,1428,25.1,1.4,59.0,1.8,154,4.5,0,South India,Vegetarian,Main Course,Grilled,N/A,0,Synthetic_IFCT_schema,Synthetic_Variant
SYN05652,Litti chokha (steamed),Composite Dishes,,344.0,1340,9.0,10.0,50.0,3.5,,,,East India,Vegetarian,Beverage,Fried,100,1,Synthetic_IFCT_schema,Synthetic_Variant
SYN05653,Ragi (Finger millet) (fried),Cereals and Millets,Scientific_6,335.2,1373,7.3,1.5,66.8,3.6,344,3.9,0,South India,Vegetarian,Main Course,Boiled,N/A,0,Synthetic_IFCT_schema,Synthetic_Variant
SYN05654,Pomegranate (roasted),Fruits,Scientific_79,76.8,347,1.7,1.2,18.7,,,0.3,,West India,Vegetarian,lunch,Fried,200,0,Synthetic_IFCT_schema,Synthetic_Variant
SYN05655,Pomegranate (steamed),Fruits,,81.5,347,1.7,1.2,18.7,4.0,10,0.3,10,West India,Vegetarian,Lunch,Steamed,100,0,Synthetic_IFCT_schema,Synthetic_Variant
SYN05656,Pomegranate (raw),Fruits,Scientific_71,82.0,347,1.7,1.2,18.7,4.0,10,0.3,10,West India,Vegetarian,Breakfast,Fried,100,0,Synthetic_IFCT_schema,Synthetic_Variant
SYN05657,Pomegranate (roasted),Fruits,Scientific_70,,347,1.7,1.2,18.7,,10,0.3,10,West India,Veg,Main Course,Baked,200,0,Synthetic_IFCT_schema,Synthetic_Variant
SYN05658,Pomegranate (raw),Fruits,Scientific_50,81.2,347,1.7,1.2,18.7,4.0,10,0.3,,North India,Veg,Beverage,Steamed,100,0,Synthetic_IFCT_schema,Synthetic_Variant
SYN05659,Pomegranate (raw),Fruits,Scientific_78,80.9,347,1.7,1.2,18.7,4.0,10,0.3,10,West India,Vegetarian,,,,0,Synthetic_IFCT_schema,Synthetic_Variant
SYN05660,"Soybean, raw (fried)",Pulses and Legumes,,406.7,1808,36.5,19.9,30.2,9.3,240,,,West India,Vegetarian,Any,Boiled,150,0,Synthetic_IFCT_schema,Synthetic_Variant
SYN05661,Sabudana (Tapioca pearls) (steamed),Cereals and Millets,,332.8,1469,0.2,0.2,88.7,0.9,,,,West India,Vegetarian,Dinner,Steamed,100,0,Synthetic_IFCT_schema,Synthetic_Variant
SYN05662,Pomegranate (boiled),Fruits,,85.2,347,1.7,1.2,18.7,,10,0.3,10,West India,Vegetarian,Dinner,Baked,100,0,Synthetic_IFCT_schema,Synthetic_Variant
SYN05663,Pomegranate (roasted),Fruits,,81.7,347,1.7,1.2,18.7,4.0,10,0.3,10,Unknown,Vegetarian,Beverage,Steamed,N/A,0,Synthetic_IFCT_schema,Synthetic_Variant
SYN05664,Dhokla (steamed),Composite Dishes,,70.9,318,3.5,1.5,12.0,0.8,,,,West India,Vegetarian,Breakfast,N/A,100,1,Synthetic_IFCT_schema,Synthetic_Variant
SYN05665,Okra (Bhindi) (raw),Vegetables,Scientific_26,34.7,138,2.1,0.2,7.0,2.5,82,0.8,21,Pan India,non-vegetarian,,Fried,150,0,Synthetic_IFCT_schema,Synthetic_Variant
SYN05666,Pomegranate (fried),Fruits,Scientific_47,78.1,,1.7,1.2,18.7,4.0,10,0.3,10,West India,Non-Veg,snack,Grilled,200,0,Synthetic_IFCT_schema,Synthetic_Variant
SYN05667,Pomegranate (boiled),Fruits,Scientific_71,88.8,347,1.7,1.2,18.7,4.0,10,0.3,10,West India,Vegetarian,Breakfast,Fried,100,0,Synthetic_IFCT_schema,Synthetic_Variant
SYN05668,Semolina (Rava) (steamed),Cereals and Millets,,,1506,10.0,1.0,74.0,,16,4.7,0,Pan India,Veg,breakfast,Steamed,,0,Synthetic_IFCT_schema,Synthetic_Variant
SYN05669,Pomegranate (raw),Fruits,,89.0,,1.7,1.2,18.7,4.0,10,0.3,10,West India,Vegetarian,Dessert,Baked,150,0,Synthetic_IFCT_schema,Synthetic_Variant
SYN05670,Pomegranate (roasted),Fruits,Scientific_78,85.6,347,1.7,1.2,18.7,4.0,10,0.3,10,West India,Vegetarian,,,,0,Synthetic_IFCT_schema,Synthetic_Variant
SYN05671,"Urad dal, raw (boiled)",Pulses and Legumes,Scientific_15,,1428,25.1,1.4,59.0,1.8,154,4.5,0,South India,Vegetarian,Main Course,Grilled,N/A,0,Synthetic_IFCT_schema,Synthetic_Variant
SYN05672,Sattu (roasted gram flour) (boiled),Cereals and Millets,,398.5,1700,22.5,7.0,64.0,1.8,,,,East India,Vegetarian,snack,Grilled,100,0,Synthetic_IFCT_schema,Synthetic_Variant
SYN05673,Rasam (boiled),Composite Dishes,,31.3,125,1.2,0.8,4.5,,,,,South India,Vegetarian,Beverage,,100,1,Synthetic_IFCT_schema,Synthetic_Variant
SYN05674,Brinjal (Eggplant) (steamed),Vegetables,,23.7,105,1.4,0.3,5.5,3.4,18,0.3,2,Pan India,Vegetarian,lunch,Steamed,100,0,Synthetic_IFCT_schema,Synthetic_Variant
SYN05675,Litti chokha (steamed),Composite Dishes,,311.2,1340,9.0,10.0,50.0,3.5,,,,East India,Vegetarian,Beverage,Fried,100,1,Synthetic_IFCT_schema,Synthetic_Variant
SYN05676,"Potato, raw (fried)",Vegetables,Scientific_20,74.5,322,1.9,0.1,17.8,1.8,11,0.7,13,Pan India,Vegetarian,lunch,Cooked,150,0,Synthetic_IFCT_schema,Synthetic_Variant
SYN05677,Pomegranate (steamed),Fruits,Scientific_65,76.6,347,1.7,1.2,18.7,4.0,10,0.3,10,West India,Vegetarian,Main Course,Baked,N/A,0,Synthetic_IFCT_schema,Synthetic_Variant
SYN05678,"Toor dal, raw (roasted)",Pulses and Legumes,,349.8,,22.3,1.7,57.6,4.2,73,5.6,0,Pan India,Vegetarian,Dessert,Baked,100,0,Synthetic_IFCT_schema,Synthetic_Variant
SYN05679,Pomegranate (steamed),Fruits,Scientific_61,82.5,347,1.7,1.2,18.7,4.0,10,0.3,,West India,Vegetarian,Dessert,,100,0,Synthetic_IFCT_schema,Synthetic_Variant
SYN05680,Pomegranate (boiled),Fruits,,77.7,347,1.7,1.2,18.7,4.0,10,0.3,,West India,Vegetarian,Snack,Baked,200,0,Synthetic_IFCT_schema,Synthetic_Variant
SYN05681,Pomegranate (raw),Fruits,Scientific_50,78.2,347,1.7,1.2,18.7,4.0,10,0.3,,North India,Veg,Beverage,Steamed,100,0,Synthetic_IFCT_schema,Synthetic_Variant
SYN05682,Watermelon (boiled),Fruits,,32.1,125,0.6,0.2,7.6,0.4,7,,8,Pan India,Vegetarian,Breakfast,,200,0,Synthetic_IFCT_schema,Synthetic_Variant
SYN05683,Pomegranate (raw),Fruits,Scientific_68,84.0,347,1.7,1.2,18.7,4.0,10,0.3,10,Northern,Veg,dinner,Steamed,N/A,0,Synthetic_IFCT_schema,Synthetic_Variant
SYN05684,"Papaya, ripe (raw)",Fruits,,41.3,180,0.5,0.1,10.8,1.7,20,0.1,62,South India,Vegetarian,snack,Fried,,0,Synthetic_IFCT_schema,Synthetic_Variant
SYN05685,Pomegranate (boiled),Fruits,,85.1,347,1.7,1.2,18.7,4.0,10,0.3,10,East,Vegetarian,snack,Grilled,100,0,Synthetic_IFCT_schema,Synthetic_Variant
SYN05686,"Rice, cooked (boiled)",Cereals and Millets,,129.5,544,2.7,0.3,28.2,,3,0.2,0,Pan India,non-vegetarian,Snack,Baked,100,0,Synthetic_IFCT_schema,Synthetic_Variant
SYN05687,Pomegranate (steamed),Fruits,,80.8,347,1.7,1.2,18.7,4.0,10,0.3,10,West India,Vegetarian,Dessert,N/A,100,0,Synthetic_IFCT_schema,Synthetic_Variant
SYN05688,Fenugreek leaves (Methi) (roasted),Vegetables,Scientific_28,52.0,205,4.4,0.9,6.0,1.1,,1.9,52,North India,Vegetarian,Dessert,Boiled,150,0,Synthetic_IFCT_schema,Synthetic_Variant
SYN05689,Rasam (steamed),Composite Dishes,,30.5,125,1.2,0.8,4.5,,,,,South India,Vegetarian,Beverage,,100,1,Synthetic_IFCT_schema,Synthetic_Variant
SYN05690,Pomegranate (roasted),Fruits,,80.7,347,1.7,1.2,18.7,4.0,10,0.3,10,West India,Vegetarian,Beverage,Steamed,,0,Synthetic_IFCT_schema,Synthetic_Variant
SYN05691,Oats (boiled),Cereals and Millets,,362.6,1628,16.9,6.9,66.3,,54,4.7,0,North India,Vegetarian,Breakfast,Cooked,100,0,Synthetic_IFCT_schema,Synthetic_Variant
SYN05692,Maize flour (fried),Cereals and Millets,Scientific_7,350.8,1485,8.7,3.6,70.0,2.7,9,2.3,,Pan India,Vegetarian,Main Course,N/A,N/A,0,Synthetic_IFCT_schema,Synthetic_Variant
SYN05693,Sabudana (Tapioca pearls) (raw),Cereals and Millets,,350.8,1469,0.2,0.2,88.7,0.9,,,,West India,Vegetarian,Dinner,Steamed,100,0,Synthetic_IFCT_schema,Synthetic_Variant
SYN05694,Pomegranate (roasted),Fruits,,78.7,347,1.7,1.2,18.7,4.0,10,0.3,10,West India,Vegetarian,Dessert,Steamed,150,0,Synthetic_IFCT_schema,Synthetic_Variant
SYN05695,Pomegranate (boiled),Fruits,,81.7,347,1.7,1.2,18.7,4.0,10,0.3,10,Unknown,Vegetarian,Beverage,Steamed,N/A,0,Synthetic_IFCT_schema,Synthetic_Variant
SYN05696,Fenugreek leaves (Methi) (steamed),Vegetables,Scientific_28,45.6,205,4.4,0.9,6.0,1.1,,1.9,52,North India,Vegetarian,Dessert,Boiled,150,0,Synthetic_IFCT_schema,Synthetic_Variant
SYN05697,Litti chokha (boiled),Composite Dishes,,309.7,1340,9.0,10.0,50.0,3.5,,,,East India,Vegetarian,Beverage,Fried,100,1,Synthetic_IFCT_schema,Synthetic_Variant
SYN05698,Bitter gourd (Karela) (steamed),Vegetables,Scientific_27,15.9,,1.0,0.2,3.4,2.8,20,0.6,84,Pan India,Vegetarian,snack,,,0,Synthetic_IFCT_schema,Synthetic_Variant
SYN05699,Pomegranate (roasted),Fruits,Scientific_40,85.5,347,1.7,1.2,18.7,4.0,10,0.3,10,West India,Vegetarian,Any,Cooked,N/A,0,Synthetic_IFCT_schema,Synthetic_Variant
SYN05700,Bitter gourd (Karela) (fried),Vegetables,Scientific_27,17.3,,1.0,0.2,3.4,2.8,20,0.6,84,Pan India,Vegetarian,snack,,,0,Synthetic_IFCT_schema,Synthetic_Variant
SYN05701,"Rice, raw, milled (steamed)",Cereals and Millets,,,1448,6.8,0.5,78.2,0.2,10,0.7,,Pan India,Vegetarian,Breakfast,Baked,,0,Synthetic_IFCT_schema,Synthetic_Variant
SYN05702,Pomegranate (steamed),Fruits,,84.3,347,1.7,1.2,18.7,4.0,,0.3,10,West India,Vegetarian,Main Course,Grilled,,0,Synthetic_IFCT_schema,Synthetic_Variant
SYN05703,Banana (Cavendish) (boiled),Fruits,Scientific_32,95.9,372,1.1,0.3,23.0,2.6,5,0.3,8,South India,Vegetarian,Dinner,,100,0,Synthetic_IFCT_schema,Synthetic_Variant
SYN05704,"Tomato, raw (raw)",Vegetables,,,75,0.9,0.2,3.9,1.2,13,,27,Pan India,Vegetarian,Dessert,Roasted,100,0,Synthetic_IFCT_schema,Synthetic_Variant
SYN05705,Appam (boiled),Composite Dishes,,115.5,502,2.5,2.8,22.0,0.5,,,,South India,Vegetarian,Beverage,N/A,100,1,Synthetic_IFCT_schema,Synthetic_Variant
SYN05706,Pomegranate (fried),Fruits,Scientific_65,87.9,347,1.7,1.2,18.7,4.0,10,0.3,10,West India,Vegetarian,Main Course,Baked,N/A,0,Synthetic_IFCT_schema,Synthetic_Variant
SYN05707,Pomegranate (raw),Fruits,,88.1,347,1.7,1.2,18.7,4.0,,0.3,10,West India,Vegetarian,breakfast,,,0,Synthetic_IFCT_schema,Synthetic_Variant
SYN05708,Pomegranate (roasted),Fruits,,78.9,347,1.7,1.2,18.7,4.0,10,0.3,,West India,Vegetarian,Snack,Baked,200,0,Synthetic_IFCT_schema,Synthetic_Variant
SYN05709,Pomegranate (roasted),Fruits,,82.1,347,1.7,1.2,18.7,4.0,10,0.3,10,West India,Vegetarian,Main Course,Fried,,0,Synthetic_IFCT_schema,Synthetic_Variant
SYN05710,Okra (Bhindi) (steamed),Vegetables,Scientific_26,31.6,138,2.1,0.2,7.0,2.5,82,0.8,21,Pan India,non-vegetarian,,Fried,150,0,Synthetic_IFCT_schema,Synthetic_Variant
SYN05711,Avial (steamed),Composite Dishes,,113.5,481,2.8,6.5,12.0,3.0,,,,South India,Vegetarian,lunch,,100,1,Synthetic_IFCT_schema,Synthetic_Variant
SYN05712,"Potato, raw (roasted)",Vegetables,Scientific_20,74.2,322,1.9,0.1,17.8,1.8,11,0.7,13,Pan India,Vegetarian,lunch,Cooked,150,0,Synthetic_IFCT_schema,Synthetic_Variant
SYN05713,"Coconut, fresh (steamed)",Nuts and Oilseeds,Scientific_30,369.2,1482,3.3,33.5,15.2,9.0,14,1.9,3,South India,Vegetarian,Lunch,,200,0,Synthetic_IFCT_schema,Synthetic_Variant
SYN05714,Pomegranate (boiled),Fruits,,89.1,347,1.7,1.2,18.7,4.0,10,0.3,10,West India,Vegetarian,Dessert,Steamed,150,0,Synthetic_IFCT_schema,Synthetic_Variant
SYN05715,Pomegranate (roasted),Fruits,,87.2,347,1.7,1.2,18.7,4.0,10,0.3,10,West India,Vegetarian,,Raw,N/A,0,Synthetic_IFCT_schema,Synthetic_Variant
SYN05716,"Momos, veg (steamed) (roasted)",Composite Dishes,,169.4,753,5.5,5.5,28.0,2.0,,,,East India,Vegetarian,lunch,Steamed,100,1,Synthetic_IFCT_schema,Synthetic_Variant
SYN05717,Pomegranate (steamed),Fruits,,77.9,347,1.7,1.2,18.7,4.0,10,0.3,10,West India,Vegetarian,Breakfast,N/A,,0,Synthetic_IFCT_schema,Synthetic_Variant
SYN05718,Pomegranate (steamed),Fruits,Scientific_50,88.0,347,1.7,1.2,18.7,4.0,10,0.3,,North India,Veg,Beverage,Steamed,100,0,Synthetic_IFCT_schema,Synthetic_Variant
SYN05719,"Potato, raw (fried)",Vegetables,Scientific_20,72.4,322,1.9,0.1,17.8,1.8,11,0.7,13,Pan India,Vegetarian,lunch,Cooked,150,0,Synthetic_IFCT_schema,Synthetic_Variant
SYN05720,"Urad dal, raw (roasted)",Pulses and Legumes,Scientific_15,,1428,25.1,1.4,59.0,1.8,154,4.5,0,South India,Vegetarian,Main Course,Grilled,N/A,0,Synthetic_IFCT_schema,Synthetic_Variant
SYN05721,"Potato, raw (steamed)",Vegetables,Scientific_20,75.0,322,1.9,0.1,17.8,1.8,11,0.7,13,Pan India,Vegetarian,lunch,Cooked,150,0,Synthetic_IFCT_schema,Synthetic_Variant
SYN05722,Avial (raw),Composite Dishes,,124.0,481,2.8,6.5,12.0,3.0,,,,South India,Vegetarian,lunch,,100,1,Synthetic_IFCT_schema,Synthetic_Variant
SYN05723,"Onion, raw (raw)",Vegetables,,41.5,167,1.1,0.1,9.3,1.7,23,0.4,7,Pan India,Vegetarian,lunch,Cooked,200,0,Synthetic_IFCT_schema,Synthetic_Variant
SYN05724,Puttu (boiled),Composite Dishes,,172.3,733,3.5,1.2,38.0,1.5,,,,South India,Vegetarian,Main Course,,100,1,Synthetic_IFCT_schema,Synthetic_Variant
SYN05725,"Wheat flour, whole (raw)",Cereals and Millets,Scientific_2,319.2,1427,11.8,1.5,69.4,1.9,41,4.9,0,North India,Vegetarian,Beverage,Cooked,150,0,Synthetic_IFCT_schema,Synthetic_Variant
SYN05726,"Soya chunks, raw (steamed)",Pulses and Legumes,,372.5,1444,52.0,0.5,33.0,13.0,,,,Pan India,Vegetarian,snack,Baked,100,0,Synthetic_IFCT_schema,Synthetic_Variant
SYN05727,Pomegranate (steamed),Fruits,,79.4,347,1.7,1.2,18.7,4.0,10,0.3,10,West India,Vegetarian,Beverage,Steamed,,0,Synthetic_IFCT_schema,Synthetic_Variant
SYN05728,Bitter gourd (Karela) (fried),Vegetables,Scientific_27,17.4,,1.0,0.2,3.4,2.8,20,0.6,84,Pan India,Vegetarian,snack,,,0,Synthetic_IFCT_schema,Synthetic_Variant
SYN05729,Pomegranate (fried),Fruits,Scientific_62,78.0,347,1.7,1.2,18.7,4.0,10,0.3,10,West India,non-vegetarian,snack,Fried,,0,Synthetic_IFCT_schema,Synthetic_Variant
SYN05730,"Tomato, raw (raw)",Vegetables,,,75,0.9,0.2,3.9,1.2,13,,27,Pan India,Vegetarian,Dessert,Roasted,100,0,Synthetic_IFCT_schema,Synthetic_Variant
SYN05731,Pomegranate (raw),Fruits,,87.6,347,1.7,1.2,18.7,4.0,10,,10,West India,Vegetarian,Snack,N/A,150,0,Synthetic_IFCT_schema,Synthetic_Variant
SYN05732,"Spinach (Palak), raw (raw)",Vegetables,Scientific_23,,96,2.0,0.3,3.5,,99,1.8,28,Pan India,Vegetarian,breakfast,Fried,200,0,Synthetic_IFCT_schema,Synthetic_Variant
SYN05733,"Chana dal, raw (boiled)",Pulses and Legumes,Scientific_12,388.7,1556,20.8,5.6,59.8,,56,4.9,1,North India,Vegetarian,breakfast,Cooked,100,0,Synthetic_IFCT_schema,Synthetic_Variant
SYN05734,Pomegranate (steamed),Fruits,,88.2,347,1.7,1.2,18.7,4.0,10,0.3,10,West India,Vegetarian,Snack,Boiled,N/A,0,Synthetic_IFCT_schema,Synthetic_Variant
SYN05735,Pomegranate (steamed),Fruits,,78.9,347,1.7,1.2,18.7,4.0,10,0.3,10,West India,Vegetarian,Lunch,Steamed,100,0,Synthetic_IFCT_schema,Synthetic_Variant
SYN05736,"Moong dal, raw (raw)",Pulses and Legumes,,326.5,,24.0,1.3,59.9,4.1,75,6.7,7,Pan India,Vegetarian,,,,0,Synthetic_IFCT_schema,Synthetic_Variant
SYN05737,"Onion, raw (roasted)",Vegetables,,38.8,167,1.1,0.1,9.3,1.7,23,0.4,7,Pan India,Vegetarian,lunch,Cooked,200,0,Synthetic_IFCT_schema,Synthetic_Variant
SYN05738,Khandvi (steamed),Composite Dishes,,134.6,544,4.5,4.8,18.0,1.2,,,,West India,Vegetarian,breakfast,Roasted,100,1,Synthetic_IFCT_schema,Synthetic_Variant
SYN05739,Rajma (Kidney beans) (boiled),Pulses and Legumes,,329.1,1448,22.9,1.5,60.6,6.4,260,7.0,4,North India,Vegetarian,Any,N/A,N/A,0,Synthetic_IFCT_schema,Synthetic_Variant
SYN05740,Oats (steamed),Cereals and Millets,,365.2,1628,16.9,6.9,66.3,,54,4.7,0,North India,Vegetarian,Breakfast,Cooked,100,0,Synthetic_IFCT_schema,Synthetic_Variant
SYN05741,"Wheat flour, refined (roasted)",Cereals and Millets,Scientific_3,343.0,1456,10.3,0.9,73.9,0.3,23,2.7,0,North India,Vegetarian,snack,,,0,Synthetic_IFCT_schema,Synthetic_Variant
SYN05742,Pomegranate (fried),Fruits,Scientific_40,89.4,347,1.7,1.2,18.7,4.0,10,0.3,10,West India,Vegetarian,Any,Cooked,N/A,0,Synthetic_IFCT_schema,Synthetic_Variant
SYN05743,Pomegranate (roasted),Fruits,Scientific_80,,347,1.7,1.2,18.7,4.0,10,0.3,10,West India,Vegetarian,lunch,Cooked,200,0,Synthetic_IFCT_schema,Synthetic_Variant
SYN05744,Pomegranate (raw),Fruits,Scientific_47,81.2,,1.7,1.2,18.7,4.0,10,0.3,10,West India,Non-Veg,snack,Grilled,200,0,Synthetic_IFCT_schema,Synthetic_Variant
SYN05745,Pomegranate (roasted),Fruits,,81.1,347,1.7,1.2,18.7,4.0,10,0.3,10,West India,Vegetarian,Lunch,Steamed,100,0,Synthetic_IFCT_schema,Synthetic_Variant
SYN05746,Brinjal (Eggplant) (raw),Vegetables,,27.0,105,1.4,0.3,5.5,3.4,18,0.3,2,Pan India,Vegetarian,lunch,Steamed,100,0,Synthetic_IFCT_schema,Synthetic_Variant
SYN05747,"Mango, ripe (Alphonso) (boiled)",Fruits,Scientific_31,72.5,293,0.6,0.4,17.0,1.6,10,0.3,36,West India,Vegetarian,Lunch,N/A,N/A,0,Synthetic_IFCT_schema,Synthetic_Variant
SYN05748,"Soybean, raw (fried)",Pulses and Legumes,,451.8,1808,36.5,19.9,30.2,9.3,240,,,West India,Vegetarian,Any,Boiled,150,0,Synthetic_IFCT_schema,Synthetic_Variant
SYN05749,Kabuli chana (steamed),Pulses and Legumes,,338.5,,20.1,5.3,60.9,7.6,202,4.9,3,North India,Vegetarian,Breakfast,Grilled,N/A,0,Synthetic_IFCT_schema,Synthetic_Variant
SYN05750,Pomegranate (boiled),Fruits,,79.6,347,1.7,1.2,18.7,,10,0.3,10,West India,Vegetarian,Dinner,Baked,100,0,Synthetic_IFCT_schema,Synthetic_Variant
SYN05751,Pomegranate (raw),Fruits,,83.3,347,1.7,1.2,18.7,4.0,10,0.3,10,West India,Vegetarian,Main Course,Fried,,0,Synthetic_IFCT_schema,Synthetic_Variant
SYN05752,Pomegranate (roasted),Fruits,,87.4,347,1.7,1.2,18.7,4.0,10,0.3,10,Unknown,Vegetarian,Beverage,Steamed,N/A,0,Synthetic_IFCT_schema,Synthetic_Variant
SYN05753,Pomegranate (raw),Fruits,Scientific_68,84.5,347,1.7,1.2,18.7,4.0,10,0.3,10,Northern,Veg,dinner,Steamed,N/A,0,Synthetic_IFCT_schema,Synthetic_Variant
SYN05754,"Chana dal, raw (fried)",Pulses and Legumes,Scientific_12,357.1,1556,20.8,5.6,59.8,,56,4.9,1,North India,Vegetarian,breakfast,Cooked,100,0,Synthetic_IFCT_schema,Synthetic_Variant
SYN05755,Pomegranate (steamed),Fruits,Scientific_59,83.6,347,1.7,1.2,18.7,4.0,10,0.3,10,West India,Vegetarian,Dessert,Steamed,150,0,Synthetic_IFCT_schema,Synthetic_Variant
SYN05756,Ragi (Finger millet) (steamed),Cereals and Millets,Scientific_6,314.1,1373,7.3,1.5,66.8,3.6,344,3.9,0,South India,Vegetarian,Main Course,Boiled,N/A,0,Synthetic_IFCT_schema,Synthetic_Variant
SYN05757,Kabuli chana (boiled),Pulses and Legumes,,378.9,,20.1,5.3,60.9,7.6,202,4.9,3,North India,Vegetarian,Breakfast,Grilled,N/A,0,Synthetic_IFCT_schema,Synthetic_Variant
SYN05758,Dhokla (raw),Composite Dishes,,81.5,318,3.5,1.5,12.0,0.8,,,,West India,Vegetarian,Breakfast,N/A,100,1,Synthetic_IFCT_schema,Synthetic_Variant
SYN05759,Pomegranate (raw),Fruits,Scientific_66,87.4,347,1.7,1.2,18.7,4.0,10,0.3,10,West India,Vegetarian,Dessert,Raw,200,0,Synthetic_IFCT_schema,Synthetic_Variant
SYN05760,"Spinach (Palak), raw (steamed)",Vegetables,Scientific_23,,96,2.0,0.3,3.5,,99,1.8,28,Pan India,Vegetarian,breakfast,Fried,200,0,Synthetic_IFCT_schema,Synthetic_Variant
SYN05761,"Chana dal, raw (steamed)",Pulses and Legumes,Scientific_12,367.7,1556,20.8,5.6,59.8,,56,4.9,1,North India,Vegetarian,breakfast,Cooked,100,0,Synthetic_IFCT_schema,Synthetic_Variant
SYN05762,"Mango, ripe (Alphonso) (fried)",Fruits,Scientific_31,68.1,293,0.6,0.4,17.0,1.6,10,0.3,36,West India,Vegetarian,Lunch,N/A,N/A,0,Synthetic_IFCT_schema,Synthetic_Variant
SYN05763,Bottle gourd (Lauki) (roasted),Vegetables,,14.0,59,0.6,0.1,3.4,0.5,26,0.5,10,Pan India,Vegetarian,Beverage,Fried,150,0,Synthetic_IFCT_schema,Synthetic_Variant
SYN05764,Rasam (fried),Composite Dishes,,31.3,125,1.2,0.8,4.5,,,,,South India,Vegetarian,Beverage,,100,1,Synthetic_IFCT_schema,Synthetic_Variant
SYN05765,Pomegranate (roasted),Fruits,Scientific_71,77.8,347,1.7,1.2,18.7,4.0,10,0.3,10,West India,Vegetarian,Breakfast,Fried,100,0,Synthetic_IFCT_schema,Synthetic_Variant
SYN05766,"Spinach (Palak), raw (fried)",Vegetables,Scientific_23,,96,2.0,0.3,3.5,,99,1.8,28,Pan India,Vegetarian,breakfast,Fried,200,0,Synthetic_IFCT_schema,Synthetic_Variant
SYN05767,Pomegranate (steamed),Fruits,Scientific_67,82.3,347,1.7,1.2,18.7,4.0,10,0.3,10,West India,Non-Vegetarian,lunch,Roasted,200,0,Synthetic_IFCT_schema,Synthetic_Variant
SYN05768,Guava (boiled),Fruits,,72.9,285,2.6,1.0,14.3,5.4,18,,228,Maharashtra,Vegetarian,Snack,Baked,N/A,0,Synthetic_IFCT_schema,Synthetic_Variant
SYN05769,Pomegranate (boiled),Fruits,Scientific_61,76.6,347,1.7,1.2,18.7,4.0,10,0.3,,West India,Vegetarian,Dessert,,100,0,Synthetic_IFCT_schema,Synthetic_Variant
SYN05770,"Jackfruit, raw (roasted)",Fruits,,92.7,398,1.7,0.6,23.2,1.5,,,,South India,Vegetarian,Any,Baked,100,0,Synthetic_IFCT_schema,Synthetic_Variant
SYN05771,Pomegranate (boiled),Fruits,,80.4,347,1.7,1.2,18.7,4.0,10,0.3,10,West India,Vegetarian,Breakfast,N/A,,0,Synthetic_IFCT_schema,Synthetic_Variant
SYN05772,Puttu (steamed),Composite Dishes,,178.7,733,3.5,1.2,38.0,1.5,,,,South India,Vegetarian,Main Course,,100,1,Synthetic_IFCT_schema,Synthetic_Variant
SYN05773,"Rice, cooked (roasted)",Cereals and Millets,,138.5,544,2.7,0.3,28.2,,3,0.2,0,Pan India,non-vegetarian,Snack,Baked,100,0,Synthetic_IFCT_schema,Synthetic_Variant
SYN05774,"Wheat flour, whole (roasted)",Cereals and Millets,Scientific_2,318.7,1427,11.8,1.5,69.4,1.9,41,4.9,0,North India,Vegetarian,Beverage,Cooked,150,0,Synthetic_IFCT_schema,Synthetic_Variant
SYN05775,Pomegranate (roasted),Fruits,,79.2,347,1.7,1.2,18.7,4.0,10,0.3,10,West India,Vegetarian,Main Course,Fried,,0,Synthetic_IFCT_schema,Synthetic_Variant
SYN05776,"Masoor dal, raw (steamed)",Pulses and Legumes,,344.3,1435,25.1,0.9,59.0,3.5,68,7.6,1,Southern,Vegetarian,lunch,Grilled,100,0,Synthetic_IFCT_schema,Synthetic_Variant
SYN05777,"Momos, veg (steamed) (fried)",Composite Dishes,,188.5,753,5.5,5.5,28.0,2.0,,,,East India,Vegetarian,lunch,Steamed,100,1,Synthetic_IFCT_schema,Synthetic_Variant
SYN05778,Avial (raw),Composite Dishes,,109.1,481,2.8,6.5,12.0,3.0,,,,South India,Vegetarian,lunch,,100,1,Synthetic_IFCT_schema,Synthetic_Variant
SYN05779,Jowar (Sorghum) (steamed),Cereals and Millets,Scientific_5,376.3,,10.4,1.9,72.6,1.6,25,,0,Unknown,Vegetarian,Main Course,Fried,,0,Synthetic_IFCT_schema,Synthetic_Variant
SYN05780,Pomegranate (raw),Fruits,,88.7,347,1.7,1.2,18.7,4.0,10,0.3,10,West India,Vegetarian,Beverage,Steamed,,0,Synthetic_IFCT_schema,Synthetic_Variant
SYN05781,"Rice, cooked (boiled)",Cereals and Millets,,120.5,544,2.7,0.3,28.2,,3,0.2,0,Pan India,non-vegetarian,Snack,Baked,100,0,Synthetic_IFCT_schema,Synthetic_Variant
SYN05782,"Spinach (Palak), raw (steamed)",Vegetables,Scientific_23,,96,2.0,0.3,3.5,,99,1.8,28,Pan India,Vegetarian,breakfast,Fried,200,0,Synthetic_IFCT_schema,Synthetic_Variant
SYN05783,Pomegranate (steamed),Fruits,Scientific_61,89.5,347,1.7,1.2,18.7,4.0,10,0.3,,West India,Vegetarian,Dessert,,100,0,Synthetic_IFCT_schema,Synthetic_Variant
SYN05784,Pomegranate (boiled),Fruits,,77.7,347,1.7,1.2,18.7,4.0,10,0.3,10,West India,Vegetarian,Snack,Boiled,N/A,0,Synthetic_IFCT_schema,Synthetic_Variant
SYN05785,"Spinach (Palak), raw (boiled)",Vegetables,Scientific_23,,96,2.0,0.3,3.5,,99,1.8,28,Pan India,Vegetarian,breakfast,Fried,200,0,Synthetic_IFCT_schema,Synthetic_Variant
SYN05786,Pomegranate (boiled),Fruits,Scientific_40,89.4,347,1.7,1.2,18.7,4.0,10,0.3,10,West India,Vegetarian,Any,Cooked,N/A,0,Synthetic_IFCT_schema,Synthetic_Variant
SYN05787,Rajma (Kidney beans) (raw),Pulses and Legumes,,358.2,1448,22.9,1.5,60.6,6.4,260,7.0,4,North India,Vegetarian,Any,N/A,N/A,0,Synthetic_IFCT_schema,Synthetic_Variant
SYN05788,"Mango, ripe (Alphonso) (raw)",Fruits,Scientific_31,70.8,293,0.6,0.4,17.0,1.6,10,0.3,36,West India,Vegetarian,Lunch,N/A,N/A,0,Synthetic_IFCT_schema,Synthetic_Variant
SYN05789,Methi thepla (boiled),Composite Dishes,,271.0,1193,7.5,12.0,38.0,3.0,,,,West India,Vegetarian,Beverage,Boiled,100,1,Synthetic_IFCT_schema,Synthetic_Variant
SYN05790,Sattu (roasted gram flour) (fried),Cereals and Millets,,421.7,1700,22.5,7.0,64.0,1.8,,,,East India,Vegetarian,snack,Grilled,100,0,Synthetic_IFCT_schema,Synthetic_Variant
SYN05791,Pomegranate (boiled),Fruits,,,347,1.7,1.2,18.7,4.0,10,0.3,10,North,Vegetarian,Snack,Roasted,,0,Synthetic_IFCT_schema,Synthetic_Variant
SYN05792,Sattu (roasted gram flour) (steamed),Cereals and Millets,,385.0,1700,22.5,7.0,64.0,1.8,,,,East India,Vegetarian,snack,Grilled,100,0,Synthetic_IFCT_schema,Synthetic_Variant
SYN05793,Pomegranate (fried),Fruits,,86.5,347,1.7,1.2,18.7,4.0,10,0.3,10,East,Vegetarian,snack,Grilled,100,0,Synthetic_IFCT_schema,Synthetic_Variant
SYN05794,Shrikhand (roasted),Milk and Milk Products,,212.1,921,7.0,7.0,33.0,,,,,West India,Vegetarian,Dinner,Cooked,100,0,Synthetic_IFCT_schema,Synthetic_Variant
SYN05795,Pomegranate (steamed),Fruits,,88.9,347,1.7,1.2,18.7,4.0,10,0.3,10,West India,Vegetarian,breakfast,,100,0,Synthetic_IFCT_schema,Synthetic_Variant
SYN05796,Pomegranate (steamed),Fruits,,82.1,347,1.7,1.2,18.7,4.0,10,0.3,10,West India,Vegetarian,Snack,Boiled,N/A,0,Synthetic_IFCT_schema,Synthetic_Variant
SYN05797,Methi thepla (fried),Composite Dishes,,266.4,1193,7.5,12.0,38.0,3.0,,,,West India,Vegetarian,Beverage,Boiled,100,1,Synthetic_IFCT_schema,Synthetic_Variant
SYN05798,"Peanut, raw (boiled)",Nuts and Oilseeds,Scientific_19,593.1,,25.8,49.2,16.1,8.5,92,4.6,0,West India,Non-Vegetarian,Dinner,Cooked,,0,Synthetic_IFCT_schema,Synthetic_Variant
SYN05799,Maize flour (raw),Cereals and Millets,Scientific_7,372.7,1485,8.7,3.6,70.0,2.7,9,2.3,,Pan India,Vegetarian,Main Course,N/A,N/A,0,Synthetic_IFCT_schema,Synthetic_Variant
SYN05800,Puttu (fried),Composite Dishes,,186.8,733,3.5,1.2,38.0,1.5,,,,South India,Vegetarian,Main Course,,100,1,Synthetic_IFCT_schema,Synthetic_Variant
SYN05801,Avial (raw),Composite Dishes,,123.5,481,2.8,6.5,12.0,3.0,,,,South India,Vegetarian,lunch,,100,1,Synthetic_IFCT_schema,Synthetic_Variant
SYN05802,Pomegranate (boiled),Fruits,,83.9,347,1.7,1.2,18.7,4.0,10,,10,West India,Vegetarian,Snack,N/A,150,0,Synthetic_IFCT_schema,Synthetic_Variant
SYN05803,Pomegranate (steamed),Fruits,,82.9,,1.7,1.2,18.7,4.0,10,0.3,10,West India,Vegetarian,Dessert,Baked,150,0,Synthetic_IFCT_schema,Synthetic_Variant
SYN05804,Okra (Bhindi) (steamed),Vegetables,Scientific_26,31.2,138,2.1,0.2,7.0,2.5,82,0.8,21,Pan India,non-vegetarian,,Fried,150,0,Synthetic_IFCT_schema,Synthetic_Variant
SYN05805,Machher jhol (fried),Composite Dishes,,164.2,649,17.0,9.0,3.0,0.6,,,,East India,Non-Vegetarian,Dessert,Boiled,100,1,Synthetic_IFCT_schema,Synthetic_Variant
SYN05806,Litti chokha (raw),Composite Dishes,,298.0,1340,9.0,10.0,50.0,3.5,,,,East India,Vegetarian,Beverage,Fried,100,1,Synthetic_IFCT_schema,Synthetic_Variant
SYN05807,Pomegranate (steamed),Fruits,,,347,1.7,1.2,18.7,4.0,10,0.3,,West India,Vegetarian,breakfast,Fried,,0,Synthetic_IFCT_schema,Synthetic_Variant
SYN05808,"Masoor dal, raw (fried)",Pulses and Legumes,,346.4,1435,25.1,0.9,59.0,3.5,68,7.6,1,Southern,Vegetarian,lunch,Grilled,100,0,Synthetic_IFCT_schema,Synthetic_Variant
SYN05809,Appam (raw),Composite Dishes,,113.1,502,2.5,2.8,22.0,0.5,,,,South India,Vegetarian,Beverage,N/A,100,1,Synthetic_IFCT_schema,Synthetic_Variant
SYN05810,Dhokla (steamed),Composite Dishes,,75.9,318,3.5,1.5,12.0,0.8,,,,West India,Vegetarian,Breakfast,N/A,100,1,Synthetic_IFCT_schema,Synthetic_Variant
SYN05811,Pomegranate (boiled),Fruits,Scientific_45,89.4,347,1.7,1.2,18.7,4.0,10,0.3,,West India,Veg,breakfast,Roasted,N/A,0,Synthetic_IFCT_schema,Synthetic_Variant
SYN05812,Puttu (raw),Composite Dishes,,170.6,733,3.5,1.2,38.0,1.5,,,,South India,Vegetarian,Main Course,,100,1,Synthetic_IFCT_schema,Synthetic_Variant
SYN05813,"Wheat flour, whole (roasted)",Cereals and Millets,Scientific_2,333.8,1427,11.8,1.5,69.4,1.9,41,4.9,0,North India,Vegetarian,Beverage,Cooked,150,0,Synthetic_IFCT_schema,Synthetic_Variant
SYN05814,Pomegranate (boiled),Fruits,,80.6,347,1.7,1.2,18.7,4.0,10,0.3,10,East,Vegetarian,snack,Grilled,100,0,Synthetic_IFCT_schema,Synthetic_Variant
SYN05815,Pomegranate (fried),Fruits,,85.2,347,1.7,1.2,18.7,4.0,10,0.3,10,West India,Vegetarian,Beverage,Steamed,,0,Synthetic_IFCT_schema,Synthetic_Variant
SYN05816,Bamboo shoots (roasted),Vegetables,,28.0,113,2.6,0.3,5.2,2.2,,,,East India,Vegetarian,Dinner,Boiled,100,0,Synthetic_IFCT_schema,Synthetic_Variant
SYN05817,Sattu (roasted gram flour) (boiled),Cereals and Millets,,375.9,1700,22.5,7.0,64.0,1.8,,,,East India,Vegetarian,snack,Grilled,100,0,Synthetic_IFCT_schema,Synthetic_Variant
SYN05818,Methi thepla (steamed),Composite Dishes,,277.6,1193,7.5,12.0,38.0,3.0,,,,West India,Vegetarian,Beverage,Boiled,100,1,Synthetic_IFCT_schema,Synthetic_Variant
SYN05819,Maize flour (raw),Cereals and Millets,Scientific_7,371.1,1485,8.7,3.6,70.0,2.7,9,2.3,,Pan India,Vegetarian,Main Course,N/A,N/A,0,Synthetic_IFCT_schema,Synthetic_Variant
SYN05820,Pomegranate (fried),Fruits,Scientific_79,80.6,347,1.7,1.2,18.7,,,0.3,,West India,Vegetarian,lunch,Fried,200,0,Synthetic_IFCT_schema,Synthetic_Variant
SYN05821,Pomegranate (raw),Fruits,,79.6,347,1.7,1.2,18.7,4.0,10,0.3,10,West India,Vegetarian,Lunch,Steamed,100,0,Synthetic_IFCT_schema,Synthetic_Variant
SYN05822,Pomegranate (fried),Fruits,Scientific_45,79.6,347,1.7,1.2,18.7,4.0,10,0.3,,West India,Veg,breakfast,Roasted,N/A,0,Synthetic_IFCT_schema,Synthetic_Variant
SYN05823,Pomegranate (raw),Fruits,Scientific_78,88.6,347,1.7,1.2,18.7,4.0,10,0.3,10,West India,Vegetarian,,,,0,Synthetic_IFCT_schema,Synthetic_Variant
SYN05824,Pomegranate (boiled),Fruits,Scientific_65,89.5,347,1.7,1.2,18.7,4.0,10,0.3,10,West India,Vegetarian,Main Course,Baked,N/A,0,Synthetic_IFCT_schema,Synthetic_Variant
SYN05825,Pomegranate (roasted),Fruits,,87.1,347,1.7,1.2,18.7,4.0,10,0.3,10,West India,Vegetarian,,Raw,N/A,0,Synthetic_IFCT_schema,Synthetic_Variant
SYN05826,Machher jhol (steamed),Composite Dishes,,142.9,649,17.0,9.0,3.0,0.6,,,,East India,Non-Vegetarian,Dessert,Boiled,100,1,Synthetic_IFCT_schema,Synthetic_Variant
SYN05827,"Onion, raw (raw)",Vegetables,,39.1,167,1.1,0.1,9.3,1.7,23,0.4,7,Pan India,Vegetarian,lunch,Cooked,200,0,Synthetic_IFCT_schema,Synthetic_Variant
SYN05828,Fenugreek leaves (Methi) (raw),Vegetables,Scientific_28,51.1,205,4.4,0.9,6.0,1.1,,1.9,52,North India,Vegetarian,Dessert,Boiled,150,0,Synthetic_IFCT_schema,Synthetic_Variant
SYN05829,Pomegranate (roasted),Fruits,Scientific_65,84.2,347,1.7,1.2,18.7,4.0,10,0.3,10,West India,Vegetarian,Main Course,Baked,N/A,0,Synthetic_IFCT_schema,Synthetic_Variant
SYN05830,"Mango, ripe (Alphonso) (boiled)",Fruits,Scientific_31,74.3,293,0.6,0.4,17.0,1.6,10,0.3,36,West India,Vegetarian,Lunch,N/A,N/A,0,Synthetic_IFCT_schema,Synthetic_Variant
SYN05831,"Peanut, raw (raw)",Nuts and Oilseeds,Scientific_19,535.5,,25.8,49.2,16.1,8.5,92,4.6,0,West India,Non-Vegetarian,Dinner,Cooked,,0,Synthetic_IFCT_schema,Synthetic_Variant
SYN05832,Pomegranate (fried),Fruits,,,347,1.7,1.2,18.7,4.0,,0.3,10,West India,Vegetarian,Main Course,Steamed,200,0,Synthetic_IFCT_schema,Synthetic_Variant
SYN05833,"Onion, raw (roasted)",Vegetables,,42.1,167,1.1,0.1,9.3,1.7,23,0.4,7,Pan India,Vegetarian,lunch,Cooked,200,0,Synthetic_IFCT_schema,Synthetic_Variant
SYN05834,Amla (Indian gooseberry) (boiled),Fruits,,41.3,184,0.9,0.6,10.2,4.3,50,1.2,600,Western,Vegetarian,breakfast,Roasted,150,0,Synthetic_IFCT_schema,Synthetic_Variant
SYN05835,Pomegranate (fried),Fruits,Scientific_67,86.9,347,1.7,1.2,18.7,4.0,10,0.3,10,West India,Non-Vegetarian,lunch,Roasted,200,0,Synthetic_IFCT_schema,Synthetic_Variant
SYN05836,"Wheat flour, whole (roasted)",Cereals and Millets,Scientific_2,346.3,1427,11.8,1.5,69.4,1.9,41,4.9,0,North India,Vegetarian,Beverage,Cooked,150,0,Synthetic_IFCT_schema,Synthetic_Variant
SYN05837,Cowpea (Black-eyed pea) (steamed),Pulses and Legumes,,320.1,1351,23.4,1.8,54.5,,227,8.6,1,South India,Vegetarian,Lunch,Roasted,200,0,Synthetic_IFCT_schema,Synthetic_Variant
SYN05838,"Jackfruit, raw (steamed)",Fruits,,89.5,398,1.7,0.6,23.2,1.5,,,,South India,Vegetarian,Any,Baked,100,0,Synthetic_IFCT_schema,Synthetic_Variant
SYN05839,Pomegranate (roasted),Fruits,Scientific_50,82.0,347,1.7,1.2,18.7,4.0,10,0.3,,North India,Veg,Beverage,Steamed,100,0,Synthetic_IFCT_schema,Synthetic_Variant
SYN05840,"Coconut, fresh (roasted)",Nuts and Oilseeds,Scientific_30,336.3,1482,3.3,33.5,15.2,9.0,14,1.9,3,South India,Vegetarian,Lunch,,200,0,Synthetic_IFCT_schema,Synthetic_Variant
SYN05841,Methi thepla (steamed),Composite Dishes,,299.3,1193,7.5,12.0,38.0,3.0,,,,West India,Vegetarian,Beverage,Boiled,100,1,Synthetic_IFCT_schema,Synthetic_Variant
SYN05842,Brinjal (Eggplant) (boiled),Vegetables,,24.1,105,1.4,0.3,5.5,3.4,18,0.3,2,Pan India,Vegetarian,lunch,Steamed,100,0,Synthetic_IFCT_schema,Synthetic_Variant
SYN05843,Pomegranate (boiled),Fruits,,85.2,347,1.7,1.2,18.7,4.0,10,0.3,10,West India,Vegetarian,Snack,Grilled,150,0,Synthetic_IFCT_schema,Synthetic_Variant
SYN05844,"Peanut, raw (fried)",Nuts and Oilseeds,Scientific_19,609.3,,25.8,49.2,16.1,8.5,92,4.6,0,West India,Non-Vegetarian,Dinner,Cooked,,0,Synthetic_IFCT_schema,Synthetic_Variant
SYN05845,Ragi (Finger millet) (roasted),Cereals and Millets,Scientific_6,339.4,1373,7.3,1.5,66.8,3.6,344,3.9,0,South India,Vegetarian,Main Course,Boiled,N/A,0,Synthetic_IFCT_schema,Synthetic_Variant
SYN05846,Cowpea (Black-eyed pea) (boiled),Pulses and Legumes,,336.4,1351,23.4,1.8,54.5,,227,8.6,1,South India,Vegetarian,Lunch,Roasted,200,0,Synthetic_IFCT_schema,Synthetic_Variant
SYN05847,Rajma (Kidney beans) (raw),Pulses and Legumes,,347.1,1448,22.9,1.5,60.6,6.4,260,7.0,4,North India,Vegetarian,Any,N/A,N/A,0,Synthetic_IFCT_schema,Synthetic_Variant
SYN05848,Ragi (Finger millet) (boiled),Cereals and Millets,Scientific_6,309.3,1373,7.3,1.5,66.8,3.6,344,3.9,0,South India,Vegetarian,Main Course,Boiled,N/A,0,Synthetic_IFCT_schema,Synthetic_Variant
SYN05849,Pomegranate (raw),Fruits,,88.0,347,1.7,1.2,18.7,4.0,10,0.3,10,West India,Vegetarian,Main Course,,N/A,0,Synthetic_IFCT_schema,Synthetic_Variant
SYN05850,Pomegranate (roasted),Fruits,,77.9,347,1.7,1.2,18.7,4.0,10,0.3,10,West India,non-vegetarian,,Roasted,100,0,Synthetic_IFCT_schema,Synthetic_Variant
SYN05851,Pomegranate (boiled),Fruits,Scientific_50,77.2,347,1.7,1.2,18.7,4.0,10,0.3,,North India,Veg,Beverage,Steamed,100,0,Synthetic_IFCT_schema,Synthetic_Variant
SYN05852,Pomegranate (steamed),Fruits,,88.8,347,1.7,1.2,18.7,4.0,10,0.3,10,West India,Vegetarian,Main Course,Fried,,0,Synthetic_IFCT_schema,Synthetic_Variant
SYN05853,Pomegranate (boiled),Fruits,,,347,1.7,1.2,18.7,4.0,,0.3,10,West India,Vegetarian,Main Course,Steamed,200,0,Synthetic_IFCT_schema,Synthetic_Variant
SYN05854,Jowar (Sorghum) (boiled),Cereals and Millets,Scientific_5,362.9,,10.4,1.9,72.6,1.6,25,,0,Unknown,Vegetarian,Main Course,Fried,,0,Synthetic_IFCT_schema,Synthetic_Variant
SYN05855,Ragi (Finger millet) (boiled),Cereals and Millets,Scientific_6,307.0,1373,7.3,1.5,66.8,3.6,344,3.9,0,South India,Vegetarian,Main Course,Boiled,N/A,0,Synthetic_IFCT_schema,Synthetic_Variant
SYN05856,"Moong dal, raw (boiled)",Pulses and Legumes,,330.4,,24.0,1.3,59.9,4.1,75,6.7,7,Pan India,Vegetarian,,,,0,Synthetic_IFCT_schema,Synthetic_Variant
SYN05857,Pomegranate (fried),Fruits,Scientific_73,82.0,347,1.7,1.2,18.7,4.0,10,0.3,10,West India,Vegetarian,snack,Cooked,100,0,Synthetic_IFCT_schema,Synthetic_Variant
SYN05858,Oats (raw),Cereals and Millets,,401.8,1628,16.9,6.9,66.3,,54,4.7,0,North India,Vegetarian,Breakfast,Cooked,100,0,Synthetic_IFCT_schema,Synthetic_Variant
SYN05859,Pomegranate (fried),Fruits,Scientific_67,77.6,347,1.7,1.2,18.7,4.0,10,0.3,10,West India,Non-Vegetarian,lunch,Roasted,200,0,Synthetic_IFCT_schema,Synthetic_Variant
SYN05860,"Urad dal, raw (fried)",Pulses and Legumes,Scientific_15,,1428,25.1,1.4,59.0,1.8,154,4.5,0,South India,Vegetarian,Main Course,Grilled,N/A,0,Synthetic_IFCT_schema,Synthetic_Variant
SYN05861,"Papaya, ripe (fried)",Fruits,,41.4,180,0.5,0.1,10.8,1.7,20,0.1,62,South India,Vegetarian,snack,Fried,,0,Synthetic_IFCT_schema,Synthetic_Variant
SYN05862,Bamboo shoots (boiled),Vegetables,,28.8,113,2.6,0.3,5.2,2.2,,,,East India,Vegetarian,Dinner,Boiled,100,0,Synthetic_IFCT_schema,Synthetic_Variant
SYN05863,Brinjal (Eggplant) (raw),Vegetables,,24.6,105,1.4,0.3,5.5,3.4,18,0.3,2,Pan India,Vegetarian,lunch,Steamed,100,0,Synthetic_IFCT_schema,Synthetic_Variant
SYN05864,Pomegranate (steamed),Fruits,,83.5,347,1.7,1.2,18.7,4.0,10,0.3,10,West India,Vegetarian,Breakfast,N/A,,0,Synthetic_IFCT_schema,Synthetic_Variant
SYN05865,Pomegranate (roasted),Fruits,Scientific_61,78.5,347,1.7,1.2,18.7,4.0,10,0.3,,West India,Vegetarian,Dessert,,100,0,Synthetic_IFCT_schema,Synthetic_Variant
SYN05866,Pomegranate (steamed),Fruits,,82.3,347,1.7,1.2,18.7,4.0,10,0.3,10,West India,Vegetarian,Beverage,Steamed,,0,Synthetic_IFCT_schema,Synthetic_Variant
SYN05867,"Tofu, firm (roasted)",Pulses and Legumes,,70.5,318,8.0,4.8,1.9,0.3,,,,West India,Vegetarian,Lunch,N/A,100,0,Synthetic_IFCT_schema,Synthetic_Variant
SYN05868,"Potato, raw (fried)",Vegetables,Scientific_20,81.2,322,1.9,0.1,17.8,1.8,11,0.7,13,Pan India,Vegetarian,lunch,Cooked,150,0,Synthetic_IFCT_schema,Synthetic_Variant
SYN05869,Pomegranate (fried),Fruits,Scientific_47,87.9,,1.7,1.2,18.7,4.0,10,0.3,10,West India,Non-Veg,snack,Grilled,200,0,Synthetic_IFCT_schema,Synthetic_Variant
SYN05870,Pomegranate (raw),Fruits,,83.4,347,1.7,1.2,18.7,4.0,10,0.3,,West India,Veg,lunch,,,0,Synthetic_IFCT_schema,Synthetic_Variant
SYN05871,Pomegranate (steamed),Fruits,,,347,1.7,1.2,18.7,4.0,10,0.3,10,North,Vegetarian,Snack,Roasted,,0,Synthetic_IFCT_schema,Synthetic_Variant
SYN05872,Pomegranate (fried),Fruits,,,347,1.7,1.2,18.7,4.0,,0.3,10,West India,Vegetarian,Main Course,Steamed,200,0,Synthetic_IFCT_schema,Synthetic_Variant
SYN05873,"Rice, raw, milled (raw)",Cereals and Millets,,,1448,6.8,0.5,78.2,0.2,10,0.7,,Pan India,Vegetarian,Breakfast,Baked,,0,Synthetic_IFCT_schema,Synthetic_Variant
SYN05874,"Masoor dal, raw (steamed)",Pulses and Legumes,,333.8,1435,25.1,0.9,59.0,3.5,68,7.6,1,Southern,Vegetarian,lunch,Grilled,100,0,Synthetic_IFCT_schema,Synthetic_Variant
SYN05875,"Moong dal, raw (steamed)",Pulses and Legumes,,307.5,,24.0,1.3,59.9,4.1,75,6.7,7,Pan India,Vegetarian,,,,0,Synthetic_IFCT_schema,Synthetic_Variant
SYN05876,Avial (steamed),Composite Dishes,,114.9,481,2.8,6.5,12.0,3.0,,,,South India,Vegetarian,lunch,,100,1,Synthetic_IFCT_schema,Synthetic_Variant
SYN05877,Rajma (Kidney beans) (fried),Pulses and Legumes,,322.6,1448,22.9,1.5,60.6,6.4,260,7.0,4,North India,Vegetarian,Any,N/A,N/A,0,Synthetic_IFCT_schema,Synthetic_Variant
SYN05878,Bottle gourd (Lauki) (fried),Vegetables,,14.9,59,0.6,0.1,3.4,0.5,26,0.5,10,Pan India,Vegetarian,Beverage,Fried,150,0,Synthetic_IFCT_schema,Synthetic_Variant
SYN05879,"Jackfruit, raw (steamed)",Fruits,,87.8,398,1.7,0.6,23.2,1.5,,,,South India,Vegetarian,Any,Baked,100,0,Synthetic_IFCT_schema,Synthetic_Variant
SYN05880,Pomegranate (boiled),Fruits,,87.2,,1.7,1.2,18.7,4.0,10,0.3,10,West India,Vegetarian,Dessert,Baked,150,0,Synthetic_IFCT_schema,Synthetic_Variant
SYN05881,Pomegranate (raw),Fruits,,82.2,347,1.7,1.2,18.7,4.0,10,0.3,10,Unknown,Vegetarian,Beverage,Steamed,N/A,0,Synthetic_IFCT_schema,Synthetic_Variant
SYN05882,Pomegranate (fried),Fruits,,85.9,347,1.7,1.2,18.7,4.0,10,0.3,10,West India,Vegetarian,Dessert,N/A,100,0,Synthetic_IFCT_schema,Synthetic_Variant
SYN05883,Machher jhol (roasted),Composite Dishes,,150.3,649,17.0,9.0,3.0,0.6,,,,East India,Non-Vegetarian,Dessert,Boiled,100,1,Synthetic_IFCT_schema,Synthetic_Variant
SYN05884,Banana (Cavendish) (boiled),Fruits,Scientific_32,84.0,372,1.1,0.3,23.0,2.6,5,0.3,8,South India,Vegetarian,Dinner,,100,0,Synthetic_IFCT_schema,Synthetic_Variant
SYN05885,Pomegranate (boiled),Fruits,Scientific_80,,347,1.7,1.2,18.7,4.0,10,0.3,10,West India,Vegetarian,lunch,Cooked,200,0,Synthetic_IFCT_schema,Synthetic_Variant
SYN05886,Pomegranate (fried),Fruits,Scientific_45,88.8,347,1.7,1.2,18.7,4.0,10,0.3,,West India,Veg,breakfast,Roasted,N/A,0,Synthetic_IFCT_schema,Synthetic_Variant
SYN05887,Rajma (Kidney beans) (boiled),Pulses and Legumes,,353.5,1448,22.9,1.5,60.6,6.4,260,7.0,4,North India,Vegetarian,Any,N/A,N/A,0,Synthetic_IFCT_schema,Synthetic_Variant
SYN05888,Maize flour (fried),Cereals and Millets,Scientific_7,333.0,1485,8.7,3.6,70.0,2.7,9,2.3,,Pan India,Vegetarian,Main Course,N/A,N/A,0,Synthetic_IFCT_schema,Synthetic_Variant
SYN05889,Maize flour (roasted),Cereals and Millets,Scientific_7,361.0,1485,8.7,3.6,70.0,2.7,9,2.3,,Pan India,Vegetarian,Main Course,N/A,N/A,0,Synthetic_IFCT_schema,Synthetic_Variant
SYN05890,Rajma (Kidney beans) (steamed),Pulses and Legumes,,366.0,1448,22.9,1.5,60.6,6.4,260,7.0,4,North India,Vegetarian,Any,N/A,N/A,0,Synthetic_IFCT_schema,Synthetic_Variant
SYN05891,Pomegranate (boiled),Fruits,,77.8,347,1.7,1.2,18.7,4.0,10,0.3,10,East,Vegetarian,snack,Grilled,100,0,Synthetic_IFCT_schema,Synthetic_Variant
SYN05892,"Tofu, firm (fried)",Pulses and Legumes,,78.5,318,8.0,4.8,1.9,0.3,,,,West India,Vegetarian,Lunch,N/A,100,0,Synthetic_IFCT_schema,Synthetic_Variant
SYN05893,"Tofu, firm (boiled)",Pulses and Legumes,,80.1,318,8.0,4.8,1.9,0.3,,,,West India,Vegetarian,Lunch,N/A,100,0,Synthetic_IFCT_schema,Synthetic_Variant
SYN05894,"Mango, ripe (Alphonso) (boiled)",Fruits,Scientific_31,70.0,293,0.6,0.4,17.0,1.6,10,0.3,36,West India,Vegetarian,Lunch,N/A,N/A,0,Synthetic_IFCT_schema,Synthetic_Variant
SYN05895,Pomegranate (fried),Fruits,,78.2,347,1.7,1.2,18.7,4.0,10,0.3,10,West India,Vegetarian,,Raw,N/A,0,Synthetic_IFCT_schema,Synthetic_Variant
SYN05896,Pomegranate (boiled),Fruits,Scientific_50,83.1,347,1.7,1.2,18.7,4.0,10,0.3,,North India,Veg,Beverage,Steamed,100,0,Synthetic_IFCT_schema,Synthetic_Variant
SYN05897,"Mango, ripe (Alphonso) (raw)",Fruits,Scientific_31,65.7,293,0.6,0.4,17.0,1.6,10,0.3,36,West India,Vegetarian,Lunch,N/A,N/A,0,Synthetic_IFCT_schema,Synthetic_Variant
SYN05898,Okra (Bhindi) (boiled),Vegetables,Scientific_26,31.5,138,2.1,0.2,7.0,2.5,82,0.8,21,Pan India,non-vegetarian,,Fried,150,0,Synthetic_IFCT_schema,Synthetic_Variant
SYN05899,"Chana dal, raw (fried)",Pulses and Legumes,Scientific_12,387.0,1556,20.8,5.6,59.8,,56,4.9,1,North India,Vegetarian,breakfast,Cooked,100,0,Synthetic_IFCT_schema,Synthetic_Variant
SYN05900,Cowpea (Black-eyed pea) (fried),Pulses and Legumes,,308.0,1351,23.4,1.8,54.5,,227,8.6,1,South India,Vegetarian,Lunch,Roasted,200,0,Synthetic_IFCT_schema,Synthetic_Variant
SYN05901,"Coconut, fresh (roasted)",Nuts and Oilseeds,Scientific_30,350.1,1482,3.3,33.5,15.2,9.0,14,1.9,3,South India,Vegetarian,Lunch,,200,0,Synthetic_IFCT_schema,Synthetic_Variant
SYN05902,Semolina (Rava) (roasted),Cereals and Millets,,,1506,10.0,1.0,74.0,,16,4.7,0,Pan India,Veg,breakfast,Steamed,,0,Synthetic_IFCT_schema,Synthetic_Variant
SYN05903,"Soybean, raw (roasted)",Pulses and Legumes,,405.2,1808,36.5,19.9,30.2,9.3,240,,,West India,Vegetarian,Any,Boiled,150,0,Synthetic_IFCT_schema,Synthetic_Variant
SYN05904,"Toor dal, raw (boiled)",Pulses and Legumes,,316.8,,22.3,1.7,57.6,4.2,73,5.6,0,Pan India,Vegetarian,Dessert,Baked,100,0,Synthetic_IFCT_schema,Synthetic_Variant
SYN05905,Pomegranate (boiled),Fruits,Scientific_66,83.9,347,1.7,1.2,18.7,4.0,10,0.3,10,West India,Vegetarian,Dessert,Raw,200,0,Synthetic_IFCT_schema,Synthetic_Variant
SYN05906,Pomegranate (boiled),Fruits,Scientific_78,81.3,347,1.7,1.2,18.7,4.0,10,0.3,10,West India,Vegetarian,,,,0,Synthetic_IFCT_schema,Synthetic_Variant
SYN05907,Pomegranate (raw),Fruits,Scientific_63,81.7,347,1.7,1.2,18.7,4.0,10,0.3,10,West India,Vegetarian,Any,Baked,N/A,0,Synthetic_IFCT_schema,Synthetic_Variant
SYN05908,Avial (steamed),Composite Dishes,,117.5,481,2.8,6.5,12.0,3.0,,,,South India,Vegetarian,lunch,,100,1,Synthetic_IFCT_schema,Synthetic_Variant
SYN05909,Pomegranate (roasted),Fruits,Scientific_67,80.7,347,1.7,1.2,18.7,4.0,10,0.3,10,West India,Non-Vegetarian,lunch,Roasted,200,0,Synthetic_IFCT_schema,Synthetic_Variant
SYN05910,Pomegranate (boiled),Fruits,,77.6,347,1.7,1.2,18.7,4.0,10,0.3,10,West India,Vegetarian,Main Course,,N/A,0,Synthetic_IFCT_schema,Synthetic_Variant
SYN05911,Fenugreek leaves (Methi) (steamed),Vegetables,Scientific_28,50.7,205,4.4,0.9,6.0,1.1,,1.9,52,North India,Vegetarian,Dessert,Boiled,150,0,Synthetic_IFCT_schema,Synthetic_Variant
SYN05912,Pomegranate (fried),Fruits,,78.5,347,1.7,1.2,18.7,4.0,10,0.3,10,West India,Vegetarian,Dessert,Steamed,150,0,Synthetic_IFCT_schema,Synthetic_Variant
SYN05913,"Chana dal, raw (steamed)",Pulses and Legumes,Scientific_12,394.2,1556,20.8,5.6,59.8,,56,4.9,1,North India,Vegetarian,breakfast,Cooked,100,0,Synthetic_IFCT_schema,Synthetic_Variant
SYN05914,"Papaya, ripe (boiled)",Fruits,,40.2,180,0.5,0.1,10.8,1.7,20,0.1,62,South India,Vegetarian,snack,Fried,,0,Synthetic_IFCT_schema,Synthetic_Variant
SYN05915,Pomegranate (steamed),Fruits,Scientific_79,88.0,347,1.7,1.2,18.7,,,0.3,,West India,Vegetarian,lunch,Fried,200,0,Synthetic_IFCT_schema,Synthetic_Variant
SYN05916,Bitter gourd (Karela) (roasted),Vegetables,Scientific_27,17.5,,1.0,0.2,3.4,2.8,20,0.6,84,Pan India,Vegetarian,snack,,,0,Synthetic_IFCT_schema,Synthetic_Variant
SYN05917,Pomegranate (raw),Fruits,Scientific_62,85.6,347,1.7,1.2,18.7,4.0,10,0.3,10,West India,non-vegetarian,snack,Fried,,0,Synthetic_IFCT_schema,Synthetic_Variant
SYN05918,Machher jhol (boiled),Composite Dishes,,157.5,649,17.0,9.0,3.0,0.6,,,,East India,Non-Vegetarian,Dessert,Boiled,100,1,Synthetic_IFCT_schema,Synthetic_Variant
SYN05919,Pomegranate (steamed),Fruits,,86.3,347,1.7,1.2,18.7,4.0,10,0.3,10,West India,Vegetarian,Beverage,Steamed,,0,Synthetic_IFCT_schema,Synthetic_Variant
SYN05920,Amla (Indian gooseberry) (boiled),Fruits,,46.8,184,0.9,0.6,10.2,4.3,50,1.2,600,Western,Vegetarian,breakfast,Roasted,150,0,Synthetic_IFCT_schema,Synthetic_Variant
SYN05921,Litti chokha (raw),Composite Dishes,,297.8,1340,9.0,10.0,50.0,3.5,,,,East India,Vegetarian,Beverage,Fried,100,1,Synthetic_IFCT_schema,Synthetic_Variant
SYN05922,Sabudana (Tapioca pearls) (boiled),Cereals and Millets,,353.1,1469,0.2,0.2,88.7,0.9,,,,West India,Vegetarian,Dinner,Steamed,100,0,Synthetic_IFCT_schema,Synthetic_Variant
SYN05923,Pomegranate (boiled),Fruits,,88.0,347,1.7,1.2,18.7,4.0,10,0.3,10,West India,Vegetarian,Breakfast,N/A,,0,Synthetic_IFCT_schema,Synthetic_Variant
SYN05924,Pomegranate (fried),Fruits,,78.5,347,1.7,1.2,18.7,4.0,10,0.3,10,West India,Vegetarian,breakfast,,100,0,Synthetic_IFCT_schema,Synthetic_Variant
SYN05925,Pomegranate (steamed),Fruits,,81.8,347,1.7,1.2,18.7,4.0,10,0.3,10,West India,Vegetarian,,Raw,N/A,0,Synthetic_IFCT_schema,Synthetic_Variant
SYN05926,"Mango, ripe (Alphonso) (steamed)",Fruits,Scientific_31,71.6,293,0.6,0.4,17.0,1.6,10,0.3,36,West India,Vegetarian,Lunch,N/A,N/A,0,Synthetic_IFCT_schema,Synthetic_Variant
SYN05927,Pomegranate (roasted),Fruits,,86.9,347,1.7,1.2,18.7,4.0,10,0.3,10,West India,non-vegetarian,,Roasted,100,0,Synthetic_IFCT_schema,Synthetic_Variant
SYN05928,Rasam (boiled),Composite Dishes,,30.7,125,1.2,0.8,4.5,,,,,South India,Vegetarian,Beverage,,100,1,Synthetic_IFCT_schema,Synthetic_Variant
SYN05929,"Papaya, ripe (raw)",Fruits,,46.2,180,0.5,0.1,10.8,1.7,20,0.1,62,South India,Vegetarian,snack,Fried,,0,Synthetic_IFCT_schema,Synthetic_Variant
SYN05930,Pomegranate (boiled),Fruits,Scientific_68,86.6,347,1.7,1.2,18.7,4.0,10,0.3,10,Northern,Veg,dinner,Steamed,N/A,0,Synthetic_IFCT_schema,Synthetic_Variant
SYN05931,Pomegranate (fried),Fruits,,87.0,347,1.7,1.2,18.7,4.0,10,0.3,,West India,Vegetarian,Snack,Baked,200,0,Synthetic_IFCT_schema,Synthetic_Variant
SYN05932,Pomegranate (steamed),Fruits,,77.4,347,1.7,1.2,18.7,4.0,10,0.3,10,West India,Vegetarian,Dessert,Steamed,150,0,Synthetic_IFCT_schema,Synthetic_Variant
SYN05933,Avial (roasted),Composite Dishes,,114.9,481,2.8,6.5,12.0,3.0,,,,South India,Vegetarian,lunch,,100,1,Synthetic_IFCT_schema,Synthetic_Variant
SYN05934,Bottle gourd (Lauki) (raw),Vegetables,,13.5,59,0.6,0.1,3.4,0.5,26,0.5,10,Pan India,Vegetarian,Beverage,Fried,150,0,Synthetic_IFCT_schema,Synthetic_Variant
SYN05935,Okra (Bhindi) (roasted),Vegetables,Scientific_26,35.1,138,2.1,0.2,7.0,2.5,82,0.8,21,Pan India,non-vegetarian,,Fried,150,0,Synthetic_IFCT_schema,Synthetic_Variant
SYN05936,Pomegranate (steamed),Fruits,,82.7,347,1.7,1.2,18.7,4.0,,0.3,10,West India,Vegetarian,Main Course,Grilled,,0,Synthetic_IFCT_schema,Synthetic_Variant
SYN05937,"Coconut, fresh (steamed)",Nuts and Oilseeds,Scientific_30,336.5,1482,3.3,33.5,15.2,9.0,14,1.9,3,South India,Vegetarian,Lunch,,200,0,Synthetic_IFCT_schema,Synthetic_Variant
SYN05938,Pomegranate (boiled),Fruits,,,347,1.7,1.2,18.7,4.0,10,0.3,,West India,Vegetarian,breakfast,Fried,,0,Synthetic_IFCT_schema,Synthetic_Variant
SYN05939,Pomegranate (boiled),Fruits,Scientific_59,85.0,347,1.7,1.2,18.7,4.0,10,0.3,10,West India,Vegetarian,Dessert,Steamed,150,0,Synthetic_IFCT_schema,Synthetic_Variant
SYN05940,"Toor dal, raw (boiled)",Pulses and Legumes,,334.4,,22.3,1.7,57.6,4.2,73,5.6,0,Pan India,Vegetarian,Dessert,Baked,100,0,Synthetic_IFCT_schema,Synthetic_Variant
SYN05941,Methi thepla (roasted),Composite Dishes,,305.7,1193,7.5,12.0,38.0,3.0,,,,West India,Vegetarian,Beverage,Boiled,100,1,Synthetic_IFCT_schema,Synthetic_Variant
SYN05942,Pomegranate (raw),Fruits,,81.5,347,1.7,1.2,18.7,4.0,10,0.3,10,West India,Vegetarian,Breakfast,N/A,,0,Synthetic_IFCT_schema,Synthetic_Variant
SYN05943,Pomegranate (roasted),Fruits,Scientific_68,80.9,347,1.7,1.2,18.7,4.0,10,0.3,10,Northern,Veg,dinner,Steamed,N/A,0,Synthetic_IFCT_schema,Synthetic_Variant
SYN05944,Pomegranate (boiled),Fruits,Scientific_71,82.3,347,1.7,1.2,18.7,4.0,10,0.3,10,West India,Vegetarian,Breakfast,Fried,100,0,Synthetic_IFCT_schema,Synthetic_Variant
SYN05945,Pomegranate (steamed),Fruits,Scientific_45,87.8,347,1.7,1.2,18.7,4.0,10,0.3,,West India,Veg,breakfast,Roasted,N/A,0,Synthetic_IFCT_schema,Synthetic_Variant
SYN05946,"Momos, veg (steamed) (fried)",Composite Dishes,,189.7,753,5.5,5.5,28.0,2.0,,,,East India,Vegetarian,lunch,Steamed,100,1,Synthetic_IFCT_schema,Synthetic_Variant
SYN05947,"Papaya, ripe (steamed)",Fruits,,44.9,180,0.5,0.1,10.8,1.7,20,0.1,62,South India,Vegetarian,snack,Fried,,0,Synthetic_IFCT_schema,Synthetic_Variant
SYN05948,Pomegranate (boiled),Fruits,Scientific_71,78.2,347,1.7,1.2,18.7,4.0,10,0.3,10,West India,Vegetarian,Breakfast,Fried,100,0,Synthetic_IFCT_schema,Synthetic_Variant
SYN05949,Pomegranate (steamed),Fruits,,,347,1.7,1.2,18.7,4.0,10,0.3,10,North,Vegetarian,Snack,Roasted,,0,Synthetic_IFCT_schema,Synthetic_Variant
SYN05950,"Cauliflower, raw (boiled)",Vegetables,,24.7,105,1.9,0.4,4.9,2.5,22,0.4,,Western,Non-Veg,Breakfast,Steamed,200,0,Synthetic_IFCT_schema,Synthetic_Variant
SYN05951,Pomegranate (raw),Fruits,Scientific_62,77.1,347,1.7,1.2,18.7,4.0,10,0.3,10,West India,non-vegetarian,snack,Fried,,0,Synthetic_IFCT_schema,Synthetic_Variant
SYN05952,Okra (Bhindi) (roasted),Vegetables,Scientific_26,32.7,138,2.1,0.2,7.0,2.5,82,0.8,21,Pan India,non-vegetarian,,Fried,150,0,Synthetic_IFCT_schema,Synthetic_Variant
SYN05953,Pomegranate (roasted),Fruits,Scientific_40,88.6,347,1.7,1.2,18.7,4.0,10,0.3,10,West India,Vegetarian,Any,Cooked,N/A,0,Synthetic_IFCT_schema,Synthetic_Variant
SYN05954,Okra (Bhindi) (raw),Vegetables,Scientific_26,34.3,138,2.1,0.2,7.0,2.5,82,0.8,21,Pan India,non-vegetarian,,Fried,150,0,Synthetic_IFCT_schema,Synthetic_Variant
SYN05955,Amla (Indian gooseberry) (raw),Fruits,,40.9,184,0.9,0.6,10.2,4.3,50,1.2,600,Western,Vegetarian,breakfast,Roasted,150,0,Synthetic_IFCT_schema,Synthetic_Variant
SYN05956,"Mango, ripe (Alphonso) (boiled)",Fruits,Scientific_31,72.4,293,0.6,0.4,17.0,1.6,10,0.3,36,West India,Vegetarian,Lunch,N/A,N/A,0,Synthetic_IFCT_schema,Synthetic_Variant
SYN05957,Pomegranate (boiled),Fruits,Scientific_80,,347,1.7,1.2,18.7,4.0,10,0.3,10,West India,Vegetarian,lunch,Cooked,200,0,Synthetic_IFCT_schema,Synthetic_Variant
SYN05958,Pomegranate (raw),Fruits,Scientific_65,81.9,347,1.7,1.2,18.7,4.0,10,0.3,10,West India,Vegetarian,Main Course,Baked,N/A,0,Synthetic_IFCT_schema,Synthetic_Variant
SYN05959,Guava (boiled),Fruits,,70.8,285,2.6,1.0,14.3,5.4,18,,228,Maharashtra,Vegetarian,Snack,Baked,N/A,0,Synthetic_IFCT_schema,Synthetic_Variant
SYN05960,"Rice, cooked (boiled)",Cereals and Millets,,125.1,544,2.7,0.3,28.2,,3,0.2,0,Pan India,non-vegetarian,Snack,Baked,100,0,Synthetic_IFCT_schema,Synthetic_Variant
SYN05961,Pomegranate (roasted),Fruits,,84.3,347,1.7,1.2,18.7,4.0,10,0.3,10,West India,Vegetarian,Lunch,Roasted,200,0,Synthetic_IFCT_schema,Synthetic_Variant
SYN05962,Sabudana (Tapioca pearls) (raw),Cereals and Millets,,359.6,1469,0.2,0.2,88.7,0.9,,,,West India,Vegetarian,Dinner,Steamed,100,0,Synthetic_IFCT_schema,Synthetic_Variant
SYN05963,Brinjal (Eggplant) (steamed),Vegetables,,23.2,105,1.4,0.3,5.5,3.4,18,0.3,2,Pan India,Vegetarian,lunch,Steamed,100,0,Synthetic_IFCT_schema,Synthetic_Variant
SYN05964,Sabudana (Tapioca pearls) (raw),Cereals and Millets,,347.8,1469,0.2,0.2,88.7,0.9,,,,West India,Vegetarian,Dinner,Steamed,100,0,Synthetic_IFCT_schema,Synthetic_Variant
SYN05965,Watermelon (raw),Fruits,,29.3,125,0.6,0.2,7.6,0.4,7,,8,Pan India,Vegetarian,Breakfast,,200,0,Synthetic_IFCT_schema,Synthetic_Variant
SYN05966,Bottle gourd (Lauki) (steamed),Vegetables,,15.0,59,0.6,0.1,3.4,0.5,26,0.5,10,Pan India,Vegetarian,Beverage,Fried,150,0,Synthetic_IFCT_schema,Synthetic_Variant
SYN05967,"Momos, veg (steamed) (fried)",Composite Dishes,,185.6,753,5.5,5.5,28.0,2.0,,,,East India,Vegetarian,lunch,Steamed,100,1,Synthetic_IFCT_schema,Synthetic_Variant
SYN05968,Bitter gourd (Karela) (raw),Vegetables,Scientific_27,15.9,,1.0,0.2,3.4,2.8,20,0.6,84,Pan India,Vegetarian,snack,,,0,Synthetic_IFCT_schema,Synthetic_Variant
SYN05969,Pomegranate (raw),Fruits,,88.6,347,1.7,1.2,18.7,4.0,10,0.3,10,West India,Vegetarian,Snack,Grilled,150,0,Synthetic_IFCT_schema,Synthetic_Variant
SYN05970,Pomegranate (fried),Fruits,,76.4,347,1.7,1.2,18.7,4.0,10,0.3,10,West India,Vegetarian,breakfast,,100,0,Synthetic_IFCT_schema,Synthetic_Variant
SYN05971,Guava (roasted),Fruits,,67.2,285,2.6,1.0,14.3,5.4,18,,228,Maharashtra,Vegetarian,Snack,Baked,N/A,0,Synthetic_IFCT_schema,Synthetic_Variant
SYN05972,Pomegranate (roasted),Fruits,,82.4,347,1.7,1.2,18.7,,10,0.3,10,West India,Vegetarian,Dinner,Baked,100,0,Synthetic_IFCT_schema,Synthetic_Variant
SYN05973,Pomegranate (fried),Fruits,Scientific_70,,347,1.7,1.2,18.7,,10,0.3,10,West India,Veg,Main Course,Baked,200,0,Synthetic_IFCT_schema,Synthetic_Variant
SYN05974,Pomegranate (raw),Fruits,,78.9,347,1.7,1.2,18.7,4.0,10,0.3,10,West India,Vegetarian,Main Course,Fried,,0,Synthetic_IFCT_schema,Synthetic_Variant
SYN05975,Oats (boiled),Cereals and Millets,,415.5,1628,16.9,6.9,66.3,,54,4.7,0,North India,Vegetarian,Breakfast,Cooked,100,0,Synthetic_IFCT_schema,Synthetic_Variant
SYN05976,Pomegranate (raw),Fruits,Scientific_61,88.7,347,1.7,1.2,18.7,4.0,10,0.3,,West India,Vegetarian,Dessert,,100,0,Synthetic_IFCT_schema,Synthetic_Variant
SYN05977,Machher jhol (roasted),Composite Dishes,,158.7,649,17.0,9.0,3.0,0.6,,,,East India,Non-Vegetarian,Dessert,Boiled,100,1,Synthetic_IFCT_schema,Synthetic_Variant
SYN05978,Shrikhand (boiled),Milk and Milk Products,,222.6,921,7.0,7.0,33.0,,,,,West India,Vegetarian,Dinner,Cooked,100,0,Synthetic_IFCT_schema,Synthetic_Variant
SYN05979,Pomegranate (roasted),Fruits,Scientific_47,79.7,,1.7,1.2,18.7,4.0,10,0.3,10,West India,Non-Veg,snack,Grilled,200,0,Synthetic_IFCT_schema,Synthetic_Variant
SYN05980,Amla (Indian gooseberry) (raw),Fruits,,44.5,184,0.9,0.6,10.2,4.3,50,1.2,600,Western,Vegetarian,breakfast,Roasted,150,0,Synthetic_IFCT_schema,Synthetic_Variant
SYN05981,"Momos, veg (steamed) (steamed)",Composite Dishes,,168.4,753,5.5,5.5,28.0,2.0,,,,East India,Vegetarian,lunch,Steamed,100,1,Synthetic_IFCT_schema,Synthetic_Variant
SYN05982,"Rice, raw, milled (steamed)",Cereals and Millets,,,1448,6.8,0.5,78.2,0.2,10,0.7,,Pan India,Vegetarian,Breakfast,Baked,,0,Synthetic_IFCT_schema,Synthetic_Variant
SYN05983,Pomegranate (roasted),Fruits,Scientific_62,79.7,347,1.7,1.2,18.7,4.0,10,0.3,10,West India,non-vegetarian,snack,Fried,,0,Synthetic_IFCT_schema,Synthetic_Variant
SYN05984,Pomegranate (fried),Fruits,,85.0,347,1.7,1.2,18.7,4.0,10,0.3,10,West India,Vegetarian,Lunch,Roasted,200,0,Synthetic_IFCT_schema,Synthetic_Variant
SYN05985,Kabuli chana (raw),Pulses and Legumes,,336.5,,20.1,5.3,60.9,7.6,202,4.9,3,North India,Vegetarian,Breakfast,Grilled,N/A,0,Synthetic_IFCT_schema,Synthetic_Variant
SYN05986,Pomegranate (roasted),Fruits,,,347,1.7,1.2,18.7,4.0,,0.3,10,West India,Vegetarian,Main Course,Steamed,200,0,Synthetic_IFCT_schema,Synthetic_Variant
SYN05987,Pomegranate (fried),Fruits,,77.6,347,1.7,1.2,18.7,,10,0.3,10,West India,Vegetarian,Dinner,Baked,100,0,Synthetic_IFCT_schema,Synthetic_Variant
SYN05988,Pomegranate (fried),Fruits,Scientific_68,81.2,347,1.7,1.2,18.7,4.0,10,0.3,10,Northern,Veg,dinner,Steamed,N/A,0,Synthetic_IFCT_schema,Synthetic_Variant
SYN05989,Pomegranate (steamed),Fruits,,82.5,347,1.7,1.2,18.7,4.0,,0.3,10,West India,Vegetarian,breakfast,,,0,Synthetic_IFCT_schema,Synthetic_Variant
SYN05990,Pomegranate (boiled),Fruits,,88.7,347,1.7,1.2,18.7,4.0,10,0.3,10,West India,Vegetarian,Snack,Boiled,N/A,0,Synthetic_IFCT_schema,Synthetic_Variant
SYN05991,Brinjal (Eggplant) (steamed),Vegetables,,26.1,105,1.4,0.3,5.5,3.4,18,0.3,2,Pan India,Vegetarian,lunch,Steamed,100,0,Synthetic_IFCT_schema,Synthetic_Variant
SYN05992,"Wheat flour, whole (raw)",Cereals and Millets,Scientific_2,346.8,1427,11.8,1.5,69.4,1.9,41,4.9,0,North India,Vegetarian,Beverage,Cooked,150,0,Synthetic_IFCT_schema,Synthetic_Variant
SYN05993,"Papaya, ripe (raw)",Fruits,,41.0,180,0.5,0.1,10.8,1.7,20,0.1,62,South India,Vegetarian,snack,Fried,,0,Synthetic_IFCT_schema,Synthetic_Variant
SYN05994,Bamboo shoots (fried),Vegetables,,28.3,113,2.6,0.3,5.2,2.2,,,,East India,Vegetarian,Dinner,Boiled,100,0,Synthetic_IFCT_schema,Synthetic_Variant
SYN05995,"Urad dal, raw (boiled)",Pulses and Legumes,Scientific_15,,1428,25.1,1.4,59.0,1.8,154,4.5,0,South India,Vegetarian,Main Course,Grilled,N/A,0,Synthetic_IFCT_schema,Synthetic_Variant
SYN05996,"Papaya, ripe (boiled)",Fruits,,44.7,180,0.5,0.1,10.8,1.7,20,0.1,62,South India,Vegetarian,snack,Fried,,0,Synthetic_IFCT_schema,Synthetic_Variant
SYN05997,Sattu (roasted gram flour) (boiled),Cereals and Millets,,403.8,1700,22.5,7.0,64.0,1.8,,,,East India,Vegetarian,snack,Grilled,100,0,Synthetic_IFCT_schema,Synthetic_Variant
SYN05998,"Chana dal, raw (fried)",Pulses and Legumes,Scientific_12,377.9,1556,20.8,5.6,59.8,,56,4.9,1,North India,Vegetarian,breakfast,Cooked,100,0,Synthetic_IFCT_schema,Synthetic_Variant
SYN05999,Semolina (Rava) (roasted),Cereals and Millets,,,1506,10.0,1.0,74.0,,16,4.7,0,Pan India,Veg,breakfast,Steamed,,0,Synthetic_IFCT_schema,Synthetic_Variant
